meas,index,voice,loc,tick,sec,dur,rval,dots,sci_pitch,dmark,dlevel,status,d0,d1,bar,section,bpm,grace,damp_down_fl,soft_down_fl,sost_down_fl,even,dyn,tempo,cost,has_stats_fl,even_min,even_max,even_mean,even_std,dyn_min,dyn_max,dyn_mean,dyn_std,tempo_min,tempo_max,tempo_mean,tempo_std,cost_min,cost_max,cost_mean,cost_std
,1,,,0,0.000000,,,,,,,176,64,13,,,,,0,0,0,,,,,,,,,,,,,,,,,,,,,
,2,,,0,0.002604,,,,,,,176,64,12,,,,,0,0,0,,,,,,,,,,,,,,,,,,,,,
,3,,,0,0.044268,,,,,,,176,64,13,,,,,0,0,0,,,,,,,,,,,,,,,,,,,,,
,4,,,0,0.052080,,,,,,,176,64,12,,,,,0,0,0,,,,,,,,,,,,,,,,,,,,,
,5,,,0,0.122388,,,,,,,176,67,26,,,,,0,0,0,,,,,,,,,,,,,,,,,,,,,
,6,,,0,0.132804,,,,,,,176,64,13,,,,,0,0,0,,,,,,,,,,,,,,,,,,,,,
,7,,,0,0.132804,,,,,,,176,67,27,,,,,0,0,0,,,,,,,,,,,,,,,,,,,,,
,8,,,0,0.143220,,,,,,,176,64,12,,,,,0,0,0,,,,,,,,,,,,,,,,,,,,,
,9,,,0,0.143220,,,,,,,176,67,26,,,,,0,0,0,,,,,,,,,,,,,,,,,,,,,
,10,,,0,0.153636,,,,,,,176,67,27,,,,,0,0,0,,,,,,,,,,,,,,,,,,,,,
,11,,,0,0.192696,,,,,,,176,64,13,,,,,0,0,0,,,,,,,,,,,,,,,,,,,,,
,12,,,0,0.203112,,,,,,,176,64,12,,,,,0,0,0,,,,,,,,,,,,,,,,,,,,,
,13,,,0,0.231756,,,,,,,176,67,26,,,,,0,0,0,,,,,,,,,,,,,,,,,,,,,
,14,,,0,0.242172,,,,,,,176,67,27,,,,,0,0,0,,,,,,,,,,,,,,,,,,,,,
,15,,,0,0.263004,,,,,,,176,64,13,,,,,0,0,0,,,,,,,,,,,,,,,,,,,,,
,16,,,0,0.273420,,,,,,,176,64,12,,,,,0,0,0,,,,,,,,,,,,,,,,,,,,,
,17,,,0,0.283836,,,,,,,176,64,13,,,,,0,0,0,,,,,,,,,,,,,,,,,,,,,
,18,,,0,0.294252,,,,,,,176,64,14,,,,,0,0,0,,,,,,,,,,,,,,,,,,,,,
,19,,,0,0.302064,,,,,,,176,64,15,,,,,0,0,0,,,,,,,,,,,,,,,,,,,,,
,20,,,0,0.312480,,,,,,,176,64,16,,,,,0,0,0,,,,,,,,,,,,,,,,,,,,,
,21,,,0,0.354144,,,,,,,176,64,15,,,,,0,0,0,,,,,,,,,,,,,,,,,,,,,
,22,,,0,0.354144,,,,,,,176,67,26,,,,,0,0,0,,,,,,,,,,,,,,,,,,,,,
,23,,,0,0.361956,,,,,,,176,67,23,,,,,0,0,0,,,,,,,,,,,,,,,,,,,,,
,24,,,0,0.372372,,,,,,,176,64,16,,,,,0,0,0,,,,,,,,,,,,,,,,,,,,,
,25,,,0,0.374976,,,,,,,176,67,26,,,,,0,0,0,,,,,,,,,,,,,,,,,,,,,
,26,,,0,0.382788,,,,,,,176,67,25,,,,,0,0,0,,,,,,,,,,,,,,,,,,,,,
,27,,,0,0.393204,,,,,,,176,64,15,,,,,0,0,0,,,,,,,,,,,,,,,,,,,,,
,28,,,0,0.393204,,,,,,,176,67,26,,,,,0,0,0,,,,,,,,,,,,,,,,,,,,,
,29,,,0,0.403620,,,,,,,176,64,16,,,,,0,0,0,,,,,,,,,,,,,,,,,,,,,
,30,,,0,0.403620,,,,,,,176,67,21,,,,,0,0,0,,,,,,,,,,,,,,,,,,,,,
,31,,,0,0.414036,,,,,,,176,64,15,,,,,0,0,0,,,,,,,,,,,,,,,,,,,,,
,32,,,0,0.414036,,,,,,,176,67,20,,,,,0,0,0,,,,,,,,,,,,,,,,,,,,,
,33,,,0,0.432264,,,,,,,176,67,21,,,,,0,0,0,,,,,,,,,,,,,,,,,,,,,
,34,,,0,0.442680,,,,,,,176,67,20,,,,,0,0,0,,,,,,,,,,,,,,,,,,,,,
,35,,,0,0.463512,,,,,,,176,64,13,,,,,0,0,0,,,,,,,,,,,,,,,,,,,,,
,36,,,0,0.502572,,,,,,,176,64,14,,,,,0,0,0,,,,,,,,,,,,,,,,,,,,,
,37,,,0,0.512988,,,,,,,176,64,12,,,,,0,0,0,,,,,,,,,,,,,,,,,,,,,
,38,,,0,0.512988,,,,,,,176,67,21,,,,,0,0,0,,,,,,,,,,,,,,,,,,,,,
,39,,,0,0.523404,,,,,,,176,67,20,,,,,0,0,0,,,,,,,,,,,,,,,,,,,,,
,40,,,0,0.653604,,,,,,,176,64,11,,,,,0,0,0,,,,,,,,,,,,,,,,,,,,,
,41,,,0,0.671832,,,,,,,176,64,8,,,,,0,0,0,,,,,,,,,,,,,,,,,,,,,
,42,,,0,0.682248,,,,,,,176,64,7,,,,,0,0,0,,,,,,,,,,,,,,,,,,,,,
,43,,,0,0.692664,,,,,,,176,64,8,,,,,0,0,0,,,,,,,,,,,,,,,,,,,,,
,44,,,0,0.703080,,,,,,,176,64,7,,,,,0,0,0,,,,,,,,,,,,,,,,,,,,,
,45,,,0,0.713496,,,,,,,176,64,8,,,,,0,0,0,,,,,,,,,,,,,,,,,,,,,
,46,,,0,0.713496,,,,,,,176,67,21,,,,,0,0,0,,,,,,,,,,,,,,,,,,,,,
,47,,,0,0.723912,,,,,,,176,64,7,,,,,0,0,0,,,,,,,,,,,,,,,,,,,,,
,48,,,0,0.723912,,,,,,,176,67,20,,,,,0,0,0,,,,,,,,,,,,,,,,,,,,,
,49,,,0,0.762972,,,,,,,176,64,8,,,,,0,0,0,,,,,,,,,,,,,,,,,,,,,
,50,,,0,0.822864,,,,,,,176,64,7,,,,,0,0,0,,,,,,,,,,,,,,,,,,,,,
,51,,,0,0.833280,,,,,,,176,64,8,,,,,0,0,0,,,,,,,,,,,,,,,,,,,,,
,52,,,0,0.843696,,,,,,,176,67,21,,,,,0,0,0,,,,,,,,,,,,,,,,,,,,,
,53,,,0,0.854112,,,,,,,176,67,20,,,,,0,0,0,,,,,,,,,,,,,,,,,,,,,
,54,,,0,0.861924,,,,,,,176,67,22,,,,,0,0,0,,,,,,,,,,,,,,,,,,,,,
,55,,,0,0.872340,,,,,,,176,64,7,,,,,0,0,0,,,,,,,,,,,,,,,,,,,,,
,56,,,0,0.874944,,,,,,,176,67,21,,,,,0,0,0,,,,,,,,,,,,,,,,,,,,,
,57,,,0,0.882756,,,,,,,176,64,8,,,,,0,0,0,,,,,,,,,,,,,,,,,,,,,
,58,,,0,0.882756,,,,,,,176,67,24,,,,,0,0,0,,,,,,,,,,,,,,,,,,,,,
,59,,,0,0.893172,,,,,,,176,67,23,,,,,0,0,0,,,,,,,,,,,,,,,,,,,,,
,60,,,0,0.903588,,,,,,,176,67,25,,,,,0,0,0,,,,,,,,,,,,,,,,,,,,,
,61,,,0,0.924420,,,,,,,176,64,7,,,,,0,0,0,,,,,,,,,,,,,,,,,,,,,
,62,,,0,0.932232,,,,,,,176,67,24,,,,,0,0,0,,,,,,,,,,,,,,,,,,,,,
,63,,,0,0.942648,,,,,,,176,64,8,,,,,0,0,0,,,,,,,,,,,,,,,,,,,,,
,64,,,0,0.945252,,,,,,,176,67,26,,,,,0,0,0,,,,,,,,,,,,,,,,,,,,,
,65,,,0,0.953064,,,,,,,176,67,24,,,,,0,0,0,,,,,,,,,,,,,,,,,,,,,
,66,,,0,0.963480,,,,,,,176,67,25,,,,,0,0,0,,,,,,,,,,,,,,,,,,,,,
,67,,,0,0.973896,,,,,,,176,67,24,,,,,0,0,0,,,,,,,,,,,,,,,,,,,,,
,68,,,0,0.984312,,,,,,,176,67,26,,,,,0,0,0,,,,,,,,,,,,,,,,,,,,,
,69,,,0,0.992124,,,,,,,176,67,25,,,,,0,0,0,,,,,,,,,,,,,,,,,,,,,
,70,,,0,1.005144,,,,,,,176,64,7,,,,,0,0,0,,,,,,,,,,,,,,,,,,,,,
,71,,,0,1.012956,,,,,,,176,64,8,,,,,0,0,0,,,,,,,,,,,,,,,,,,,,,
,72,,,0,1.012956,,,,,,,176,67,26,,,,,0,0,0,,,,,,,,,,,,,,,,,,,,,
,73,,,0,1.023372,,,,,,,176,64,7,,,,,0,0,0,,,,,,,,,,,,,,,,,,,,,
,74,,,0,1.023372,,,,,,,176,67,25,,,,,0,0,0,,,,,,,,,,,,,,,,,,,,,
,75,,,0,1.044204,,,,,,,176,64,8,,,,,0,0,0,,,,,,,,,,,,,,,,,,,,,
,76,,,0,1.044204,,,,,,,176,67,24,,,,,0,0,0,,,,,,,,,,,,,,,,,,,,,
,77,,,0,1.052016,,,,,,,176,64,7,,,,,0,0,0,,,,,,,,,,,,,,,,,,,,,
,78,,,0,1.054620,,,,,,,176,67,26,,,,,0,0,0,,,,,,,,,,,,,,,,,,,,,
,79,,,0,1.062432,,,,,,,176,64,8,,,,,0,0,0,,,,,,,,,,,,,,,,,,,,,
,80,,,0,1.065036,,,,,,,176,67,24,,,,,0,0,0,,,,,,,,,,,,,,,,,,,,,
,81,,,0,1.072848,,,,,,,176,64,7,,,,,0,0,0,,,,,,,,,,,,,,,,,,,,,
,82,,,0,1.075452,,,,,,,176,67,25,,,,,0,0,0,,,,,,,,,,,,,,,,,,,,,
,83,,,0,1.093680,,,,,,,176,64,8,,,,,0,0,0,,,,,,,,,,,,,,,,,,,,,
,84,,,0,1.093680,,,,,,,176,67,26,,,,,0,0,0,,,,,,,,,,,,,,,,,,,,,
,85,,,0,1.104096,,,,,,,176,67,25,,,,,0,0,0,,,,,,,,,,,,,,,,,,,,,
,86,,,0,1.122324,,,,,,,176,67,26,,,,,0,0,0,,,,,,,,,,,,,,,,,,,,,
,87,,,0,1.132740,,,,,,,176,67,25,,,,,0,0,0,,,,,,,,,,,,,,,,,,,,,
,88,,,0,1.153572,,,,,,,176,67,24,,,,,0,0,0,,,,,,,,,,,,,,,,,,,,,
,89,,,0,1.163988,,,,,,,176,67,25,,,,,0,0,0,,,,,,,,,,,,,,,,,,,,,
,90,,,0,1.182216,,,,,,,176,64,7,,,,,0,0,0,,,,,,,,,,,,,,,,,,,,,
,91,,,0,1.184820,,,,,,,176,67,26,,,,,0,0,0,,,,,,,,,,,,,,,,,,,,,
,92,,,0,1.192632,,,,,,,176,67,24,,,,,0,0,0,,,,,,,,,,,,,,,,,,,,,
,93,,,0,1.203048,,,,,,,176,64,8,,,,,0,0,0,,,,,,,,,,,,,,,,,,,,,
,94,,,0,1.203048,,,,,,,176,67,26,,,,,0,0,0,,,,,,,,,,,,,,,,,,,,,
,95,,,0,1.213464,,,,,,,176,64,7,,,,,0,0,0,,,,,,,,,,,,,,,,,,,,,
,96,,,0,1.213464,,,,,,,176,67,25,,,,,0,0,0,,,,,,,,,,,,,,,,,,,,,
,97,,,0,1.223880,,,,,,,176,64,8,,,,,0,0,0,,,,,,,,,,,,,,,,,,,,,
,98,,,0,1.223880,,,,,,,176,67,26,,,,,0,0,0,,,,,,,,,,,,,,,,,,,,,
,99,,,0,1.231692,,,,,,,176,64,7,,,,,0,0,0,,,,,,,,,,,,,,,,,,,,,
,100,,,0,1.242108,,,,,,,176,64,8,,,,,0,0,0,,,,,,,,,,,,,,,,,,,,,
,101,,,0,1.244712,,,,,,,176,67,25,,,,,0,0,0,,,,,,,,,,,,,,,,,,,,,
,102,,,0,1.262940,,,,,,,176,64,7,,,,,0,0,0,,,,,,,,,,,,,,,,,,,,,
,103,,,0,1.273356,,,,,,,176,67,26,,,,,0,0,0,,,,,,,,,,,,,,,,,,,,,
,104,,,0,1.283772,,,,,,,176,64,8,,,,,0,0,0,,,,,,,,,,,,,,,,,,,,,
,105,,,0,1.283772,,,,,,,176,67,27,,,,,0,0,0,,,,,,,,,,,,,,,,,,,,,
,106,,,0,1.294188,,,,,,,176,67,26,,,,,0,0,0,,,,,,,,,,,,,,,,,,,,,
,107,,,0,1.302000,,,,,,,176,67,27,,,,,0,0,0,,,,,,,,,,,,,,,,,,,,,
,108,,,0,1.312416,,,,,,,176,67,26,,,,,0,0,0,,,,,,,,,,,,,,,,,,,,,
,109,,,0,1.333248,,,,,,,176,64,7,,,,,0,0,0,,,,,,,,,,,,,,,,,,,,,
,110,,,0,1.333248,,,,,,,176,67,27,,,,,0,0,0,,,,,,,,,,,,,,,,,,,,,
,111,,,0,1.343664,,,,,,,176,64,8,,,,,0,0,0,,,,,,,,,,,,,,,,,,,,,
,112,,,0,1.354080,,,,,,,176,64,10,,,,,0,0,0,,,,,,,,,,,,,,,,,,,,,
,113,,,0,1.361892,,,,,,,176,64,8,,,,,0,0,0,,,,,,,,,,,,,,,,,,,,,
,114,,,0,1.372308,,,,,,,176,64,10,,,,,0,0,0,,,,,,,,,,,,,,,,,,,,,
,115,,,0,1.382724,,,,,,,176,64,8,,,,,0,0,0,,,,,,,,,,,,,,,,,,,,,
,116,,,0,1.393140,,,,,,,176,64,9,,,,,0,0,0,,,,,,,,,,,,,,,,,,,,,
,117,,,0,1.403556,,,,,,,176,64,8,,,,,0,0,0,,,,,,,,,,,,,,,,,,,,,
,118,,,0,1.413972,,,,,,,176,64,9,,,,,0,0,0,,,,,,,,,,,,,,,,,,,,,
,119,,,0,1.413972,,,,,,,176,67,26,,,,,0,0,0,,,,,,,,,,,,,,,,,,,,,
,120,,,0,1.421784,,,,,,,176,64,10,,,,,0,0,0,,,,,,,,,,,,,,,,,,,,,
,121,,,0,1.424388,,,,,,,176,67,27,,,,,0,0,0,,,,,,,,,,,,,,,,,,,,,
,122,,,0,1.432200,,,,,,,176,64,8,,,,,0,0,0,,,,,,,,,,,,,,,,,,,,,
,123,,,0,1.442616,,,,,,,176,64,10,,,,,0,0,0,,,,,,,,,,,,,,,,,,,,,
,124,,,0,1.453032,,,,,,,176,64,8,,,,,0,0,0,,,,,,,,,,,,,,,,,,,,,
,125,,,0,1.463448,,,,,,,176,64,9,,,,,0,0,0,,,,,,,,,,,,,,,,,,,,,
,126,,,0,1.473864,,,,,,,176,64,8,,,,,0,0,0,,,,,,,,,,,,,,,,,,,,,
,127,,,0,1.481676,,,,,,,176,64,10,,,,,0,0,0,,,,,,,,,,,,,,,,,,,,,
,128,,,0,1.492092,,,,,,,176,64,8,,,,,0,0,0,,,,,,,,,,,,,,,,,,,,,
,129,,,0,1.502508,,,,,,,176,64,10,,,,,0,0,0,,,,,,,,,,,,,,,,,,,,,
,130,,,0,1.512924,,,,,,,176,64,8,,,,,0,0,0,,,,,,,,,,,,,,,,,,,,,
,131,,,0,1.523340,,,,,,,176,64,9,,,,,0,0,0,,,,,,,,,,,,,,,,,,,,,
,132,,,0,1.544172,,,,,,,176,64,8,,,,,0,0,0,,,,,,,,,,,,,,,,,,,,,
,133,,,0,1.551984,,,,,,,176,64,9,,,,,0,0,0,,,,,,,,,,,,,,,,,,,,,
,134,,,0,1.583232,,,,,,,176,64,8,,,,,0,0,0,,,,,,,,,,,,,,,,,,,,,
,135,,,0,1.611876,,,,,,,176,64,10,,,,,0,0,0,,,,,,,,,,,,,,,,,,,,,
,136,,,0,1.622292,,,,,,,176,64,8,,,,,0,0,0,,,,,,,,,,,,,,,,,,,,,
,137,,,0,1.632708,,,,,,,176,64,9,,,,,0,0,0,,,,,,,,,,,,,,,,,,,,,
,138,,,0,1.643124,,,,,,,176,64,10,,,,,0,0,0,,,,,,,,,,,,,,,,,,,,,
,139,,,0,1.653540,,,,,,,176,64,11,,,,,0,0,0,,,,,,,,,,,,,,,,,,,,,
,140,,,0,1.663956,,,,,,,176,64,8,,,,,0,0,0,,,,,,,,,,,,,,,,,,,,,
,141,,,0,1.703016,,,,,,,176,64,9,,,,,0,0,0,,,,,,,,,,,,,,,,,,,,,
,142,,,0,1.713432,,,,,,,176,64,8,,,,,0,0,0,,,,,,,,,,,,,,,,,,,,,
,143,,,0,1.723848,,,,,,,176,64,11,,,,,0,0,0,,,,,,,,,,,,,,,,,,,,,
,144,,,0,1.731660,,,,,,,176,64,8,,,,,0,0,0,,,,,,,,,,,,,,,,,,,,,
,145,,,0,1.742076,,,,,,,176,64,10,,,,,0,0,0,,,,,,,,,,,,,,,,,,,,,
,146,,,0,1.752492,,,,,,,176,64,9,,,,,0,0,0,,,,,,,,,,,,,,,,,,,,,
,147,,,0,1.783740,,,,,,,176,64,8,,,,,0,0,0,,,,,,,,,,,,,,,,,,,,,
,148,,,0,1.794156,,,,,,,176,64,9,,,,,0,0,0,,,,,,,,,,,,,,,,,,,,,
,149,,,0,1.801968,,,,,,,176,64,8,,,,,0,0,0,,,,,,,,,,,,,,,,,,,,,
,150,,,0,1.812384,,,,,,,176,64,9,,,,,0,0,0,,,,,,,,,,,,,,,,,,,,,
,151,,,0,1.822800,,,,,,,176,64,8,,,,,0,0,0,,,,,,,,,,,,,,,,,,,,,
,152,,,0,1.833216,,,,,,,176,64,10,,,,,0,0,0,,,,,,,,,,,,,,,,,,,,,
,153,,,0,1.843632,,,,,,,176,64,8,,,,,0,0,0,,,,,,,,,,,,,,,,,,,,,
,154,,,0,1.854048,,,,,,,176,64,11,,,,,0,0,0,,,,,,,,,,,,,,,,,,,,,
,155,,,0,1.854048,,,,,,,176,67,26,,,,,0,0,0,,,,,,,,,,,,,,,,,,,,,
,156,,,0,1.861860,,,,,,,176,64,8,,,,,0,0,0,,,,,,,,,,,,,,,,,,,,,
,157,,,0,1.872276,,,,,,,176,64,10,,,,,0,0,0,,,,,,,,,,,,,,,,,,,,,
,158,,,0,1.874880,,,,,,,176,67,25,,,,,0,0,0,,,,,,,,,,,,,,,,,,,,,
,159,,,0,1.882692,,,,,,,176,64,8,,,,,0,0,0,,,,,,,,,,,,,,,,,,,,,
,160,,,0,1.882692,,,,,,,176,67,26,,,,,0,0,0,,,,,,,,,,,,,,,,,,,,,
,161,,,0,1.893108,,,,,,,176,64,10,,,,,0,0,0,,,,,,,,,,,,,,,,,,,,,
,162,,,0,1.893108,,,,,,,176,67,23,,,,,0,0,0,,,,,,,,,,,,,,,,,,,,,
,163,,,0,1.903524,,,,,,,176,64,8,,,,,0,0,0,,,,,,,,,,,,,,,,,,,,,
,164,,,0,1.903524,,,,,,,176,67,20,,,,,0,0,0,,,,,,,,,,,,,,,,,,,,,
,165,,,0,1.921752,,,,,,,176,64,10,,,,,0,0,0,,,,,,,,,,,,,,,,,,,,,
,166,,,0,1.932168,,,,,,,176,64,8,,,,,0,0,0,,,,,,,,,,,,,,,,,,,,,
,167,,,0,1.942584,,,,,,,176,64,9,,,,,0,0,0,,,,,,,,,,,,,,,,,,,,,
,168,,,0,1.953000,,,,,,,176,64,8,,,,,0,0,0,,,,,,,,,,,,,,,,,,,,,
,169,,,0,1.963416,,,,,,,176,64,10,,,,,0,0,0,,,,,,,,,,,,,,,,,,,,,
,170,,,0,1.973832,,,,,,,176,64,8,,,,,0,0,0,,,,,,,,,,,,,,,,,,,,,
,171,,,0,2.002476,,,,,,,176,64,9,,,,,0,0,0,,,,,,,,,,,,,,,,,,,,,
,172,,,0,2.041536,,,,,,,176,64,8,,,,,0,0,0,,,,,,,,,,,,,,,,,,,,,
,173,,,0,2.051952,,,,,,,176,64,9,,,,,0,0,0,,,,,,,,,,,,,,,,,,,,,
,174,,,0,2.064972,,,,,,,176,64,8,,,,,0,0,0,,,,,,,,,,,,,,,,,,,,,
,175,,,0,2.093616,,,,,,,176,64,9,,,,,0,0,0,,,,,,,,,,,,,,,,,,,,,
,176,,,0,2.104032,,,,,,,176,64,8,,,,,0,0,0,,,,,,,,,,,,,,,,,,,,,
,177,,,0,2.111844,,,,,,,176,64,9,,,,,0,0,0,,,,,,,,,,,,,,,,,,,,,
,178,,,0,2.122260,,,,,,,176,64,8,,,,,0,0,0,,,,,,,,,,,,,,,,,,,,,
,179,,,0,2.163924,,,,,,,176,64,10,,,,,0,0,0,,,,,,,,,,,,,,,,,,,,,
,180,,,0,2.171736,,,,,,,176,64,8,,,,,0,0,0,,,,,,,,,,,,,,,,,,,,,
,181,,,0,2.192568,,,,,,,176,64,7,,,,,0,0,0,,,,,,,,,,,,,,,,,,,,,
,182,,,0,2.202984,,,,,,,176,64,8,,,,,0,0,0,,,,,,,,,,,,,,,,,,,,,
,183,,,0,2.223816,,,,,,,176,64,9,,,,,0,0,0,,,,,,,,,,,,,,,,,,,,,
,184,,,0,2.234232,,,,,,,176,64,7,,,,,0,0,0,,,,,,,,,,,,,,,,,,,,,
,185,,,0,2.244648,,,,,,,176,64,8,,,,,0,0,0,,,,,,,,,,,,,,,,,,,,,
,186,,,0,2.262876,,,,,,,176,64,7,,,,,0,0,0,,,,,,,,,,,,,,,,,,,,,
,187,,,0,2.268084,,,,,,,176,67,23,,,,,0,0,0,,,,,,,,,,,,,,,,,,,,,
,188,,,0,2.273292,,,,,,,176,64,8,,,,,0,0,0,,,,,,,,,,,,,,,,,,,,,
,189,,,0,2.273292,,,,,,,176,67,26,,,,,0,0,0,,,,,,,,,,,,,,,,,,,,,
,190,,,0,2.283708,,,,,,,176,67,25,,,,,0,0,0,,,,,,,,,,,,,,,,,,,,,
,191,,,0,2.312352,,,,,,,176,64,9,,,,,0,0,0,,,,,,,,,,,,,,,,,,,,,
,192,,,0,2.322768,,,,,,,176,64,8,,,,,0,0,0,,,,,,,,,,,,,,,,,,,,,
,193,,,0,2.333184,,,,,,,176,67,24,,,,,0,0,0,,,,,,,,,,,,,,,,,,,,,
,194,,,0,2.343600,,,,,,,176,64,7,,,,,0,0,0,,,,,,,,,,,,,,,,,,,,,
,195,,,0,2.346204,,,,,,,176,67,25,,,,,0,0,0,,,,,,,,,,,,,,,,,,,,,
,196,,,0,2.354016,,,,,,,176,64,9,,,,,0,0,0,,,,,,,,,,,,,,,,,,,,,
,197,,,0,2.354016,,,,,,,176,67,24,,,,,0,0,0,,,,,,,,,,,,,,,,,,,,,
,198,,,0,2.361828,,,,,,,176,64,8,,,,,0,0,0,,,,,,,,,,,,,,,,,,,,,
,199,,,0,2.364432,,,,,,,176,67,26,,,,,0,0,0,,,,,,,,,,,,,,,,,,,,,
,200,,,0,2.372244,,,,,,,176,67,24,,,,,0,0,0,,,,,,,,,,,,,,,,,,,,,
,201,,,0,2.382660,,,,,,,176,67,26,,,,,0,0,0,,,,,,,,,,,,,,,,,,,,,
,202,,,0,2.393076,,,,,,,176,67,25,,,,,0,0,0,,,,,,,,,,,,,,,,,,,,,
,203,,,0,2.421720,,,,,,,176,64,9,,,,,0,0,0,,,,,,,,,,,,,,,,,,,,,
,204,,,0,2.424324,,,,,,,176,67,26,,,,,0,0,0,,,,,,,,,,,,,,,,,,,,,
,205,,,0,2.434740,,,,,,,176,64,8,,,,,0,0,0,,,,,,,,,,,,,,,,,,,,,
,206,,,0,2.437344,,,,,,,176,67,27,,,,,0,0,0,,,,,,,,,,,,,,,,,,,,,
,207,,,0,2.442552,,,,,,,176,64,9,,,,,0,0,0,,,,,,,,,,,,,,,,,,,,,
,208,,,0,2.452968,,,,,,,176,64,8,,,,,0,0,0,,,,,,,,,,,,,,,,,,,,,
,209,,,0,2.463384,,,,,,,176,64,10,,,,,0,0,0,,,,,,,,,,,,,,,,,,,,,
,210,,,0,2.473800,,,,,,,176,64,8,,,,,0,0,0,,,,,,,,,,,,,,,,,,,,,
,211,,,0,2.492028,,,,,,,176,64,10,,,,,0,0,0,,,,,,,,,,,,,,,,,,,,,
,212,,,0,2.502444,,,,,,,176,64,8,,,,,0,0,0,,,,,,,,,,,,,,,,,,,,,
,213,,,0,2.533692,,,,,,,176,67,26,,,,,0,0,0,,,,,,,,,,,,,,,,,,,,,
,214,,,0,2.541504,,,,,,,176,64,7,,,,,0,0,0,,,,,,,,,,,,,,,,,,,,,
,215,,,0,2.544108,,,,,,,176,67,27,,,,,0,0,0,,,,,,,,,,,,,,,,,,,,,
,216,,,0,2.551920,,,,,,,176,64,9,,,,,0,0,0,,,,,,,,,,,,,,,,,,,,,
,217,,,0,2.562336,,,,,,,176,64,8,,,,,0,0,0,,,,,,,,,,,,,,,,,,,,,
,218,,,0,2.572752,,,,,,,176,64,9,,,,,0,0,0,,,,,,,,,,,,,,,,,,,,,
,219,,,0,2.583168,,,,,,,176,64,8,,,,,0,0,0,,,,,,,,,,,,,,,,,,,,,
,220,,,0,2.604000,,,,,,,176,67,26,,,,,0,0,0,,,,,,,,,,,,,,,,,,,,,
,221,,,0,2.611812,,,,,,,176,67,27,,,,,0,0,0,,,,,,,,,,,,,,,,,,,,,
,222,,,0,2.622228,,,,,,,176,64,9,,,,,0,0,0,,,,,,,,,,,,,,,,,,,,,
,223,,,0,2.632644,,,,,,,176,64,8,,,,,0,0,0,,,,,,,,,,,,,,,,,,,,,
,224,,,0,2.643060,,,,,,,176,64,9,,,,,0,0,0,,,,,,,,,,,,,,,,,,,,,
,225,,,0,2.653476,,,,,,,176,64,8,,,,,0,0,0,,,,,,,,,,,,,,,,,,,,,
,226,,,0,2.663892,,,,,,,176,64,10,,,,,0,0,0,,,,,,,,,,,,,,,,,,,,,
,227,,,0,2.671704,,,,,,,176,64,8,,,,,0,0,0,,,,,,,,,,,,,,,,,,,,,
,228,,,0,2.682120,,,,,,,176,64,9,,,,,0,0,0,,,,,,,,,,,,,,,,,,,,,
,229,,,0,2.692536,,,,,,,176,64,8,,,,,0,0,0,,,,,,,,,,,,,,,,,,,,,
,230,,,0,2.702952,,,,,,,176,64,7,,,,,0,0,0,,,,,,,,,,,,,,,,,,,,,
,231,,,0,2.713368,,,,,,,176,64,8,,,,,0,0,0,,,,,,,,,,,,,,,,,,,,,
,232,,,0,2.713368,,,,,,,176,67,26,,,,,0,0,0,,,,,,,,,,,,,,,,,,,,,
,233,,,0,2.723784,,,,,,,176,64,9,,,,,0,0,0,,,,,,,,,,,,,,,,,,,,,
,234,,,0,2.723784,,,,,,,176,67,27,,,,,0,0,0,,,,,,,,,,,,,,,,,,,,,
,235,,,0,2.731596,,,,,,,176,64,8,,,,,0,0,0,,,,,,,,,,,,,,,,,,,,,
,236,,,0,2.734200,,,,,,,176,67,26,,,,,0,0,0,,,,,,,,,,,,,,,,,,,,,
,237,,,0,2.742012,,,,,,,176,64,7,,,,,0,0,0,,,,,,,,,,,,,,,,,,,,,
,238,,,0,2.752428,,,,,,,176,64,9,,,,,0,0,0,,,,,,,,,,,,,,,,,,,,,
,239,,,0,2.762844,,,,,,,176,64,8,,,,,0,0,0,,,,,,,,,,,,,,,,,,,,,
,240,,,0,2.762844,,,,,,,176,67,25,,,,,0,0,0,,,,,,,,,,,,,,,,,,,,,
,241,,,0,2.801904,,,,,,,176,64,7,,,,,0,0,0,,,,,,,,,,,,,,,,,,,,,
,242,,,0,2.804508,,,,,,,176,67,26,,,,,0,0,0,,,,,,,,,,,,,,,,,,,,,
,243,,,0,2.814924,,,,,,,176,64,9,,,,,0,0,0,,,,,,,,,,,,,,,,,,,,,
,244,,,0,2.814924,,,,,,,176,67,24,,,,,0,0,0,,,,,,,,,,,,,,,,,,,,,
,245,,,0,2.822736,,,,,,,176,64,8,,,,,0,0,0,,,,,,,,,,,,,,,,,,,,,
,246,,,0,2.822736,,,,,,,176,67,26,,,,,0,0,0,,,,,,,,,,,,,,,,,,,,,
,247,,,0,2.833152,,,,,,,176,67,23,,,,,0,0,0,,,,,,,,,,,,,,,,,,,,,
,248,,,0,2.843568,,,,,,,176,67,25,,,,,0,0,0,,,,,,,,,,,,,,,,,,,,,
,249,,,0,2.853984,,,,,,,176,67,24,,,,,0,0,0,,,,,,,,,,,,,,,,,,,,,
,250,,,0,2.864400,,,,,,,176,64,7,,,,,0,0,0,,,,,,,,,,,,,,,,,,,,,
,251,,,0,2.864400,,,,,,,176,67,25,,,,,0,0,0,,,,,,,,,,,,,,,,,,,,,
,252,,,0,2.882628,,,,,,,176,64,8,,,,,0,0,0,,,,,,,,,,,,,,,,,,,,,
,253,,,0,2.893044,,,,,,,176,64,7,,,,,0,0,0,,,,,,,,,,,,,,,,,,,,,
,254,,,0,2.903460,,,,,,,176,64,8,,,,,0,0,0,,,,,,,,,,,,,,,,,,,,,
,255,,,0,2.913876,,,,,,,176,67,26,,,,,0,0,0,,,,,,,,,,,,,,,,,,,,,
,256,,,0,2.921688,,,,,,,176,64,7,,,,,0,0,0,,,,,,,,,,,,,,,,,,,,,
,257,,,0,2.924292,,,,,,,176,67,24,,,,,0,0,0,,,,,,,,,,,,,,,,,,,,,
,258,,,0,2.932104,,,,,,,176,64,8,,,,,0,0,0,,,,,,,,,,,,,,,,,,,,,
,259,,,0,2.934708,,,,,,,176,67,25,,,,,0,0,0,,,,,,,,,,,,,,,,,,,,,
,260,,,0,2.942520,,,,,,,176,67,23,,,,,0,0,0,,,,,,,,,,,,,,,,,,,,,
,261,,,0,2.952936,,,,,,,176,64,7,,,,,0,0,0,,,,,,,,,,,,,,,,,,,,,
,262,,,0,2.952936,,,,,,,176,67,26,,,,,0,0,0,,,,,,,,,,,,,,,,,,,,,
,263,,,0,2.963352,,,,,,,176,67,23,,,,,0,0,0,,,,,,,,,,,,,,,,,,,,,
,264,,,0,2.973768,,,,,,,176,67,25,,,,,0,0,0,,,,,,,,,,,,,,,,,,,,,
,265,,,0,2.981580,,,,,,,176,64,8,,,,,0,0,0,,,,,,,,,,,,,,,,,,,,,
,266,,,0,2.984184,,,,,,,176,67,24,,,,,0,0,0,,,,,,,,,,,,,,,,,,,,,
,267,,,0,2.991996,,,,,,,176,67,25,,,,,0,0,0,,,,,,,,,,,,,,,,,,,,,
,268,,,0,3.002412,,,,,,,176,64,7,,,,,0,0,0,,,,,,,,,,,,,,,,,,,,,
,269,,,0,3.005016,,,,,,,176,67,26,,,,,0,0,0,,,,,,,,,,,,,,,,,,,,,
,270,,,0,3.012828,,,,,,,176,67,25,,,,,0,0,0,,,,,,,,,,,,,,,,,,,,,
,271,,,0,3.023244,,,,,,,176,64,8,,,,,0,0,0,,,,,,,,,,,,,,,,,,,,,
,272,,,0,3.023244,,,,,,,176,67,26,,,,,0,0,0,,,,,,,,,,,,,,,,,,,,,
,273,,,0,3.033660,,,,,,,176,64,7,,,,,0,0,0,,,,,,,,,,,,,,,,,,,,,
,274,,,0,3.033660,,,,,,,176,67,24,,,,,0,0,0,,,,,,,,,,,,,,,,,,,,,
,275,,,0,3.044076,,,,,,,176,64,8,,,,,0,0,0,,,,,,,,,,,,,,,,,,,,,
,276,,,0,3.044076,,,,,,,176,67,26,,,,,0,0,0,,,,,,,,,,,,,,,,,,,,,
,277,,,0,3.051888,,,,,,,176,67,24,,,,,0,0,0,,,,,,,,,,,,,,,,,,,,,
,278,,,0,3.062304,,,,,,,176,64,7,,,,,0,0,0,,,,,,,,,,,,,,,,,,,,,
,279,,,0,3.064908,,,,,,,176,67,25,,,,,0,0,0,,,,,,,,,,,,,,,,,,,,,
,280,,,0,3.072720,,,,,,,176,64,8,,,,,0,0,0,,,,,,,,,,,,,,,,,,,,,
,281,,,0,3.072720,,,,,,,176,67,23,,,,,0,0,0,,,,,,,,,,,,,,,,,,,,,
,282,,,0,3.083136,,,,,,,176,67,26,,,,,0,0,0,,,,,,,,,,,,,,,,,,,,,
,283,,,0,3.093552,,,,,,,176,64,7,,,,,0,0,0,,,,,,,,,,,,,,,,,,,,,
,284,,,0,3.093552,,,,,,,176,67,24,,,,,0,0,0,,,,,,,,,,,,,,,,,,,,,
,285,,,0,3.103968,,,,,,,176,64,8,,,,,0,0,0,,,,,,,,,,,,,,,,,,,,,
,286,,,0,3.111780,,,,,,,176,67,25,,,,,0,0,0,,,,,,,,,,,,,,,,,,,,,
,287,,,0,3.143028,,,,,,,176,67,24,,,,,0,0,0,,,,,,,,,,,,,,,,,,,,,
,288,,,0,3.153444,,,,,,,176,67,25,,,,,0,0,0,,,,,,,,,,,,,,,,,,,,,
,289,,,0,3.163860,,,,,,,176,67,24,,,,,0,0,0,,,,,,,,,,,,,,,,,,,,,
,290,,,0,3.171672,,,,,,,176,67,25,,,,,0,0,0,,,,,,,,,,,,,,,,,,,,,
,291,,,0,3.182088,,,,,,,176,67,26,,,,,0,0,0,,,,,,,,,,,,,,,,,,,,,
,292,,,0,3.202920,,,,,,,176,67,27,,,,,0,0,0,,,,,,,,,,,,,,,,,,,,,
,293,,,0,3.231564,,,,,,,176,64,7,,,,,0,0,0,,,,,,,,,,,,,,,,,,,,,
,294,,,0,3.234168,,,,,,,176,67,26,,,,,0,0,0,,,,,,,,,,,,,,,,,,,,,
,295,,,0,3.241980,,,,,,,176,64,8,,,,,0,0,0,,,,,,,,,,,,,,,,,,,,,
,296,,,0,3.244584,,,,,,,176,67,27,,,,,0,0,0,,,,,,,,,,,,,,,,,,,,,
,297,,,0,3.262812,,,,,,,176,64,7,,,,,0,0,0,,,,,,,,,,,,,,,,,,,,,
,298,,,0,3.283644,,,,,,,176,64,8,,,,,0,0,0,,,,,,,,,,,,,,,,,,,,,
,299,,,0,3.343536,,,,,,,176,64,7,,,,,0,0,0,,,,,,,,,,,,,,,,,,,,,
,300,,,0,3.343536,,,,,,,176,67,26,,,,,0,0,0,,,,,,,,,,,,,,,,,,,,,
,301,,,0,3.353952,,,,,,,176,64,8,,,,,0,0,0,,,,,,,,,,,,,,,,,,,,,
,302,,,0,3.353952,,,,,,,176,67,27,,,,,0,0,0,,,,,,,,,,,,,,,,,,,,,
,303,,,0,3.403428,,,,,,,176,64,7,,,,,0,0,0,,,,,,,,,,,,,,,,,,,,,
,304,,,0,3.413844,,,,,,,176,64,8,,,,,0,0,0,,,,,,,,,,,,,,,,,,,,,
,305,,,0,3.432072,,,,,,,176,64,7,,,,,0,0,0,,,,,,,,,,,,,,,,,,,,,
,306,,,0,3.442488,,,,,,,176,64,8,,,,,0,0,0,,,,,,,,,,,,,,,,,,,,,
,307,,,0,3.463320,,,,,,,176,64,7,,,,,0,0,0,,,,,,,,,,,,,,,,,,,,,
,308,,,0,3.473736,,,,,,,176,64,8,,,,,0,0,0,,,,,,,,,,,,,,,,,,,,,
,309,,,0,3.473736,,,,,,,176,67,25,,,,,0,0,0,,,,,,,,,,,,,,,,,,,,,
,310,,,0,3.481548,,,,,,,176,64,7,,,,,0,0,0,,,,,,,,,,,,,,,,,,,,,
,311,,,0,3.484152,,,,,,,176,67,20,,,,,0,0,0,,,,,,,,,,,,,,,,,,,,,
,312,,,0,3.491964,,,,,,,176,64,8,,,,,0,0,0,,,,,,,,,,,,,,,,,,,,,
,313,,,0,3.551856,,,,,,,176,64,7,,,,,0,0,0,,,,,,,,,,,,,,,,,,,,,
,314,,,0,3.562272,,,,,,,176,64,8,,,,,0,0,0,,,,,,,,,,,,,,,,,,,,,
,315,,,0,3.583104,,,,,,,176,64,7,,,,,0,0,0,,,,,,,,,,,,,,,,,,,,,
,316,,,0,3.596124,,,,,,,176,64,8,,,,,0,0,0,,,,,,,,,,,,,,,,,,,,,
,317,,,0,3.674244,,,,,,,176,64,7,,,,,0,0,0,,,,,,,,,,,,,,,,,,,,,
,318,,,0,3.687264,,,,,,,176,64,8,,,,,0,0,0,,,,,,,,,,,,,,,,,,,,,
,319,,,0,3.692472,,,,,,,176,64,7,,,,,0,0,0,,,,,,,,,,,,,,,,,,,,,
,320,,,0,3.713304,,,,,,,176,64,8,,,,,0,0,0,,,,,,,,,,,,,,,,,,,,,
,321,,,0,3.741948,,,,,,,176,64,7,,,,,0,0,0,,,,,,,,,,,,,,,,,,,,,
,322,,,0,3.752364,,,,,,,176,64,8,,,,,0,0,0,,,,,,,,,,,,,,,,,,,,,
,323,,,0,3.801840,,,,,,,176,64,7,,,,,0,0,0,,,,,,,,,,,,,,,,,,,,,
,324,,,0,3.822672,,,,,,,176,64,8,,,,,0,0,0,,,,,,,,,,,,,,,,,,,,,
,325,,,0,3.872148,,,,,,,176,64,7,,,,,0,0,0,,,,,,,,,,,,,,,,,,,,,
,326,,,0,3.882564,,,,,,,176,64,8,,,,,0,0,0,,,,,,,,,,,,,,,,,,,,,
,327,,,0,3.921624,,,,,,,176,64,7,,,,,0,0,0,,,,,,,,,,,,,,,,,,,,,
,328,,,0,3.932040,,,,,,,176,64,8,,,,,0,0,0,,,,,,,,,,,,,,,,,,,,,
,329,,,0,3.981516,,,,,,,176,64,7,,,,,0,0,0,,,,,,,,,,,,,,,,,,,,,
,330,,,0,3.991932,,,,,,,176,64,8,,,,,0,0,0,,,,,,,,,,,,,,,,,,,,,
,331,,,0,4.044012,,,,,,,176,64,7,,,,,0,0,0,,,,,,,,,,,,,,,,,,,,,
,332,,,0,4.051824,,,,,,,176,64,8,,,,,0,0,0,,,,,,,,,,,,,,,,,,,,,
,333,,,0,4.122132,,,,,,,176,64,7,,,,,0,0,0,,,,,,,,,,,,,,,,,,,,,
,334,,,0,4.132548,,,,,,,176,64,8,,,,,0,0,0,,,,,,,,,,,,,,,,,,,,,
,335,,,0,4.182024,,,,,,,176,64,7,,,,,0,0,0,,,,,,,,,,,,,,,,,,,,,
,336,,,0,4.192440,,,,,,,176,64,8,,,,,0,0,0,,,,,,,,,,,,,,,,,,,,,
,337,,,0,4.231500,,,,,,,176,64,7,,,,,0,0,0,,,,,,,,,,,,,,,,,,,,,
,338,,,0,4.252332,,,,,,,176,64,8,,,,,0,0,0,,,,,,,,,,,,,,,,,,,,,
,339,,,0,4.262748,,,,,,,176,64,7,,,,,0,0,0,,,,,,,,,,,,,,,,,,,,,
,340,,,0,4.273164,,,,,,,176,64,8,,,,,0,0,0,,,,,,,,,,,,,,,,,,,,,
,341,,,0,4.301808,,,,,,,176,64,7,,,,,0,0,0,,,,,,,,,,,,,,,,,,,,,
,342,,,0,4.312224,,,,,,,176,64,8,,,,,0,0,0,,,,,,,,,,,,,,,,,,,,,
,343,,,0,4.322640,,,,,,,176,64,7,,,,,0,0,0,,,,,,,,,,,,,,,,,,,,,
,344,,,0,4.333056,,,,,,,176,64,8,,,,,0,0,0,,,,,,,,,,,,,,,,,,,,,
,345,,,0,4.343472,,,,,,,176,64,7,,,,,0,0,0,,,,,,,,,,,,,,,,,,,,,
,346,,,0,4.353888,,,,,,,176,64,8,,,,,0,0,0,,,,,,,,,,,,,,,,,,,,,
,347,,,0,4.372116,,,,,,,176,64,7,,,,,0,0,0,,,,,,,,,,,,,,,,,,,,,
,348,,,0,4.392948,,,,,,,176,64,8,,,,,0,0,0,,,,,,,,,,,,,,,,,,,,,
,349,,,0,4.442424,,,,,,,176,64,7,,,,,0,0,0,,,,,,,,,,,,,,,,,,,,,
,350,,,0,4.452840,,,,,,,176,64,8,,,,,0,0,0,,,,,,,,,,,,,,,,,,,,,
,351,,,0,4.463256,,,,,,,176,64,7,,,,,0,0,0,,,,,,,,,,,,,,,,,,,,,
,352,,,0,4.473672,,,,,,,176,64,8,,,,,0,0,0,,,,,,,,,,,,,,,,,,,,,
,353,,,0,4.481484,,,,,,,176,64,7,,,,,0,0,0,,,,,,,,,,,,,,,,,,,,,
,354,,,0,4.491900,,,,,,,176,64,8,,,,,0,0,0,,,,,,,,,,,,,,,,,,,,,
,355,,,0,4.502316,,,,,,,176,64,7,,,,,0,0,0,,,,,,,,,,,,,,,,,,,,,
,356,,,0,4.512732,,,,,,,176,64,8,,,,,0,0,0,,,,,,,,,,,,,,,,,,,,,
,357,,,0,4.523148,,,,,,,176,64,7,,,,,0,0,0,,,,,,,,,,,,,,,,,,,,,
,358,,,0,4.551792,,,,,,,176,64,8,,,,,0,0,0,,,,,,,,,,,,,,,,,,,,,
,359,,,0,4.572624,,,,,,,176,64,7,,,,,0,0,0,,,,,,,,,,,,,,,,,,,,,
,360,,,0,4.583040,,,,,,,176,64,8,,,,,0,0,0,,,,,,,,,,,,,,,,,,,,,
,361,,,0,4.611684,,,,,,,176,64,7,,,,,0,0,0,,,,,,,,,,,,,,,,,,,,,
,362,,,0,4.622100,,,,,,,176,64,8,,,,,0,0,0,,,,,,,,,,,,,,,,,,,,,
,363,,,0,4.681992,,,,,,,176,64,7,,,,,0,0,0,,,,,,,,,,,,,,,,,,,,,
,364,,,0,4.713240,,,,,,,176,64,8,,,,,0,0,0,,,,,,,,,,,,,,,,,,,,,
,365,,,0,4.731468,,,,,,,176,64,7,,,,,0,0,0,,,,,,,,,,,,,,,,,,,,,
,366,,,0,4.752300,,,,,,,176,64,8,,,,,0,0,0,,,,,,,,,,,,,,,,,,,,,
,367,,,0,4.801776,,,,,,,176,64,7,,,,,0,0,0,,,,,,,,,,,,,,,,,,,,,
,368,,,0,4.822608,,,,,,,176,64,8,,,,,0,0,0,,,,,,,,,,,,,,,,,,,,,
,369,,,0,4.833024,,,,,,,176,64,7,,,,,0,0,0,,,,,,,,,,,,,,,,,,,,,
,370,,,0,4.851252,,,,,,,176,64,8,,,,,0,0,0,,,,,,,,,,,,,,,,,,,,,
,371,,,0,4.872084,,,,,,,176,64,7,,,,,0,0,0,,,,,,,,,,,,,,,,,,,,,
,372,,,0,4.882500,,,,,,,176,64,8,,,,,0,0,0,,,,,,,,,,,,,,,,,,,,,
,373,,,0,4.963224,,,,,,,176,64,7,,,,,0,0,0,,,,,,,,,,,,,,,,,,,,,
,374,,,0,4.973640,,,,,,,176,64,8,,,,,0,0,0,,,,,,,,,,,,,,,,,,,,,
,375,,,0,5.041344,,,,,,,176,64,7,,,,,0,0,0,,,,,,,,,,,,,,,,,,,,,
,376,,,0,5.051760,,,,,,,176,64,8,,,,,0,0,0,,,,,,,,,,,,,,,,,,,,,
,377,,,0,5.072592,,,,,,,176,64,7,,,,,0,0,0,,,,,,,,,,,,,,,,,,,,,
,378,,,0,5.083008,,,,,,,176,64,8,,,,,0,0,0,,,,,,,,,,,,,,,,,,,,,
,379,,,0,5.111652,,,,,,,176,64,7,,,,,0,0,0,,,,,,,,,,,,,,,,,,,,,
,380,,,0,5.122068,,,,,,,176,64,8,,,,,0,0,0,,,,,,,,,,,,,,,,,,,,,
,381,,,0,5.132484,,,,,,,176,64,7,,,,,0,0,0,,,,,,,,,,,,,,,,,,,,,
,382,,,0,5.142900,,,,,,,176,64,8,,,,,0,0,0,,,,,,,,,,,,,,,,,,,,,
,383,,,0,5.174148,,,,,,,176,64,7,,,,,0,0,0,,,,,,,,,,,,,,,,,,,,,
,384,,,0,5.192376,,,,,,,176,64,8,,,,,0,0,0,,,,,,,,,,,,,,,,,,,,,
,385,,,0,5.273100,,,,,,,176,64,7,,,,,0,0,0,,,,,,,,,,,,,,,,,,,,,
,386,,,0,5.312160,,,,,,,176,64,8,,,,,0,0,0,,,,,,,,,,,,,,,,,,,,,
,387,,,0,5.343408,,,,,,,176,64,7,,,,,0,0,0,,,,,,,,,,,,,,,,,,,,,
,388,,,0,5.351220,,,,,,,176,64,8,,,,,0,0,0,,,,,,,,,,,,,,,,,,,,,
,389,,,0,5.361636,,,,,,,176,64,7,,,,,0,0,0,,,,,,,,,,,,,,,,,,,,,
,390,,,0,5.372052,,,,,,,176,64,8,,,,,0,0,0,,,,,,,,,,,,,,,,,,,,,
,391,,,0,5.392884,,,,,,,176,64,7,,,,,0,0,0,,,,,,,,,,,,,,,,,,,,,
,392,,,0,5.413716,,,,,,,176,64,8,,,,,0,0,0,,,,,,,,,,,,,,,,,,,,,
,393,,,0,5.442360,,,,,,,176,64,7,,,,,0,0,0,,,,,,,,,,,,,,,,,,,,,
,394,,,0,5.452776,,,,,,,176,64,8,,,,,0,0,0,,,,,,,,,,,,,,,,,,,,,
,395,,,0,5.491836,,,,,,,176,64,7,,,,,0,0,0,,,,,,,,,,,,,,,,,,,,,
,396,,,0,5.502252,,,,,,,176,64,8,,,,,0,0,0,,,,,,,,,,,,,,,,,,,,,
,397,,,0,5.512668,,,,,,,176,64,7,,,,,0,0,0,,,,,,,,,,,,,,,,,,,,,
,398,,,0,5.523084,,,,,,,176,64,8,,,,,0,0,0,,,,,,,,,,,,,,,,,,,,,
,399,,,0,5.533500,,,,,,,176,64,7,,,,,0,0,0,,,,,,,,,,,,,,,,,,,,,
,400,,,0,5.541312,,,,,,,176,64,8,,,,,0,0,0,,,,,,,,,,,,,,,,,,,,,
,401,,,0,5.564748,,,,,,,176,64,7,,,,,0,0,0,,,,,,,,,,,,,,,,,,,,,
,402,,,0,5.582976,,,,,,,176,64,8,,,,,0,0,0,,,,,,,,,,,,,,,,,,,,,
,403,,,0,5.601204,,,,,,,176,64,7,,,,,0,0,0,,,,,,,,,,,,,,,,,,,,,
,404,,,0,5.611620,,,,,,,176,64,8,,,,,0,0,0,,,,,,,,,,,,,,,,,,,,,
,405,,,0,5.622036,,,,,,,176,64,7,,,,,0,0,0,,,,,,,,,,,,,,,,,,,,,
,406,,,0,5.632452,,,,,,,176,64,8,,,,,0,0,0,,,,,,,,,,,,,,,,,,,,,
,407,,,0,5.671512,,,,,,,176,64,7,,,,,0,0,0,,,,,,,,,,,,,,,,,,,,,
,408,,,0,5.692344,,,,,,,176,64,8,,,,,0,0,0,,,,,,,,,,,,,,,,,,,,,
,409,,,0,5.731404,,,,,,,176,64,7,,,,,0,0,0,,,,,,,,,,,,,,,,,,,,,
,410,,,0,5.741820,,,,,,,176,64,8,,,,,0,0,0,,,,,,,,,,,,,,,,,,,,,
,411,,,0,5.762652,,,,,,,176,64,7,,,,,0,0,0,,,,,,,,,,,,,,,,,,,,,
,412,,,0,5.783484,,,,,,,176,64,8,,,,,0,0,0,,,,,,,,,,,,,,,,,,,,,
,413,,,0,5.791296,,,,,,,176,64,7,,,,,0,0,0,,,,,,,,,,,,,,,,,,,,,
,414,,,0,5.801712,,,,,,,176,64,8,,,,,0,0,0,,,,,,,,,,,,,,,,,,,,,
,415,,,0,5.812128,,,,,,,176,64,7,,,,,0,0,0,,,,,,,,,,,,,,,,,,,,,
,416,,,0,5.832960,,,,,,,176,64,8,,,,,0,0,0,,,,,,,,,,,,,,,,,,,,,
,417,,,0,5.872020,,,,,,,176,64,7,,,,,0,0,0,,,,,,,,,,,,,,,,,,,,,
,418,,,0,5.882436,,,,,,,176,64,8,,,,,0,0,0,,,,,,,,,,,,,,,,,,,,,
,419,,,0,5.903268,,,,,,,176,64,7,,,,,0,0,0,,,,,,,,,,,,,,,,,,,,,
,420,,,0,5.913684,,,,,,,176,64,8,,,,,0,0,0,,,,,,,,,,,,,,,,,,,,,
,421,,,0,5.973576,,,,,,,176,64,7,,,,,0,0,0,,,,,,,,,,,,,,,,,,,,,
,422,,,0,5.981388,,,,,,,176,64,8,,,,,0,0,0,,,,,,,,,,,,,,,,,,,,,
,423,,,0,5.991804,,,,,,,176,64,7,,,,,0,0,0,,,,,,,,,,,,,,,,,,,,,
,424,,,0,6.002220,,,,,,,176,64,8,,,,,0,0,0,,,,,,,,,,,,,,,,,,,,,
,425,,,0,6.023052,,,,,,,176,64,7,,,,,0,0,0,,,,,,,,,,,,,,,,,,,,,
,426,,,0,6.033468,,,,,,,176,64,8,,,,,0,0,0,,,,,,,,,,,,,,,,,,,,,
,427,,,0,6.062112,,,,,,,176,64,7,,,,,0,0,0,,,,,,,,,,,,,,,,,,,,,
,428,,,0,6.072528,,,,,,,176,64,8,,,,,0,0,0,,,,,,,,,,,,,,,,,,,,,
,429,,,0,6.142836,,,,,,,176,64,7,,,,,0,0,0,,,,,,,,,,,,,,,,,,,,,
,430,,,0,6.150648,,,,,,,176,64,8,,,,,0,0,0,,,,,,,,,,,,,,,,,,,,,
,431,,,0,6.171480,,,,,,,176,64,7,,,,,0,0,0,,,,,,,,,,,,,,,,,,,,,
,432,,,0,6.181896,,,,,,,176,64,8,,,,,0,0,0,,,,,,,,,,,,,,,,,,,,,
,433,,,0,6.220956,,,,,,,176,64,7,,,,,0,0,0,,,,,,,,,,,,,,,,,,,,,
,434,,,0,6.231372,,,,,,,176,64,8,,,,,0,0,0,,,,,,,,,,,,,,,,,,,,,
,435,,,0,6.252204,,,,,,,176,64,7,,,,,0,0,0,,,,,,,,,,,,,,,,,,,,,
,436,,,0,6.262620,,,,,,,176,64,8,,,,,0,0,0,,,,,,,,,,,,,,,,,,,,,
,437,,,0,6.280848,,,,,,,176,64,7,,,,,0,0,0,,,,,,,,,,,,,,,,,,,,,
,438,,,0,6.291264,,,,,,,176,64,8,,,,,0,0,0,,,,,,,,,,,,,,,,,,,,,
,439,,,0,6.312096,,,,,,,176,64,7,,,,,0,0,0,,,,,,,,,,,,,,,,,,,,,
,440,,,0,6.322512,,,,,,,176,64,8,,,,,0,0,0,,,,,,,,,,,,,,,,,,,,,
,441,,,0,6.330324,,,,,,,176,64,7,,,,,0,0,0,,,,,,,,,,,,,,,,,,,,,
,442,,,0,6.340740,,,,,,,176,64,8,,,,,0,0,0,,,,,,,,,,,,,,,,,,,,,
302,443,1,4232,0,6.351156,0.0,0.0,0,F#4,,5,144,66,26,,6008,,,0,0,0,,,,,0,,,,,,,,,,,,,,,,
,444,,,0,6.356364,,,,,,,176,64,7,,,,,0,0,0,,,,,,,,,,,,,,,,,,,,,
,445,,,0,6.371988,,,,,,,176,64,8,,,,,0,0,0,,,,,,,,,,,,,,,,,,,,,
,446,,,0,6.400632,,,,,,,176,64,7,,,,,0,0,0,,,,,,,,,,,,,,,,,,,,,
,447,,,0,6.411048,,,,,,,176,64,8,,,,,0,0,0,,,,,,,,,,,,,,,,,,,,,
,448,,,0,6.426672,,,,,,,128,66,0,,,,,0,0,0,,,,,,,,,,,,,,,,,,,,,
302,449,1,4233,0,6.431880,0.0,0.0,0,E1,,5,144,28,26,,6008,,,0,0,0,,,,,0,,,,,,,,,,,,,,,,
,450,,,0,6.442296,,,,,,,176,64,7,,,,,0,0,0,,,,,,,,,,,,,,,,,,,,,
,451,,,0,6.452712,,,,,,,176,64,8,,,,,0,0,0,,,,,,,,,,,,,,,,,,,,,
,452,,,0,6.470940,,,,,,,176,64,7,,,,,0,0,0,,,,,,,,,,,,,,,,,,,,,
,453,,,0,6.491772,,,,,,,176,64,8,,,,,0,0,0,,,,,,,,,,,,,,,,,,,,,
,454,,,0,6.502188,,,,,,,176,64,7,,,,,0,0,0,,,,,,,,,,,,,,,,,,,,,
,455,,,0,6.512604,,,,,,,176,64,8,,,,,0,0,0,,,,,,,,,,,,,,,,,,,,,
,456,,,0,6.601140,,,,,,,176,64,7,,,,,0,0,0,,,,,,,,,,,,,,,,,,,,,
,457,,,0,6.611556,,,,,,,176,64,8,,,,,0,0,0,,,,,,,,,,,,,,,,,,,,,
,458,,,0,6.661032,,,,,,,176,64,7,,,,,0,0,0,,,,,,,,,,,,,,,,,,,,,
,459,,,0,6.671448,,,,,,,176,64,8,,,,,0,0,0,,,,,,,,,,,,,,,,,,,,,
,460,,,0,6.692280,,,,,,,176,66,127,,,,,0,0,1,,,,,,,,,,,,,,,,,,,,,
,461,,,0,6.710508,,,,,,,176,64,7,,,,,0,0,1,,,,,,,,,,,,,,,,,,,,,
,462,,,0,6.723528,,,,,,,176,64,8,,,,,0,0,1,,,,,,,,,,,,,,,,,,,,,
,463,,,0,6.741756,,,,,,,176,64,7,,,,,0,0,1,,,,,,,,,,,,,,,,,,,,,
,464,,,0,6.752172,,,,,,,176,64,8,,,,,0,0,1,,,,,,,,,,,,,,,,,,,,,
,465,,,0,6.801648,,,,,,,176,64,7,,,,,0,0,1,,,,,,,,,,,,,,,,,,,,,
,466,,,0,6.812064,,,,,,,176,64,8,,,,,0,0,1,,,,,,,,,,,,,,,,,,,,,
,467,,,0,6.830292,,,,,,,176,64,7,,,,,0,0,1,,,,,,,,,,,,,,,,,,,,,
,468,,,0,6.835500,,,,,,,128,28,0,,,,,0,0,1,,,,,,,,,,,,,,,,,,,,,
,469,,,0,6.840708,,,,,,,176,64,8,,,,,0,0,1,,,,,,,,,,,,,,,,,,,,,
,470,,,0,6.851124,,,,,,,176,64,7,,,,,0,0,1,,,,,,,,,,,,,,,,,,,,,
,471,,,0,6.882372,,,,,,,176,64,8,,,,,0,0,1,,,,,,,,,,,,,,,,,,,,,
,472,,,0,6.890184,,,,,,,176,64,7,,,,,0,0,1,,,,,,,,,,,,,,,,,,,,,
,473,,,0,6.931848,,,,,,,176,64,8,,,,,0,0,1,,,,,,,,,,,,,,,,,,,,,
,474,,,0,6.942264,,,,,,,176,64,7,,,,,0,0,1,,,,,,,,,,,,,,,,,,,,,
,475,,,0,6.960492,,,,,,,176,64,8,,,,,0,0,1,,,,,,,,,,,,,,,,,,,,,
,476,,,0,6.970908,,,,,,,176,64,7,,,,,0,0,1,,,,,,,,,,,,,,,,,,,,,
,477,,,0,6.981324,,,,,,,176,64,8,,,,,0,0,1,,,,,,,,,,,,,,,,,,,,,
,478,,,0,7.012572,,,,,,,176,64,7,,,,,0,0,1,,,,,,,,,,,,,,,,,,,,,
,479,,,0,7.030800,,,,,,,176,64,8,,,,,0,0,1,,,,,,,,,,,,,,,,,,,,,
,480,,,0,7.041216,,,,,,,176,64,7,,,,,0,0,1,,,,,,,,,,,,,,,,,,,,,
,481,,,0,7.072464,,,,,,,176,64,8,,,,,0,0,1,,,,,,,,,,,,,,,,,,,,,
302,482,1,4234,0,7.075068,0.0,0.0,0,C#5,,11,144,73,58,,6008,,,0,0,1,,,,,0,,,,,,,,,,,,,,,,
,483,,,0,7.090692,,,,,,,176,64,7,,,,,0,0,1,,,,,,,,,,,,,,,,,,,,,
,484,,,0,7.101108,,,,,,,176,64,8,,,,,0,0,1,,,,,,,,,,,,,,,,,,,,,
,485,,,0,7.111524,,,,,,,176,64,7,,,,,0,0,1,,,,,,,,,,,,,,,,,,,,,
,486,,,0,7.121940,,,,,,,176,64,8,,,,,0,0,1,,,,,,,,,,,,,,,,,,,,,
302,487,1,4235,0,7.127148,0.0,0.0,0,A1,,11,144,33,58,,6008,,,0,0,1,,,,,0,,,,,,,,,,,,,,,,
,488,,,0,7.140168,,,,,,,176,64,7,,,,,0,0,1,,,,,,,,,,,,,,,,,,,,,
,489,,,0,7.150584,,,,,,,176,64,8,,,,,0,0,1,,,,,,,,,,,,,,,,,,,,,
,490,,,0,7.168812,,,,,,,128,73,0,,,,,0,0,1,,,,,,,,,,,,,,,,,,,,,
,491,,,0,7.171416,,,,,,,176,64,7,,,,,0,0,1,,,,,,,,,,,,,,,,,,,,,
,492,,,0,7.181832,,,,,,,176,64,8,,,,,0,0,1,,,,,,,,,,,,,,,,,,,,,
,493,,,0,7.192248,,,,,,,176,64,7,,,,,0,0,1,,,,,,,,,,,,,,,,,,,,,
,494,,,0,7.200060,,,,,,,128,33,0,,,,,0,0,1,,,,,,,,,,,,,,,,,,,,,
,495,,,0,7.210476,,,,,,,176,64,8,,,,,0,0,1,,,,,,,,,,,,,,,,,,,,,
302,496,1,4236,0,7.236516,0.0,0.0,0,C#4,,10,144,61,53,,6008,,,0,0,1,,,,,0,,,,,,,,,,,,,,,,
,497,,,0,7.262556,,,,,,,176,64,7,,,,,0,0,1,,,,,,,,,,,,,,,,,,,,,
,498,,,0,7.270368,,,,,,,176,64,8,,,,,0,0,1,,,,,,,,,,,,,,,,,,,,,
,499,,,0,7.280784,,,,,,,176,64,7,,,,,0,0,1,,,,,,,,,,,,,,,,,,,,,
,500,,,0,7.291200,,,,,,,176,64,8,,,,,0,0,1,,,,,,,,,,,,,,,,,,,,,
,501,,,0,7.299012,,,,,,,128,61,0,,,,,0,0,1,,,,,,,,,,,,,,,,,,,,,
302,502,1,4237,0,7.317240,0.0,0.0,0,A1,,10,144,33,53,,6008,,,0,0,1,,,,,0,,,,,,,,,,,,,,,,
,503,,,0,7.322448,,,,,,,176,64,7,,,,,0,0,1,,,,,,,,,,,,,,,,,,,,,
,504,,,0,7.330260,,,,,,,176,64,8,,,,,0,0,1,,,,,,,,,,,,,,,,,,,,,
,505,,,0,7.340676,,,,,,,176,64,7,,,,,0,0,1,,,,,,,,,,,,,,,,,,,,,
,506,,,0,7.351092,,,,,,,176,64,8,,,,,0,0,1,,,,,,,,,,,,,,,,,,,,,
,507,,,0,7.390152,,,,,,,176,64,7,,,,,0,0,1,,,,,,,,,,,,,,,,,,,,,
,508,,,0,7.410984,,,,,,,176,64,8,,,,,0,0,1,,,,,,,,,,,,,,,,,,,,,
302,509,1,4238,0,7.416192,0.0,0.0,0,C#4,,8,144,61,42,,6008,,,0,0,1,,,,,0,,,,,,,,,,,,,,,,
,510,,,0,7.429212,,,,,,,128,33,0,,,,,0,0,1,,,,,,,,,,,,,,,,,,,,,
,511,,,0,7.442232,,,,,,,176,64,7,,,,,0,0,1,,,,,,,,,,,,,,,,,,,,,
,512,,,0,7.460460,,,,,,,176,64,8,,,,,0,0,1,,,,,,,,,,,,,,,,,,,,,
,513,,,0,7.491708,,,,,,,128,61,0,,,,,0,0,1,,,,,,,,,,,,,,,,,,,,,
,514,,,0,7.491708,,,,,,,176,64,7,,,,,0,0,1,,,,,,,,,,,,,,,,,,,,,
,515,,,0,7.502124,,,,,,,176,64,8,,,,,0,0,1,,,,,,,,,,,,,,,,,,,,,
,516,,,0,7.520352,,,,,,,176,64,7,,,,,0,0,1,,,,,,,,,,,,,,,,,,,,,
,517,,,0,7.530768,,,,,,,176,64,8,,,,,0,0,1,,,,,,,,,,,,,,,,,,,,,
,518,,,0,7.551600,,,,,,,176,64,7,,,,,0,0,1,,,,,,,,,,,,,,,,,,,,,
,519,,,0,7.562016,,,,,,,176,64,8,,,,,0,0,1,,,,,,,,,,,,,,,,,,,,,
302,520,1,4239,0,7.562016,0.0,0.0,0,A1,,8,144,33,42,,6008,,,0,0,1,,,,,0,,,,,,,,,,,,,,,,
302,521,1,4239,0,7.567224,0.0,0.0,0,F#2,,8,144,42,42,,6008,,,0,0,1,,,,,0,,,,,,,,,,,,,,,,
,522,,,0,7.572432,,,,,,,176,64,7,,,,,0,0,1,,,,,,,,,,,,,,,,,,,,,
,523,,,0,7.580244,,,,,,,176,64,8,,,,,0,0,1,,,,,,,,,,,,,,,,,,,,,
302,524,1,4239,0,7.588056,0.0,0.0,0,C#4,,8,144,61,42,,6008,,,0,0,1,,,,,0,,,,,,,,,,,,,,,,
,525,,,0,7.660968,,,,,,,176,64,7,,,,,0,0,1,,,,,,,,,,,,,,,,,,,,,
,526,,,0,7.671384,,,,,,,176,64,8,,,,,0,0,1,,,,,,,,,,,,,,,,,,,,,
,527,,,0,7.692216,,,,,,,176,64,7,,,,,0,0,1,,,,,,,,,,,,,,,,,,,,,
,528,,,0,7.702632,,,,,,,176,64,8,,,,,0,0,1,,,,,,,,,,,,,,,,,,,,,
,529,,,0,7.731276,,,,,,,176,64,7,,,,,0,0,1,,,,,,,,,,,,,,,,,,,,,
,530,,,0,7.741692,,,,,,,176,64,8,,,,,0,0,1,,,,,,,,,,,,,,,,,,,,,
,531,,,0,7.770336,,,,,,,176,64,7,,,,,0,0,1,,,,,,,,,,,,,,,,,,,,,
,532,,,0,7.783356,,,,,,,176,64,8,,,,,0,0,1,,,,,,,,,,,,,,,,,,,,,
,533,,,0,7.801584,,,,,,,176,64,7,,,,,0,0,1,,,,,,,,,,,,,,,,,,,,,
,534,,,0,7.812000,,,,,,,176,64,8,,,,,0,0,1,,,,,,,,,,,,,,,,,,,,,
,535,,,0,7.832832,,,,,,,176,64,7,,,,,0,0,1,,,,,,,,,,,,,,,,,,,,,
,536,,,0,7.840644,,,,,,,176,64,8,,,,,0,0,1,,,,,,,,,,,,,,,,,,,,,
,537,,,0,7.861476,,,,,,,176,64,7,,,,,0,0,1,,,,,,,,,,,,,,,,,,,,,
,538,,,0,7.882308,,,,,,,176,64,8,,,,,0,0,1,,,,,,,,,,,,,,,,,,,,,
,539,,,0,7.921368,,,,,,,176,64,7,,,,,0,0,1,,,,,,,,,,,,,,,,,,,,,
,540,,,0,7.942200,,,,,,,176,64,8,,,,,0,0,1,,,,,,,,,,,,,,,,,,,,,
,541,,,0,7.952616,,,,,,,128,33,0,,,,,0,0,1,,,,,,,,,,,,,,,,,,,,,
,542,,,0,7.970844,,,,,,,176,64,7,,,,,0,0,1,,,,,,,,,,,,,,,,,,,,,
,543,,,0,7.986468,,,,,,,128,42,0,,,,,0,0,1,,,,,,,,,,,,,,,,,,,,,
,544,,,0,7.991676,,,,,,,176,64,8,,,,,0,0,1,,,,,,,,,,,,,,,,,,,,,
,545,,,0,8.020320,,,,,,,128,61,0,,,,,0,0,1,,,,,,,,,,,,,,,,,,,,,
,546,,,0,8.061984,,,,,,,176,64,7,,,,,0,0,1,,,,,,,,,,,,,,,,,,,,,
,547,,,0,8.072400,,,,,,,176,64,8,,,,,0,0,1,,,,,,,,,,,,,,,,,,,,,
,548,,,0,8.077608,,,,,,,176,66,0,,,,,0,0,0,,,,,,,,,,,,,,,,,,,,,
302,549,1,4240,0,8.111460,0.0,0.0,0,C#4,,22,144,61,117,,6008,,,0,0,0,,,,,0,,,,,,,,,,,,,,,,
302,550,1,4240,0,8.116668,0.0,0.0,0,F#2,,22,144,42,117,,6008,,,0,0,0,,,,,0,,,,,,,,,,,,,,,,
302,551,1,4240,0,8.119272,0.0,0.0,0,A1,,22,144,33,117,,6008,,,0,0,0,,,,,0,,,,,,,,,,,,,,,,
,552,,,0,8.150520,,,,,,,176,64,7,,,,,0,0,0,,,,,,,,,,,,,,,,,,,,,
,553,,,0,8.160936,,,,,,,176,64,8,,,,,0,0,0,,,,,,,,,,,,,,,,,,,,,
,554,,,0,8.171352,,,,,,,176,64,7,,,,,0,0,0,,,,,,,,,,,,,,,,,,,,,
,555,,,0,8.181768,,,,,,,176,64,8,,,,,0,0,0,,,,,,,,,,,,,,,,,,,,,
,556,,,0,8.205204,,,,,,,128,33,0,,,,,0,0,0,,,,,,,,,,,,,,,,,,,,,
,557,,,0,8.207808,,,,,,,128,42,0,,,,,0,0,0,,,,,,,,,,,,,,,,,,,,,
,558,,,0,8.231244,,,,,,,176,64,7,,,,,0,0,0,,,,,,,,,,,,,,,,,,,,,
,559,,,0,8.239056,,,,,,,128,61,0,,,,,0,0,0,,,,,,,,,,,,,,,,,,,,,
,560,,,0,8.252076,,,,,,,176,64,8,,,,,0,0,0,,,,,,,,,,,,,,,,,,,,,
,561,,,0,8.262492,,,,,,,176,64,7,,,,,0,0,0,,,,,,,,,,,,,,,,,,,,,
,562,,,0,8.272908,,,,,,,176,64,8,,,,,0,0,0,,,,,,,,,,,,,,,,,,,,,
,563,,,0,8.283324,,,,,,,176,64,7,,,,,0,0,0,,,,,,,,,,,,,,,,,,,,,
,564,,,0,8.291136,,,,,,,176,64,8,,,,,0,0,0,,,,,,,,,,,,,,,,,,,,,
,565,,,0,8.351028,,,,,,,176,64,7,,,,,0,0,0,,,,,,,,,,,,,,,,,,,,,
,566,,,0,8.361444,,,,,,,176,64,8,,,,,0,0,0,,,,,,,,,,,,,,,,,,,,,
,567,,,0,8.382276,,,,,,,176,64,7,,,,,0,0,0,,,,,,,,,,,,,,,,,,,,,
,568,,,0,8.392692,,,,,,,176,64,8,,,,,0,0,0,,,,,,,,,,,,,,,,,,,,,
,569,,,0,8.421336,,,,,,,176,64,7,,,,,0,0,0,,,,,,,,,,,,,,,,,,,,,
,570,,,0,8.431752,,,,,,,176,64,8,,,,,0,0,0,,,,,,,,,,,,,,,,,,,,,
,571,,,0,8.442168,,,,,,,176,64,9,,,,,0,0,0,,,,,,,,,,,,,,,,,,,,,
,572,,,0,8.452584,,,,,,,176,64,12,,,,,0,0,0,,,,,,,,,,,,,,,,,,,,,
,573,,,0,8.452584,,,,,,,176,67,21,,,,,0,0,0,,,,,,,,,,,,,,,,,,,,,
,574,,,0,8.463000,,,,,,,176,67,20,,,,,0,0,0,,,,,,,,,,,,,,,,,,,,,
,575,,,0,8.491644,,,,,,,176,67,24,,,,,0,0,0,,,,,,,,,,,,,,,,,,,,,
,576,,,0,8.502060,,,,,,,176,67,25,,,,,0,0,0,,,,,,,,,,,,,,,,,,,,,
,577,,,0,8.512476,,,,,,,176,67,24,,,,,0,0,0,,,,,,,,,,,,,,,,,,,,,
302,578,1,4241,0,8.520288,0.0,0.0,0,D#5,,11,144,75,58,,6008,,,0,0,0,,,,,0,,,,,,,,,,,,,,,,
,579,,,0,8.520288,,,,,,,176,64,15,,,,,0,0,0,,,,,,,,,,,,,,,,,,,,,
,580,,,0,8.522892,,,,,,,176,67,27,,,,,0,0,0,,,,,,,,,,,,,,,,,,,,,
,581,,,0,8.533308,,,,,,,176,64,16,,,,,0,0,0,,,,,,,,,,,,,,,,,,,,,
,582,,,0,8.541120,,,,,,,176,64,19,,,,,0,0,0,,,,,,,,,,,,,,,,,,,,,
,583,,,0,8.551536,,,,,,,176,64,23,,,,,0,0,0,,,,,,,,,,,,,,,,,,,,,
,584,,,0,8.561952,,,,,,,176,64,27,,,,,0,0,0,,,,,,,,,,,,,,,,,,,,,
,585,,,0,8.572368,,,,,,,176,64,33,,,,,0,0,0,,,,,,,,,,,,,,,,,,,,,
302,586,1,4242,0,8.574972,0.0,0.0,0,C#4,,5,144,61,26,,6008,,,0,0,0,,,,,0,,,,,,,,,,,,,,,,
,587,,,0,8.582784,,,,,,,176,64,38,,,,,0,0,0,,,,,,,,,,,,,,,,,,,,,
302,588,1,4242,0,8.587992,0.0,0.0,0,B4,,11,144,71,58,,6008,,,0,0,0,,,,,0,,,,,,,,,,,,,,,,
,589,,,0,8.593200,,,,,,,176,64,48,,,,,0,0,0,,,,,,,,,,,,,,,,,,,,,
,590,,,0,8.601012,,,,,,,176,64,60,,,,,0,0,0,,,,,,,,,,,,,,,,,,,,,
,591,,,0,8.603616,,,,,,,176,67,32,,,,,0,0,0,,,,,,,,,,,,,,,,,,,,,
,592,,,0,8.611428,,,,,,,128,75,0,,,,,0,0,0,,,,,,,,,,,,,,,,,,,,,
,593,,,0,8.611428,,,,,,,176,64,74,,,,,1,0,0,,,,,,,,,,,,,,,,,,,,,
,594,,,0,8.611428,,,,,,,176,67,33,,,,,1,0,0,,,,,,,,,,,,,,,,,,,,,
,595,,,0,8.621844,,,,,,,176,64,91,,,,,1,0,0,,,,,,,,,,,,,,,,,,,,,
,596,,,0,8.632260,,,,,,,176,64,107,,,,,1,0,0,,,,,,,,,,,,,,,,,,,,,
,597,,,0,8.634864,,,,,,,176,67,40,,,,,1,0,0,,,,,,,,,,,,,,,,,,,,,
,598,,,0,8.642676,,,,,,,176,64,117,,,,,1,0,0,,,,,,,,,,,,,,,,,,,,,
,599,,,0,8.642676,,,,,,,176,67,44,,,,,1,0,0,,,,,,,,,,,,,,,,,,,,,
,600,,,0,8.653092,,,,,,,176,64,115,,,,,1,0,0,,,,,,,,,,,,,,,,,,,,,
,601,,,0,8.653092,,,,,,,176,67,53,,,,,1,0,0,,,,,,,,,,,,,,,,,,,,,
,602,,,0,8.660904,,,,,,,176,64,111,,,,,1,0,0,,,,,,,,,,,,,,,,,,,,,
,603,,,0,8.660904,,,,,,,176,67,60,,,,,1,0,0,,,,,,,,,,,,,,,,,,,,,
,604,,,0,8.671320,,,,,,,176,67,71,,,,,1,1,0,,,,,,,,,,,,,,,,,,,,,
,605,,,0,8.681736,,,,,,,176,64,112,,,,,1,1,0,,,,,,,,,,,,,,,,,,,,,
,606,,,0,8.684340,,,,,,,176,67,84,,,,,1,1,0,,,,,,,,,,,,,,,,,,,,,
302,607,1,4243,0,8.692152,0.0,0.0,0,A1,,5,144,33,26,,6008,,,1,1,0,,,,,0,,,,,,,,,,,,,,,,
,608,,,0,8.692152,,,,,,,176,64,111,,,,,1,1,0,,,,,,,,,,,,,,,,,,,,,
,609,,,0,8.692152,,,,,,,176,67,97,,,,,1,1,0,,,,,,,,,,,,,,,,,,,,,
,610,,,0,8.702568,,,,,,,176,67,109,,,,,1,1,0,,,,,,,,,,,,,,,,,,,,,
,611,,,0,8.712984,,,,,,,176,64,113,,,,,1,1,0,,,,,,,,,,,,,,,,,,,,,
,612,,,0,8.712984,,,,,,,176,67,119,,,,,1,1,0,,,,,,,,,,,,,,,,,,,,,
,613,,,0,8.723400,,,,,,,176,67,127,,,,,1,1,0,,,,,,,,,,,,,,,,,,,,,
,614,,,0,8.731212,,,,,,,176,64,114,,,,,1,1,0,,,,,,,,,,,,,,,,,,,,,
,615,,,0,8.741628,,,,,,,176,64,113,,,,,1,1,0,,,,,,,,,,,,,,,,,,,,,
,616,,,0,8.752044,,,,,,,176,64,114,,,,,1,1,0,,,,,,,,,,,,,,,,,,,,,
,617,,,0,8.762460,,,,,,,176,64,115,,,,,1,1,0,,,,,,,,,,,,,,,,,,,,,
,618,,,0,8.767668,,,,,,,128,61,0,,,,,1,1,0,,,,,,,,,,,,,,,,,,,,,
,619,,,0,8.772876,,,,,,,176,64,111,,,,,1,1,0,,,,,,,,,,,,,,,,,,,,,
,620,,,0,8.783292,,,,,,,176,64,114,,,,,1,1,0,,,,,,,,,,,,,,,,,,,,,
302,621,1,4244,0,8.785896,0.0,0.0,0,F#2,,5,144,42,26,,6008,,,1,1,0,,,,,0,,,,,,,,,,,,,,,,
,622,,,0,8.791104,,,,,,,176,64,112,,,,,1,1,0,,,,,,,,,,,,,,,,,,,,,
,623,,,0,8.801520,,,,,,,176,64,114,,,,,1,1,0,,,,,,,,,,,,,,,,,,,,,
,624,,,0,8.811936,,,,,,,128,33,0,,,,,1,1,0,,,,,,,,,,,,,,,,,,,,,
,625,,,0,8.811936,,,,,,,176,64,112,,,,,1,1,0,,,,,,,,,,,,,,,,,,,,,
,626,,,0,8.822352,,,,,,,176,64,114,,,,,1,1,0,,,,,,,,,,,,,,,,,,,,,
,627,,,0,8.832768,,,,,,,176,64,111,,,,,1,1,0,,,,,,,,,,,,,,,,,,,,,
,628,,,0,8.843184,,,,,,,176,64,113,,,,,1,1,0,,,,,,,,,,,,,,,,,,,,,
,629,,,0,8.866620,,,,,,,128,42,0,,,,,1,1,0,,,,,,,,,,,,,,,,,,,,,
,630,,,0,8.871828,,,,,,,176,64,114,,,,,1,1,0,,,,,,,,,,,,,,,,,,,,,
,631,,,0,8.882244,,,,,,,176,64,111,,,,,1,1,0,,,,,,,,,,,,,,,,,,,,,
,632,,,0,8.892660,,,,,,,176,64,113,,,,,1,1,0,,,,,,,,,,,,,,,,,,,,,
,633,,,0,8.903076,,,,,,,176,64,112,,,,,1,1,0,,,,,,,,,,,,,,,,,,,,,
,634,,,0,8.921304,,,,,,,176,64,111,,,,,1,1,0,,,,,,,,,,,,,,,,,,,,,
302,635,1,4245,0,8.926512,0.0,0.0,0,C#4,,5,144,61,26,,6008,,,1,1,0,,,,,0,,,,,,,,,,,,,,,,
,636,,,0,8.934324,,,,,,,176,64,114,,,,,1,1,0,,,,,,,,,,,,,,,,,,,,,
,637,,,0,8.942136,,,,,,,176,64,112,,,,,1,1,0,,,,,,,,,,,,,,,,,,,,,
,638,,,0,8.955156,,,,,,,176,64,113,,,,,1,1,0,,,,,,,,,,,,,,,,,,,,,
,639,,,0,8.962968,,,,,,,176,64,112,,,,,1,1,0,,,,,,,,,,,,,,,,,,,,,
,640,,,0,8.970780,,,,,,,176,64,114,,,,,1,1,0,,,,,,,,,,,,,,,,,,,,,
,641,,,0,8.981196,,,,,,,176,64,111,,,,,1,1,0,,,,,,,,,,,,,,,,,,,,,
302,642,1,4246,0,8.989008,0.0,0.0,0,F#2,,5,144,42,26,,6008,,,1,1,0,,,,,0,,,,,,,,,,,,,,,,
,643,,,0,8.991612,,,,,,,176,64,112,,,,,1,1,0,,,,,,,,,,,,,,,,,,,,,
,644,,,0,9.002028,,,,,,,176,64,111,,,,,1,1,0,,,,,,,,,,,,,,,,,,,,,
,645,,,0,9.020256,,,,,,,176,64,112,,,,,1,1,0,,,,,,,,,,,,,,,,,,,,,
,646,,,0,9.033276,,,,,,,176,64,111,,,,,1,1,0,,,,,,,,,,,,,,,,,,,,,
,647,,,0,9.041088,,,,,,,176,64,114,,,,,1,1,0,,,,,,,,,,,,,,,,,,,,,
,648,,,0,9.046296,,,,,,,128,61,0,,,,,1,1,0,,,,,,,,,,,,,,,,,,,,,
,649,,,0,9.051504,,,,,,,176,64,111,,,,,1,1,0,,,,,,,,,,,,,,,,,,,,,
,650,,,0,9.061920,,,,,,,176,64,112,,,,,1,1,0,,,,,,,,,,,,,,,,,,,,,
,651,,,0,9.072336,,,,,,,176,64,111,,,,,1,1,0,,,,,,,,,,,,,,,,,,,,,
,652,,,0,9.072336,,,,,,,128,42,0,,,,,1,1,0,,,,,,,,,,,,,,,,,,,,,
,653,,,0,9.080148,,,,,,,176,64,112,,,,,1,1,0,,,,,,,,,,,,,,,,,,,,,
,654,,,0,9.093168,,,,,,,176,64,111,,,,,1,1,0,,,,,,,,,,,,,,,,,,,,,
302,655,1,4247,0,9.098376,0.0,0.0,0,A1,,5,144,33,26,,6008,,,1,1,0,,,,,0,,,,,,,,,,,,,,,,
,656,,,0,9.103584,,,,,,,176,64,112,,,,,1,1,0,,,,,,,,,,,,,,,,,,,,,
,657,,,0,9.111396,,,,,,,176,64,111,,,,,1,1,0,,,,,,,,,,,,,,,,,,,,,
,658,,,0,9.132228,,,,,,,176,64,113,,,,,1,1,0,,,,,,,,,,,,,,,,,,,,,
,659,,,0,9.140040,,,,,,,176,64,111,,,,,1,1,0,,,,,,,,,,,,,,,,,,,,,
,660,,,0,9.150456,,,,,,,176,64,113,,,,,1,1,0,,,,,,,,,,,,,,,,,,,,,
,661,,,0,9.160872,,,,,,,176,64,111,,,,,1,1,0,,,,,,,,,,,,,,,,,,,,,
,662,,,0,9.171288,,,,,,,176,64,113,,,,,1,1,0,,,,,,,,,,,,,,,,,,,,,
,663,,,0,9.181704,,,,,,,176,64,111,,,,,1,1,0,,,,,,,,,,,,,,,,,,,,,
,664,,,0,9.192120,,,,,,,176,64,113,,,,,1,1,0,,,,,,,,,,,,,,,,,,,,,
,665,,,0,9.210348,,,,,,,176,64,114,,,,,1,1,0,,,,,,,,,,,,,,,,,,,,,
,666,,,0,9.223368,,,,,,,176,64,113,,,,,1,1,0,,,,,,,,,,,,,,,,,,,,,
302,667,1,4249,0,9.225972,0.0,0.0,0,F#2,,5,144,42,26,,6008,,,1,1,0,,,,,0,,,,,,,,,,,,,,,,
,668,,,0,9.231180,,,,,,,176,64,114,,,,,1,1,0,,,,,,,,,,,,,,,,,,,,,
,669,,,0,9.241596,,,,,,,176,64,115,,,,,1,1,0,,,,,,,,,,,,,,,,,,,,,
,670,,,0,9.252012,,,,,,,176,64,114,,,,,1,1,0,,,,,,,,,,,,,,,,,,,,,
,671,,,0,9.272844,,,,,,,176,64,115,,,,,1,1,0,,,,,,,,,,,,,,,,,,,,,
,672,,,0,9.291072,,,,,,,176,64,114,,,,,1,1,0,,,,,,,,,,,,,,,,,,,,,
,673,,,0,9.296280,,,,,,,128,33,0,,,,,1,1,0,,,,,,,,,,,,,,,,,,,,,
,674,,,0,9.311904,,,,,,,176,64,115,,,,,1,1,0,,,,,,,,,,,,,,,,,,,,,
,675,,,0,9.335340,,,,,,,128,42,0,,,,,1,1,0,,,,,,,,,,,,,,,,,,,,,
,676,,,0,9.343152,,,,,,,176,64,114,,,,,1,1,0,,,,,,,,,,,,,,,,,,,,,
,677,,,0,9.403044,,,,,,,176,64,115,,,,,1,1,0,,,,,,,,,,,,,,,,,,,,,
302,678,1,4250,0,9.416064,0.0,0.0,0,C#4,,5,144,61,26,,6008,,,1,1,0,,,,,0,,,,,,,,,,,,,,,,
,679,,,0,9.421272,,,,,,,176,64,114,,,,,1,1,0,,,,,,,,,,,,,,,,,,,,,
,680,,,0,9.431688,,,,,,,176,64,115,,,,,1,1,0,,,,,,,,,,,,,,,,,,,,,
,681,,,0,9.442104,,,,,,,176,64,114,,,,,1,1,0,,,,,,,,,,,,,,,,,,,,,
,682,,,0,9.452520,,,,,,,176,64,115,,,,,1,1,0,,,,,,,,,,,,,,,,,,,,,
,683,,,0,9.473352,,,,,,,176,64,114,,,,,1,1,0,,,,,,,,,,,,,,,,,,,,,
,684,,,0,9.481164,,,,,,,176,64,115,,,,,1,1,0,,,,,,,,,,,,,,,,,,,,,
302,685,1,4252,0,9.494184,0.0,0.0,0,F#2,,6,144,42,32,,6008,,,1,1,0,,,,,0,,,,,,,,,,,,,,,,
,686,,,0,9.504600,,,,,,,128,61,0,,,,,1,1,0,,,,,,,,,,,,,,,,,,,,,
,687,,,0,9.533244,,,,,,,176,64,114,,,,,1,1,0,,,,,,,,,,,,,,,,,,,,,
,688,,,0,9.541056,,,,,,,176,64,115,,,,,1,1,0,,,,,,,,,,,,,,,,,,,,,
,689,,,0,9.587928,,,,,,,128,42,0,,,,,1,1,0,,,,,,,,,,,,,,,,,,,,,
,690,,,0,9.600948,,,,,,,176,64,114,,,,,1,1,0,,,,,,,,,,,,,,,,,,,,,
,691,,,0,9.632196,,,,,,,176,64,115,,,,,1,1,0,,,,,,,,,,,,,,,,,,,,,
302,692,1,4251,0,9.634800,0.0,0.0,0,A1,,6,144,33,32,,6008,,,1,1,0,,,,,0,,,,,,,,,,,,,,,,
,693,,,0,9.642612,,,,,,,176,64,114,,,,,1,1,0,,,,,,,,,,,,,,,,,,,,,
302,694,1,4253,0,9.658236,0.0,0.0,0,C#4,,6,144,61,32,,6008,,,1,1,0,,,,,0,,,,,,,,,,,,,,,,
,695,,,0,9.681672,,,,,,,176,64,115,,,,,1,1,0,,,,,,,,,,,,,,,,,,,,,
,696,,,0,9.702504,,,,,,,176,64,114,,,,,1,1,0,,,,,,,,,,,,,,,,,,,,,
,697,,,0,9.712920,,,,,,,176,64,115,,,,,1,1,0,,,,,,,,,,,,,,,,,,,,,
,698,,,0,9.731148,,,,,,,176,64,113,,,,,1,1,0,,,,,,,,,,,,,,,,,,,,,
,699,,,0,9.741564,,,,,,,176,64,115,,,,,1,1,0,,,,,,,,,,,,,,,,,,,,,
,700,,,0,9.751980,,,,,,,176,64,113,,,,,1,1,0,,,,,,,,,,,,,,,,,,,,,
,701,,,0,9.759792,,,,,,,128,61,0,,,,,1,1,0,,,,,,,,,,,,,,,,,,,,,
,702,,,0,9.762396,,,,,,,176,64,115,,,,,1,1,0,,,,,,,,,,,,,,,,,,,,,
,703,,,0,9.772812,,,,,,,176,64,114,,,,,1,1,0,,,,,,,,,,,,,,,,,,,,,
,704,,,0,9.772812,,,,,,,128,33,0,,,,,1,1,0,,,,,,,,,,,,,,,,,,,,,
,705,,,0,9.791040,,,,,,,176,64,115,,,,,1,1,0,,,,,,,,,,,,,,,,,,,,,
,706,,,0,9.801456,,,,,,,176,64,114,,,,,1,1,0,,,,,,,,,,,,,,,,,,,,,
,707,,,0,9.822288,,,,,,,176,64,113,,,,,1,1,0,,,,,,,,,,,,,,,,,,,,,
,708,,,0,9.832704,,,,,,,176,64,115,,,,,1,1,0,,,,,,,,,,,,,,,,,,,,,
302,709,1,4254,0,9.837912,0.0,0.0,0,F#2,,6,144,42,32,,6008,,,1,1,0,,,,,0,,,,,,,,,,,,,,,,
,710,,,0,9.843120,,,,,,,176,64,114,,,,,1,1,0,,,,,,,,,,,,,,,,,,,,,
,711,,,0,9.861348,,,,,,,176,64,115,,,,,1,1,0,,,,,,,,,,,,,,,,,,,,,
,712,,,0,9.871764,,,,,,,176,64,114,,,,,1,1,0,,,,,,,,,,,,,,,,,,,,,
,713,,,0,9.921240,,,,,,,176,64,115,,,,,1,1,0,,,,,,,,,,,,,,,,,,,,,
,714,,,0,9.931656,,,,,,,176,64,114,,,,,1,1,0,,,,,,,,,,,,,,,,,,,,,
302,715,1,4256,0,9.934260,0.0,0.0,0,C#4,,7,144,61,37,,6008,,,1,1,0,,,,,0,,,,,,,,,,,,,,,,
,716,,,0,9.944676,,,,,,,128,42,0,,,,,1,1,0,,,,,,,,,,,,,,,,,,,,,
,717,,,0,9.952488,,,,,,,176,64,115,,,,,1,1,0,,,,,,,,,,,,,,,,,,,,,
,718,,,0,9.973320,,,,,,,176,64,114,,,,,1,1,0,,,,,,,,,,,,,,,,,,,,,
,719,,,0,9.981132,,,,,,,176,64,115,,,,,1,1,0,,,,,,,,,,,,,,,,,,,,,
,720,,,0,9.991548,,,,,,,176,64,114,,,,,1,1,0,,,,,,,,,,,,,,,,,,,,,
,721,,,0,10.001964,,,,,,,176,64,115,,,,,1,1,0,,,,,,,,,,,,,,,,,,,,,
,722,,,0,10.012380,,,,,,,176,64,113,,,,,1,1,0,,,,,,,,,,,,,,,,,,,,,
,723,,,0,10.022796,,,,,,,176,64,114,,,,,1,1,0,,,,,,,,,,,,,,,,,,,,,
,724,,,0,10.033212,,,,,,,176,64,115,,,,,1,1,0,,,,,,,,,,,,,,,,,,,,,
,725,,,0,10.041024,,,,,,,176,64,114,,,,,1,1,0,,,,,,,,,,,,,,,,,,,,,
,726,,,0,10.043628,,,,,,,128,61,0,,,,,1,1,0,,,,,,,,,,,,,,,,,,,,,
,727,,,0,10.051440,,,,,,,176,64,115,,,,,1,1,0,,,,,,,,,,,,,,,,,,,,,
,728,,,0,10.082688,,,,,,,176,64,114,,,,,1,1,0,,,,,,,,,,,,,,,,,,,,,
,729,,,0,10.100916,,,,,,,176,64,115,,,,,1,1,0,,,,,,,,,,,,,,,,,,,,,
,730,,,0,10.132164,,,,,,,176,64,114,,,,,1,1,0,,,,,,,,,,,,,,,,,,,,,
,731,,,0,10.142580,,,,,,,176,64,115,,,,,1,1,0,,,,,,,,,,,,,,,,,,,,,
,732,,,0,10.163412,,,,,,,176,64,114,,,,,1,1,0,,,,,,,,,,,,,,,,,,,,,
,733,,,0,10.171224,,,,,,,176,64,115,,,,,1,1,0,,,,,,,,,,,,,,,,,,,,,
302,734,1,4257,0,10.231116,0.0,0.0,0,F#2,,7,144,42,37,,6008,,,1,1,0,,,,,0,,,,,,,,,,,,,,,,
,735,,,0,10.262364,,,,,,,128,33,0,,,,,1,1,0,,,,,,,,,,,,,,,,,,,,,
,736,,,0,10.293612,,,,,,,176,64,114,,,,,1,1,0,,,,,,,,,,,,,,,,,,,,,
,737,,,0,10.304028,,,,,,,176,64,115,,,,,1,1,0,,,,,,,,,,,,,,,,,,,,,
303,738,1,4258,0,10.306632,0.0,0.0,0,C#4,,7,144,61,37,,6008,,,1,1,0,,,,,0,,,,,,,,,,,,,,,,
,739,,,0,10.317048,,,,,,,128,42,0,,,,,1,1,0,,,,,,,,,,,,,,,,,,,,,
,740,,,0,10.332672,,,,,,,176,64,114,,,,,1,1,0,,,,,,,,,,,,,,,,,,,,,
,741,,,0,10.350900,,,,,,,176,64,115,,,,,1,1,0,,,,,,,,,,,,,,,,,,,,,
,742,,,0,10.361316,,,,,,,176,64,114,,,,,1,1,0,,,,,,,,,,,,,,,,,,,,,
,743,,,0,10.382148,,,,,,,176,64,115,,,,,1,1,0,,,,,,,,,,,,,,,,,,,,,
,744,,,0,10.392564,,,,,,,176,64,114,,,,,1,1,0,,,,,,,,,,,,,,,,,,,,,
,745,,,0,10.402980,,,,,,,176,64,115,,,,,1,1,0,,,,,,,,,,,,,,,,,,,,,
,746,,,0,10.410792,,,,,,,176,64,114,,,,,1,1,0,,,,,,,,,,,,,,,,,,,,,
,747,,,0,10.429020,,,,,,,128,61,0,,,,,1,1,0,,,,,,,,,,,,,,,,,,,,,
,748,,,0,10.431624,,,,,,,176,64,115,,,,,1,1,0,,,,,,,,,,,,,,,,,,,,,
,749,,,0,10.473288,,,,,,,176,64,114,,,,,1,1,0,,,,,,,,,,,,,,,,,,,,,
,750,,,0,10.481100,,,,,,,176,64,115,,,,,1,1,0,,,,,,,,,,,,,,,,,,,,,
303,751,1,4260,0,10.509744,0.0,0.0,0,F#2,,7,144,42,37,,6008,,,1,1,0,,,,,0,,,,,,,,,,,,,,,,
,752,,,0,10.561824,,,,,,,176,64,114,,,,,1,1,0,,,,,,,,,,,,,,,,,,,,,
,753,,,0,10.582656,,,,,,,176,64,115,,,,,1,1,0,,,,,,,,,,,,,,,,,,,,,
,754,,,0,10.585260,,,,,,,128,42,0,,,,,1,1,0,,,,,,,,,,,,,,,,,,,,,
,755,,,0,10.600884,,,,,,,176,64,114,,,,,1,1,0,,,,,,,,,,,,,,,,,,,,,
303,756,1,4261,0,10.619112,0.0,0.0,0,C#4,,8,144,61,42,,6008,,,1,1,0,,,,,0,,,,,,,,,,,,,,,,
303,757,1,4263,0,10.626924,0.0,0.0,0,A1,,8,144,33,42,,6008,,,1,1,0,,,,,0,,,,,,,,,,,,,,,,
,758,,,0,10.632132,,,,,,,176,64,115,,,,,1,1,0,,,,,,,,,,,,,,,,,,,,,
,759,,,0,10.652964,,,,,,,176,64,114,,,,,1,1,0,,,,,,,,,,,,,,,,,,,,,
,760,,,0,10.671192,,,,,,,176,64,115,,,,,1,1,0,,,,,,,,,,,,,,,,,,,,,
,761,,,0,10.702440,,,,,,,128,61,0,,,,,1,1,0,,,,,,,,,,,,,,,,,,,,,
,762,,,0,10.712856,,,,,,,176,64,114,,,,,1,1,0,,,,,,,,,,,,,,,,,,,,,
,763,,,0,10.723272,,,,,,,176,64,115,,,,,1,1,0,,,,,,,,,,,,,,,,,,,,,
303,764,1,4265,0,10.736292,0.0,0.0,0,F#2,,9,144,42,48,,6008,,,1,1,0,,,,,0,,,,,,,,,,,,,,,,
,765,,,0,10.736292,,,,,,,128,33,0,,,,,1,1,0,,,,,,,,,,,,,,,,,,,,,
,766,,,0,10.790976,,,,,,,176,64,114,,,,,1,1,0,,,,,,,,,,,,,,,,,,,,,
,767,,,0,10.827432,,,,,,,128,42,0,,,,,1,1,0,,,,,,,,,,,,,,,,,,,,,
,768,,,0,10.843056,,,,,,,176,64,115,,,,,1,1,0,,,,,,,,,,,,,,,,,,,,,
,769,,,0,10.850868,,,,,,,176,64,114,,,,,1,1,0,,,,,,,,,,,,,,,,,,,,,
,770,,,0,10.871700,,,,,,,176,64,115,,,,,1,1,0,,,,,,,,,,,,,,,,,,,,,
,771,,,0,10.882116,,,,,,,176,64,114,,,,,1,1,0,,,,,,,,,,,,,,,,,,,,,
,772,,,0,10.892532,,,,,,,176,64,115,,,,,1,1,0,,,,,,,,,,,,,,,,,,,,,
303,773,1,4267,0,10.902948,0.0,0.0,0,A1,,9,144,33,48,,6008,,,1,1,0,,,,,0,,,,,,,,,,,,,,,,
,774,,,0,10.942008,,,,,,,176,64,114,,,,,1,1,0,,,,,,,,,,,,,,,,,,,,,
303,775,1,4269,0,10.947216,0.0,0.0,0,C#4,,9,144,61,48,,6008,,,1,1,0,,,,,0,,,,,,,,,,,,,,,,
,776,,,0,10.952424,,,,,,,176,64,115,,,,,1,1,0,,,,,,,,,,,,,,,,,,,,,
303,777,1,4270,0,10.957632,0.0,0.0,0,F#2,,9,144,42,48,,6008,,,1,1,0,,,,,0,,,,,,,,,,,,,,,,
,778,,,0,10.973256,,,,,,,176,64,114,,,,,1,1,0,,,,,,,,,,,,,,,,,,,,,
,779,,,0,10.981068,,,,,,,176,64,115,,,,,1,1,0,,,,,,,,,,,,,,,,,,,,,
,780,,,0,10.988880,,,,,,,128,33,0,,,,,1,1,0,,,,,,,,,,,,,,,,,,,,,
,781,,,0,11.001900,,,,,,,176,64,114,,,,,1,1,0,,,,,,,,,,,,,,,,,,,,,
,782,,,0,11.012316,,,,,,,176,64,115,,,,,1,1,0,,,,,,,,,,,,,,,,,,,,,
,783,,,0,11.022732,,,,,,,176,64,114,,,,,1,1,0,,,,,,,,,,,,,,,,,,,,,
,784,,,0,11.033148,,,,,,,176,64,115,,,,,1,1,0,,,,,,,,,,,,,,,,,,,,,
,785,,,0,11.043564,,,,,,,128,61,0,,,,,1,1,0,,,,,,,,,,,,,,,,,,,,,
,786,,,0,11.043564,,,,,,,128,42,0,,,,,1,1,0,,,,,,,,,,,,,,,,,,,,,
,787,,,0,11.061792,,,,,,,176,64,114,,,,,1,1,0,,,,,,,,,,,,,,,,,,,,,
,788,,,0,11.072208,,,,,,,176,64,115,,,,,1,1,0,,,,,,,,,,,,,,,,,,,,,
,789,,,0,11.100852,,,,,,,176,64,114,,,,,1,1,0,,,,,,,,,,,,,,,,,,,,,
303,790,1,4271,0,11.106060,0.0,0.0,0,A1,,10,144,33,53,,6008,,,1,1,0,,,,,0,,,,,,,,,,,,,,,,
,791,,,0,11.111268,,,,,,,176,64,115,,,,,1,1,0,,,,,,,,,,,,,,,,,,,,,
,792,,,0,11.171160,,,,,,,176,64,114,,,,,1,1,0,,,,,,,,,,,,,,,,,,,,,
,793,,,0,11.212824,,,,,,,176,64,115,,,,,1,1,0,,,,,,,,,,,,,,,,,,,,,
303,794,1,4273,0,11.272716,0.0,0.0,0,F#2,,10,144,42,53,,6008,,,1,1,0,,,,,0,,,,,,,,,,,,,,,,
,795,,,0,11.283132,,,,,,,176,64,114,,,,,1,1,0,,,,,,,,,,,,,,,,,,,,,
303,796,1,4274,0,11.285736,0.0,0.0,0,C#4,,10,144,61,53,,6008,,,1,1,0,,,,,0,,,,,,,,,,,,,,,,
,797,,,0,11.290944,,,,,,,176,64,115,,,,,1,1,0,,,,,,,,,,,,,,,,,,,,,
,798,,,0,11.298756,,,,,,,128,33,0,,,,,1,1,0,,,,,,,,,,,,,,,,,,,,,
,799,,,0,11.311776,,,,,,,176,64,114,,,,,1,1,0,,,,,,,,,,,,,,,,,,,,,
,800,,,0,11.322192,,,,,,,176,64,115,,,,,1,1,0,,,,,,,,,,,,,,,,,,,,,
,801,,,0,11.332608,,,,,,,176,64,114,,,,,1,1,0,,,,,,,,,,,,,,,,,,,,,
,802,,,0,11.350836,,,,,,,176,64,115,,,,,1,1,0,,,,,,,,,,,,,,,,,,,,,
,803,,,0,11.369064,,,,,,,128,61,0,,,,,1,1,0,,,,,,,,,,,,,,,,,,,,,
,804,,,0,11.371668,,,,,,,128,42,0,,,,,1,1,0,,,,,,,,,,,,,,,,,,,,,
,805,,,0,11.371668,,,,,,,176,67,124,,,,,1,1,0,,,,,,,,,,,,,,,,,,,,,
,806,,,0,11.382084,,,,,,,176,67,121,,,,,1,1,0,,,,,,,,,,,,,,,,,,,,,
,807,,,0,11.392500,,,,,,,176,67,120,,,,,1,1,0,,,,,,,,,,,,,,,,,,,,,
,808,,,0,11.402916,,,,,,,176,67,115,,,,,1,1,0,,,,,,,,,,,,,,,,,,,,,
,809,,,0,11.410728,,,,,,,176,67,114,,,,,1,1,0,,,,,,,,,,,,,,,,,,,,,
,810,,,0,11.421144,,,,,,,176,67,112,,,,,1,1,0,,,,,,,,,,,,,,,,,,,,,
,811,,,0,11.431560,,,,,,,176,67,108,,,,,1,1,0,,,,,,,,,,,,,,,,,,,,,
,812,,,0,11.441976,,,,,,,176,64,114,,,,,1,1,0,,,,,,,,,,,,,,,,,,,,,
,813,,,0,11.441976,,,,,,,176,67,107,,,,,1,1,0,,,,,,,,,,,,,,,,,,,,,
,814,,,0,11.452392,,,,,,,176,64,115,,,,,1,1,0,,,,,,,,,,,,,,,,,,,,,
,815,,,0,11.452392,,,,,,,176,67,105,,,,,1,1,0,,,,,,,,,,,,,,,,,,,,,
,816,,,0,11.462808,,,,,,,176,64,114,,,,,1,1,0,,,,,,,,,,,,,,,,,,,,,
,817,,,0,11.462808,,,,,,,176,67,101,,,,,1,1,0,,,,,,,,,,,,,,,,,,,,,
,818,,,0,11.470620,,,,,,,176,64,115,,,,,1,1,0,,,,,,,,,,,,,,,,,,,,,
,819,,,0,11.473224,,,,,,,176,67,100,,,,,1,1,0,,,,,,,,,,,,,,,,,,,,,
303,820,1,4275,0,11.478432,0.0,0.0,0,A1,,10,144,33,53,,6008,,,1,1,0,,,,,0,,,,,,,,,,,,,,,,
,821,,,0,11.481036,,,,,,,176,64,114,,,,,1,1,0,,,,,,,,,,,,,,,,,,,,,
,822,,,0,11.483640,,,,,,,176,67,96,,,,,1,1,0,,,,,,,,,,,,,,,,,,,,,
,823,,,0,11.491452,,,,,,,176,67,94,,,,,1,1,0,,,,,,,,,,,,,,,,,,,,,
303,824,1,4274,0,11.494056,0.0,0.0,0,C#4,,10,144,61,53,,6008,,,1,1,0,,,,,0,,,,,,,,,,,,,,,,
,825,,,0,11.501868,,,,,,,176,64,115,,,,,1,1,0,,,,,,,,,,,,,,,,,,,,,
,826,,,0,11.512284,,,,,,,176,64,114,,,,,1,1,0,,,,,,,,,,,,,,,,,,,,,
,827,,,0,11.512284,,,,,,,176,67,89,,,,,1,1,0,,,,,,,,,,,,,,,,,,,,,
,828,,,0,11.522700,,,,,,,176,67,87,,,,,1,1,0,,,,,,,,,,,,,,,,,,,,,
303,829,1,4276,0,11.527908,0.0,0.0,0,F#2,,10,144,42,53,,6008,,,1,1,0,,,,,0,,,,,,,,,,,,,,,,
,830,,,0,11.533116,,,,,,,176,64,115,,,,,1,1,0,,,,,,,,,,,,,,,,,,,,,
,831,,,0,11.540928,,,,,,,176,64,114,,,,,1,1,0,,,,,,,,,,,,,,,,,,,,,
,832,,,0,11.551344,,,,,,,176,64,115,,,,,1,1,0,,,,,,,,,,,,,,,,,,,,,
,833,,,0,11.553948,,,,,,,176,67,82,,,,,1,1,0,,,,,,,,,,,,,,,,,,,,,
,834,,,0,11.561760,,,,,,,176,67,80,,,,,1,1,0,,,,,,,,,,,,,,,,,,,,,
,835,,,0,11.566968,,,,,,,128,33,0,,,,,1,1,0,,,,,,,,,,,,,,,,,,,,,
,836,,,0,11.572176,,,,,,,176,64,114,,,,,1,1,0,,,,,,,,,,,,,,,,,,,,,
,837,,,0,11.582592,,,,,,,176,64,115,,,,,1,1,0,,,,,,,,,,,,,,,,,,,,,
,838,,,0,11.593008,,,,,,,176,64,114,,,,,1,1,0,,,,,,,,,,,,,,,,,,,,,
,839,,,0,11.608632,,,,,,,128,61,0,,,,,1,1,0,,,,,,,,,,,,,,,,,,,,,
,840,,,0,11.611236,,,,,,,176,67,76,,,,,1,1,0,,,,,,,,,,,,,,,,,,,,,
,841,,,0,11.621652,,,,,,,176,64,115,,,,,1,1,0,,,,,,,,,,,,,,,,,,,,,
,842,,,0,11.621652,,,,,,,176,67,74,,,,,1,1,0,,,,,,,,,,,,,,,,,,,,,
,843,,,0,11.632068,,,,,,,128,42,0,,,,,1,1,0,,,,,,,,,,,,,,,,,,,,,
,844,,,0,11.634672,,,,,,,176,64,114,,,,,1,1,0,,,,,,,,,,,,,,,,,,,,,
,845,,,0,11.634672,,,,,,,176,67,73,,,,,1,1,0,,,,,,,,,,,,,,,,,,,,,
,846,,,0,11.645088,,,,,,,176,64,115,,,,,1,1,0,,,,,,,,,,,,,,,,,,,,,
,847,,,0,11.647692,,,,,,,176,67,74,,,,,1,1,0,,,,,,,,,,,,,,,,,,,,,
,848,,,0,11.660712,,,,,,,176,64,114,,,,,1,1,0,,,,,,,,,,,,,,,,,,,,,
,849,,,0,11.663316,,,,,,,176,67,73,,,,,1,1,0,,,,,,,,,,,,,,,,,,,,,
303,850,1,4277,0,11.668524,0.0,0.0,0,A1,,10,144,33,53,,6008,,,1,1,0,,,,,0,,,,,,,,,,,,,,,,
,851,,,0,11.671128,,,,,,,176,64,115,,,,,1,1,0,,,,,,,,,,,,,,,,,,,,,
,852,,,0,11.673732,,,,,,,176,67,74,,,,,1,1,0,,,,,,,,,,,,,,,,,,,,,
,853,,,0,11.702376,,,,,,,176,67,73,,,,,1,1,0,,,,,,,,,,,,,,,,,,,,,
,854,,,0,11.712792,,,,,,,176,64,114,,,,,1,1,0,,,,,,,,,,,,,,,,,,,,,
,855,,,0,11.720604,,,,,,,176,64,115,,,,,1,1,0,,,,,,,,,,,,,,,,,,,,,
,856,,,0,11.741436,,,,,,,176,64,114,,,,,1,1,0,,,,,,,,,,,,,,,,,,,,,
,857,,,0,11.744040,,,,,,,176,67,72,,,,,1,1,0,,,,,,,,,,,,,,,,,,,,,
,858,,,0,11.751852,,,,,,,176,64,115,,,,,1,1,0,,,,,,,,,,,,,,,,,,,,,
,859,,,0,11.772684,,,,,,,176,67,70,,,,,1,1,0,,,,,,,,,,,,,,,,,,,,,
,860,,,0,11.783100,,,,,,,176,67,67,,,,,1,1,0,,,,,,,,,,,,,,,,,,,,,
303,861,1,4276,0,11.790912,0.0,0.0,0,F#2,,10,144,42,53,,6008,,,1,1,0,,,,,0,,,,,,,,,,,,,,,,
,862,,,0,11.801328,,,,,,,176,64,114,,,,,1,1,0,,,,,,,,,,,,,,,,,,,,,
,863,,,0,11.811744,,,,,,,176,64,115,,,,,1,1,0,,,,,,,,,,,,,,,,,,,,,
,864,,,0,11.842992,,,,,,,128,33,0,,,,,1,1,0,,,,,,,,,,,,,,,,,,,,,
0,865,1,0,0,11.856012,0.0,0.0,0,C#4,,-1,144,61,52,,,,,1,1,0,,,,,,,,,,,,,,,,,,,,,
,866,,,0,11.861220,,,,,,,176,64,114,,,,,1,1,0,,,,,,,,,,,,,,,,,,,,,
,867,,,0,11.863824,,,,,,,176,67,64,,,,,1,1,0,,,,,,,,,,,,,,,,,,,,,
,868,,,0,11.871636,,,,,,,176,64,115,,,,,1,1,0,,,,,,,,,,,,,,,,,,,,,
,869,,,0,11.874240,,,,,,,176,67,63,,,,,1,0,0,,,,,,,,,,,,,,,,,,,,,
,870,,,0,11.882052,,,,,,,176,67,60,,,,,1,0,0,,,,,,,,,,,,,,,,,,,,,
,871,,,0,11.913300,,,,,,,128,42,0,,,,,1,0,0,,,,,,,,,,,,,,,,,,,,,
,872,,,0,11.931528,,,,,,,176,67,57,,,,,1,0,0,,,,,,,,,,,,,,,,,,,,,
,873,,,0,11.941944,,,,,,,176,64,114,,,,,1,0,0,,,,,,,,,,,,,,,,,,,,,
,874,,,0,11.941944,,,,,,,176,67,55,,,,,1,0,0,,,,,,,,,,,,,,,,,,,,,
,875,,,0,11.952360,,,,,,,176,64,115,,,,,1,0,0,,,,,,,,,,,,,,,,,,,,,
,876,,,0,11.952360,,,,,,,176,67,54,,,,,1,0,0,,,,,,,,,,,,,,,,,,,,,
,877,,,0,11.962776,,,,,,,176,67,53,,,,,1,0,0,,,,,,,,,,,,,,,,,,,,,
,878,,,0,11.981004,,,,,,,176,64,114,,,,,1,0,0,,,,,,,,,,,,,,,,,,,,,
,879,,,0,11.991420,,,,,,,176,67,50,,,,,1,0,0,,,,,,,,,,,,,,,,,,,,,
,880,,,0,12.001836,,,,,,,176,67,48,,,,,1,0,0,,,,,,,,,,,,,,,,,,,,,
303,881,1,4277,0,12.009648,0.0,0.0,0,A1,,10,144,33,53,,6008,,,1,0,0,,,,,0,,,,,,,,,,,,,,,,
,882,,,0,12.012252,,,,,,,176,64,115,,,,,1,0,0,,,,,,,,,,,,,,,,,,,,,
,883,,,0,12.012252,,,,,,,176,67,47,,,,,1,0,0,,,,,,,,,,,,,,,,,,,,,
,884,,,0,12.022668,,,,,,,128,61,0,,,,,1,0,0,,,,,,,,,,,,,,,,,,,,,
,885,,,0,12.040896,,,,,,,176,67,45,,,,,1,0,0,,,,,,,,,,,,,,,,,,,,,
,886,,,0,12.051312,,,,,,,176,64,114,,,,,1,0,0,,,,,,,,,,,,,,,,,,,,,
,887,,,0,12.053916,,,,,,,176,67,43,,,,,1,0,0,,,,,,,,,,,,,,,,,,,,,
,888,,,0,12.061728,,,,,,,176,64,115,,,,,1,0,0,,,,,,,,,,,,,,,,,,,,,
,889,,,0,12.061728,,,,,,,176,67,40,,,,,1,0,0,,,,,,,,,,,,,,,,,,,,,
,890,,,0,12.092976,,,,,,,176,64,114,,,,,1,0,0,,,,,,,,,,,,,,,,,,,,,
,891,,,0,12.100788,,,,,,,176,64,115,,,,,1,0,0,,,,,,,,,,,,,,,,,,,,,
303,892,1,4276,0,12.134640,0.0,0.0,0,F#2,,10,144,42,53,,6008,,,1,0,0,,,,,0,,,,,,,,,,,,,,,,
,893,,,0,12.173700,,,,,,,128,33,0,,,,,1,0,0,,,,,,,,,,,,,,,,,,,,,
,894,,,0,12.181512,,,,,,,176,64,114,,,,,1,0,0,,,,,,,,,,,,,,,,,,,,,
,895,,,0,12.191928,,,,,,,176,64,115,,,,,1,0,0,,,,,,,,,,,,,,,,,,,,,
,896,,,0,12.223176,,,,,,,128,42,0,,,,,1,0,0,,,,,,,,,,,,,,,,,,,,,
0,897,1,0,0,12.230988,0.0,0.0,0,C#4,,-1,144,61,41,,,,,1,0,0,,,,,,,,,,,,,,,,,,,,,
,898,,,0,12.230988,,,,,,,176,64,114,,,,,1,0,0,,,,,,,,,,,,,,,,,,,,,
,899,,,0,12.251820,,,,,,,176,64,115,,,,,1,0,0,,,,,,,,,,,,,,,,,,,,,
,900,,,0,12.262236,,,,,,,176,64,114,,,,,1,0,0,,,,,,,,,,,,,,,,,,,,,
,901,,,0,12.272652,,,,,,,176,64,115,,,,,1,0,0,,,,,,,,,,,,,,,,,,,,,
,902,,,0,12.322128,,,,,,,176,64,114,,,,,1,0,0,,,,,,,,,,,,,,,,,,,,,
,903,,,0,12.332544,,,,,,,176,64,115,,,,,1,0,0,,,,,,,,,,,,,,,,,,,,,
303,904,1,4277,0,12.358584,0.0,0.0,0,A1,,10,144,33,53,,6008,,,1,0,0,,,,,0,,,,,,,,,,,,,,,,
,905,,,0,12.410664,,,,,,,176,64,114,,,,,1,0,0,,,,,,,,,,,,,,,,,,,,,
,906,,,0,12.421080,,,,,,,176,64,115,,,,,1,0,0,,,,,,,,,,,,,,,,,,,,,
,907,,,0,12.434100,,,,,,,128,71,0,,,,,1,0,0,,,,,,,,,,,,,,,,,,,,,
303,908,1,4276,0,12.444516,0.0,0.0,0,F#2,,10,144,42,53,,6008,,,1,0,0,,,,,0,,,,,,,,,,,,,,,,
,909,,,0,12.452328,,,,,,,128,61,0,,,,,1,0,0,,,,,,,,,,,,,,,,,,,,,
,910,,,0,12.457536,,,,,,,128,33,0,,,,,1,0,0,,,,,,,,,,,,,,,,,,,,,
,911,,,0,12.491388,,,,,,,176,64,114,,,,,1,0,0,,,,,,,,,,,,,,,,,,,,,
,912,,,0,12.501804,,,,,,,176,64,115,,,,,1,0,0,,,,,,,,,,,,,,,,,,,,,
,913,,,0,12.548676,,,,,,,128,42,0,,,,,1,0,0,,,,,,,,,,,,,,,,,,,,,
,914,,,0,12.561696,,,,,,,176,64,114,,,,,1,0,0,,,,,,,,,,,,,,,,,,,,,
,915,,,0,12.572112,,,,,,,176,64,115,,,,,1,0,0,,,,,,,,,,,,,,,,,,,,,
303,916,1,4277,0,12.582528,0.0,0.0,0,A1,,10,144,33,53,,6008,,,1,0,0,,,,,0,,,,,,,,,,,,,,,,
,917,,,0,12.592944,,,,,,,176,64,114,,,,,1,0,0,,,,,,,,,,,,,,,,,,,,,
,918,,,0,12.600756,,,,,,,176,64,115,,,,,1,0,0,,,,,,,,,,,,,,,,,,,,,
,919,,,0,12.611172,,,,,,,176,64,114,,,,,1,0,0,,,,,,,,,,,,,,,,,,,,,
,920,,,0,12.621588,,,,,,,176,64,115,,,,,1,0,0,,,,,,,,,,,,,,,,,,,,,
,921,,,0,12.660648,,,,,,,176,64,114,,,,,1,0,0,,,,,,,,,,,,,,,,,,,,,
,922,,,0,12.671064,,,,,,,176,64,115,,,,,1,0,0,,,,,,,,,,,,,,,,,,,,,
,923,,,0,12.691896,,,,,,,176,64,114,,,,,1,0,0,,,,,,,,,,,,,,,,,,,,,
,924,,,0,12.702312,,,,,,,176,64,115,,,,,1,0,0,,,,,,,,,,,,,,,,,,,,,
303,925,1,4278,0,12.710124,0.0,0.0,0,D#5,,11,144,75,58,,6008,,,1,0,0,,,,,0,,,,,,,,,,,,,,,,
,926,,,0,12.733560,,,,,,,128,33,0,,,,,1,0,0,,,,,,,,,,,,,,,,,,,,,
,927,,,0,12.751788,,,,,,,176,64,114,,,,,1,0,0,,,,,,,,,,,,,,,,,,,,,
,928,,,0,12.762204,,,,,,,176,64,115,,,,,1,0,0,,,,,,,,,,,,,,,,,,,,,
,929,,,0,12.772620,,,,,,,176,64,114,,,,,1,0,0,,,,,,,,,,,,,,,,,,,,,
,930,,,0,12.790848,,,,,,,176,64,115,,,,,1,0,0,,,,,,,,,,,,,,,,,,,,,
,931,,,0,12.811680,,,,,,,128,75,0,,,,,1,0,0,,,,,,,,,,,,,,,,,,,,,
,932,,,0,12.822096,,,,,,,176,64,114,,,,,1,0,0,,,,,,,,,,,,,,,,,,,,,
303,933,1,4279,0,12.827304,0.0,0.0,0,B4,,11,144,71,58,,6008,,,1,0,0,,,,,0,,,,,,,,,,,,,,,,
,934,,,0,12.850740,,,,,,,176,64,115,,,,,1,0,0,,,,,,,,,,,,,,,,,,,,,
,935,,,0,12.892404,,,,,,,176,64,114,,,,,1,0,0,,,,,,,,,,,,,,,,,,,,,
,936,,,0,12.910632,,,,,,,176,64,115,,,,,1,0,0,,,,,,,,,,,,,,,,,,,,,
,937,,,0,12.962712,,,,,,,176,64,114,,,,,1,0,0,,,,,,,,,,,,,,,,,,,,,
,938,,,0,12.970524,,,,,,,176,64,115,,,,,1,0,0,,,,,,,,,,,,,,,,,,,,,
,939,,,0,13.001772,,,,,,,176,64,113,,,,,1,0,0,,,,,,,,,,,,,,,,,,,,,
,940,,,0,13.012188,,,,,,,176,64,111,,,,,1,0,0,,,,,,,,,,,,,,,,,,,,,
,941,,,0,13.014792,,,,,,,128,71,0,,,,,1,0,0,,,,,,,,,,,,,,,,,,,,,
,942,,,0,13.022604,,,,,,,176,64,108,,,,,1,0,0,,,,,,,,,,,,,,,,,,,,,
,943,,,0,13.033020,,,,,,,176,64,99,,,,,1,0,0,,,,,,,,,,,,,,,,,,,,,
303,944,1,4280,0,13.038228,0.0,0.0,0,D#5,,10,144,75,53,,6008,,,1,0,0,,,,,0,,,,,,,,,,,,,,,,
,945,,,0,13.040832,,,,,,,176,64,82,,,,,1,0,0,,,,,,,,,,,,,,,,,,,,,
303,946,1,4280,0,13.043436,0.0,0.0,0,B3,,11,144,59,58,,6008,,,1,0,0,,,,,0,,,,,,,,,,,,,,,,
,947,,,0,13.051248,,,,,,,176,64,59,,,,,0,0,0,,,,,,,,,,,,,,,,,,,,,
,948,,,0,13.061664,,,,,,,176,64,36,,,,,0,0,0,,,,,,,,,,,,,,,,,,,,,
,949,,,0,13.072080,,,,,,,176,64,17,,,,,0,0,0,,,,,,,,,,,,,,,,,,,,,
,950,,,0,13.082496,,,,,,,176,64,8,,,,,0,0,0,,,,,,,,,,,,,,,,,,,,,
,951,,,0,13.121556,,,,,,,176,64,7,,,,,0,0,0,,,,,,,,,,,,,,,,,,,,,
,952,,,0,13.131972,,,,,,,176,64,8,,,,,0,0,0,,,,,,,,,,,,,,,,,,,,,
,953,,,0,13.152804,,,,,,,176,64,7,,,,,0,0,0,,,,,,,,,,,,,,,,,,,,,
,954,,,0,13.160616,,,,,,,176,64,8,,,,,0,0,0,,,,,,,,,,,,,,,,,,,,,
,955,,,0,13.181448,,,,,,,176,64,7,,,,,0,0,0,,,,,,,,,,,,,,,,,,,,,
,956,,,0,13.223112,,,,,,,176,64,8,,,,,0,0,0,,,,,,,,,,,,,,,,,,,,,
,957,,,0,13.233528,,,,,,,176,64,7,,,,,0,0,0,,,,,,,,,,,,,,,,,,,,,
,958,,,0,13.238736,,,,,,,128,75,0,,,,,0,0,0,,,,,,,,,,,,,,,,,,,,,
,959,,,0,13.241340,,,,,,,176,64,8,,,,,0,0,0,,,,,,,,,,,,,,,,,,,,,
,960,,,0,13.262172,,,,,,,176,64,9,,,,,0,0,0,,,,,,,,,,,,,,,,,,,,,
303,961,1,4281,0,13.267380,0.0,0.0,0,B4,,9,144,71,48,,6008,,,0,0,0,,,,,0,,,,,,,,,,,,,,,,
,962,,,0,13.272588,,,,,,,176,64,12,,,,,0,0,0,,,,,,,,,,,,,,,,,,,,,
,963,,,0,13.283004,,,,,,,176,64,15,,,,,0,0,0,,,,,,,,,,,,,,,,,,,,,
,964,,,0,13.290816,,,,,,,176,64,19,,,,,0,0,0,,,,,,,,,,,,,,,,,,,,,
303,965,1,4281,0,13.293420,0.0,0.0,0,G3,,10,144,55,53,,6008,,,0,0,0,,,,,0,,,,,,,,,,,,,,,,
,966,,,0,13.301232,,,,,,,128,59,0,,,,,0,0,0,,,,,,,,,,,,,,,,,,,,,
,967,,,0,13.301232,,,,,,,176,64,23,,,,,0,0,0,,,,,,,,,,,,,,,,,,,,,
,968,,,0,13.311648,,,,,,,176,64,27,,,,,0,0,0,,,,,,,,,,,,,,,,,,,,,
,969,,,0,13.322064,,,,,,,176,64,33,,,,,0,0,0,,,,,,,,,,,,,,,,,,,,,
,970,,,0,13.332480,,,,,,,176,64,39,,,,,0,0,0,,,,,,,,,,,,,,,,,,,,,
,971,,,0,13.342896,,,,,,,176,64,49,,,,,0,0,0,,,,,,,,,,,,,,,,,,,,,
,972,,,0,13.350708,,,,,,,176,64,60,,,,,0,0,0,,,,,,,,,,,,,,,,,,,,,
,973,,,0,13.358520,,,,,,,128,71,0,,,,,0,0,0,,,,,,,,,,,,,,,,,,,,,
,974,,,0,13.361124,,,,,,,176,64,74,,,,,1,0,0,,,,,,,,,,,,,,,,,,,,,
,975,,,0,13.371540,,,,,,,176,64,91,,,,,1,0,0,,,,,,,,,,,,,,,,,,,,,
303,976,1,4282,0,13.376748,0.0,0.0,0,D#5,,9,144,75,48,,6008,,,1,0,0,,,,,0,,,,,,,,,,,,,,,,
,977,,,0,13.381956,,,,,,,176,64,108,,,,,1,0,0,,,,,,,,,,,,,,,,,,,,,
,978,,,0,13.389768,,,,,,,128,55,0,,,,,1,0,0,,,,,,,,,,,,,,,,,,,,,
,979,,,0,13.392372,,,,,,,176,64,118,,,,,1,0,0,,,,,,,,,,,,,,,,,,,,,
,980,,,0,13.402788,,,,,,,176,64,115,,,,,1,0,0,,,,,,,,,,,,,,,,,,,,,
,981,,,0,13.410600,,,,,,,176,64,111,,,,,1,0,0,,,,,,,,,,,,,,,,,,,,,
,982,,,0,13.431432,,,,,,,176,64,115,,,,,1,0,0,,,,,,,,,,,,,,,,,,,,,
,983,,,0,13.441848,,,,,,,176,64,112,,,,,1,0,0,,,,,,,,,,,,,,,,,,,,,
,984,,,0,13.452264,,,,,,,176,64,114,,,,,1,0,0,,,,,,,,,,,,,,,,,,,,,
,985,,,0,13.462680,,,,,,,176,64,115,,,,,1,0,0,,,,,,,,,,,,,,,,,,,,,
,986,,,0,13.470492,,,,,,,176,64,114,,,,,1,0,0,,,,,,,,,,,,,,,,,,,,,
,987,,,0,13.473096,,,,,,,128,75,0,,,,,1,0,0,,,,,,,,,,,,,,,,,,,,,
,988,,,0,13.480908,,,,,,,176,64,115,,,,,1,0,0,,,,,,,,,,,,,,,,,,,,,
,989,,,0,13.501740,,,,,,,176,64,114,,,,,1,0,0,,,,,,,,,,,,,,,,,,,,,
,990,,,0,13.512156,,,,,,,176,64,113,,,,,1,0,0,,,,,,,,,,,,,,,,,,,,,
,991,,,0,13.522572,,,,,,,176,64,115,,,,,1,0,0,,,,,,,,,,,,,,,,,,,,,
,992,,,0,13.532988,,,,,,,176,64,114,,,,,1,0,0,,,,,,,,,,,,,,,,,,,,,
303,993,1,4283,0,13.532988,0.0,0.0,0,B4,,8,144,71,42,,6008,,,1,0,0,,,,,0,,,,,,,,,,,,,,,,
,994,,,0,13.540800,,,,,,,176,64,115,,,,,1,0,0,,,,,,,,,,,,,,,,,,,,,
303,995,1,4284,0,13.559028,0.0,0.0,0,G3,,8,144,55,42,,6008,,,1,0,0,,,,,0,,,,,,,,,,,,,,,,
,996,,,0,13.561632,,,,,,,176,64,114,,,,,1,0,0,,,,,,,,,,,,,,,,,,,,,
,997,,,0,13.572048,,,,,,,176,64,115,,,,,1,0,0,,,,,,,,,,,,,,,,,,,,,
,998,,,0,13.592880,,,,,,,176,64,114,,,,,1,0,0,,,,,,,,,,,,,,,,,,,,,
,999,,,0,13.600692,,,,,,,176,64,115,,,,,1,0,0,,,,,,,,,,,,,,,,,,,,,
,1000,,,0,13.611108,,,,,,,176,64,114,,,,,1,0,0,,,,,,,,,,,,,,,,,,,,,
,1001,,,0,13.631940,,,,,,,176,64,115,,,,,1,0,0,,,,,,,,,,,,,,,,,,,,,
,1002,,,0,13.637148,,,,,,,128,55,0,,,,,1,0,0,,,,,,,,,,,,,,,,,,,,,
,1003,,,0,13.642356,,,,,,,176,64,114,,,,,1,0,0,,,,,,,,,,,,,,,,,,,,,
,1004,,,0,13.652772,,,,,,,176,64,115,,,,,1,0,0,,,,,,,,,,,,,,,,,,,,,
303,1005,1,4285,0,13.681416,0.0,0.0,0,D#5,,7,144,75,37,,6008,,,1,0,0,,,,,0,,,,,,,,,,,,,,,,
,1006,,,0,13.686624,,,,,,,128,71,0,,,,,1,0,0,,,,,,,,,,,,,,,,,,,,,
,1007,,,0,13.691832,,,,,,,176,64,114,,,,,1,0,0,,,,,,,,,,,,,,,,,,,,,
,1008,,,0,13.702248,,,,,,,176,64,115,,,,,1,0,0,,,,,,,,,,,,,,,,,,,,,
,1009,,,0,13.720476,,,,,,,176,64,114,,,,,1,0,0,,,,,,,,,,,,,,,,,,,,,
303,1010,1,4286,0,13.736100,0.0,0.0,0,G3,,7,144,55,37,,6008,,,1,0,0,,,,,0,,,,,,,,,,,,,,,,
,1011,,,0,13.741308,,,,,,,176,64,115,,,,,1,0,0,,,,,,,,,,,,,,,,,,,,,
,1012,,,0,13.772556,,,,,,,176,64,114,,,,,1,0,0,,,,,,,,,,,,,,,,,,,,,
,1013,,,0,13.780368,,,,,,,176,64,115,,,,,1,0,0,,,,,,,,,,,,,,,,,,,,,
303,1014,1,4286,0,13.806408,0.0,0.0,0,B4,,7,144,71,37,,6008,,,1,0,0,,,,,0,,,,,,,,,,,,,,,,
,1015,,,0,13.822032,,,,,,,176,64,114,,,,,1,0,0,,,,,,,,,,,,,,,,,,,,,
,1016,,,0,13.832448,,,,,,,176,64,115,,,,,1,0,0,,,,,,,,,,,,,,,,,,,,,
,1017,,,0,13.832448,,,,,,,128,75,0,,,,,1,0,0,,,,,,,,,,,,,,,,,,,,,
,1018,,,0,13.842864,,,,,,,176,64,114,,,,,1,0,0,,,,,,,,,,,,,,,,,,,,,
,1019,,,0,13.861092,,,,,,,176,64,115,,,,,1,0,0,,,,,,,,,,,,,,,,,,,,,
,1020,,,0,13.889736,,,,,,,128,55,0,,,,,1,0,0,,,,,,,,,,,,,,,,,,,,,
,1021,,,0,13.902756,,,,,,,176,64,114,,,,,1,0,0,,,,,,,,,,,,,,,,,,,,,
,1022,,,0,13.910568,,,,,,,176,64,115,,,,,1,0,0,,,,,,,,,,,,,,,,,,,,,
303,1023,1,4287,0,13.926192,0.0,0.0,0,G#5,,14,144,80,74,,6008,,,1,0,0,,,,,0,,,,,,,,,,,,,,,,
,1024,,,0,13.931400,,,,,,,176,64,114,,,,,1,0,0,,,,,,,,,,,,,,,,,,,,,
,1025,,,0,13.941816,,,,,,,176,64,115,,,,,1,0,0,,,,,,,,,,,,,,,,,,,,,
,1026,,,0,13.986084,,,,,,,128,71,0,,,,,1,0,0,,,,,,,,,,,,,,,,,,,,,
,1027,,,0,13.991292,,,,,,,176,64,114,,,,,1,0,0,,,,,,,,,,,,,,,,,,,,,
,1028,,,0,14.001708,,,,,,,176,64,115,,,,,1,0,0,,,,,,,,,,,,,,,,,,,,,
,1029,,,0,14.012124,,,,,,,176,64,114,,,,,1,0,0,,,,,,,,,,,,,,,,,,,,,
,1030,,,0,14.022540,,,,,,,176,64,115,,,,,1,0,0,,,,,,,,,,,,,,,,,,,,,
303,1031,1,4288,0,14.025144,0.0,0.0,0,D#5,,13,144,75,69,,6008,,,1,0,0,,,,,0,,,,,,,,,,,,,,,,
,1032,,,0,14.051184,,,,,,,176,64,114,,,,,1,0,0,,,,,,,,,,,,,,,,,,,,,
,1033,,,0,14.061600,,,,,,,176,64,115,,,,,1,0,0,,,,,,,,,,,,,,,,,,,,,
303,1034,1,4288,0,14.105868,0.0,0.0,0,G3,,14,144,55,74,,6008,,,1,0,0,,,,,0,,,,,,,,,,,,,,,,
,1035,,,0,14.111076,,,,,,,128,80,0,,,,,1,0,0,,,,,,,,,,,,,,,,,,,,,
303,1036,1,4289,0,14.118888,0.0,0.0,0,B4,,12,144,71,64,,6008,,,1,0,0,,,,,0,,,,,,,,,,,,,,,,
,1037,,,0,14.121492,,,,,,,176,64,114,,,,,1,0,0,,,,,,,,,,,,,,,,,,,,,
,1038,,,0,14.131908,,,,,,,176,64,115,,,,,1,0,0,,,,,,,,,,,,,,,,,,,,,
,1039,,,0,14.142324,,,,,,,176,64,114,,,,,1,0,0,,,,,,,,,,,,,,,,,,,,,
,1040,,,0,14.152740,,,,,,,176,64,115,,,,,1,0,0,,,,,,,,,,,,,,,,,,,,,
,1041,,,0,14.178780,,,,,,,128,75,0,,,,,1,0,0,,,,,,,,,,,,,,,,,,,,,
,1042,,,0,14.181384,,,,,,,128,71,0,,,,,1,0,0,,,,,,,,,,,,,,,,,,,,,
,1043,,,0,14.191800,,,,,,,176,64,114,,,,,1,0,0,,,,,,,,,,,,,,,,,,,,,
,1044,,,0,14.197008,,,,,,,128,55,0,,,,,1,0,0,,,,,,,,,,,,,,,,,,,,,
,1045,,,0,14.212632,,,,,,,176,64,115,,,,,1,0,0,,,,,,,,,,,,,,,,,,,,,
,1046,,,0,14.220444,,,,,,,176,64,114,,,,,1,0,0,,,,,,,,,,,,,,,,,,,,,
,1047,,,0,14.230860,,,,,,,176,64,115,,,,,1,0,0,,,,,,,,,,,,,,,,,,,,,
,1048,,,0,14.251692,,,,,,,176,64,114,,,,,1,0,0,,,,,,,,,,,,,,,,,,,,,
,1049,,,0,14.262108,,,,,,,176,64,115,,,,,1,0,0,,,,,,,,,,,,,,,,,,,,,
,1050,,,0,14.280336,,,,,,,176,64,114,,,,,1,0,0,,,,,,,,,,,,,,,,,,,,,
,1051,,,0,14.290752,,,,,,,176,67,37,,,,,1,0,0,,,,,,,,,,,,,,,,,,,,,
,1052,,,0,14.301168,,,,,,,176,64,115,,,,,1,0,0,,,,,,,,,,,,,,,,,,,,,
,1053,,,0,14.303772,,,,,,,176,67,35,,,,,1,0,0,,,,,,,,,,,,,,,,,,,,,
303,1054,1,4289,0,14.303772,0.0,0.0,0,B4,,12,144,71,64,,6008,,,1,0,0,,,,,0,,,,,,,,,,,,,,,,
304,1055,1,4290,0,14.311584,0.0,0.0,0,D#5,,11,144,75,58,,6008,,,1,0,0,,,,,0,,,,,,,,,,,,,,,,
,1056,,,0,14.311584,,,,,,,176,67,37,,,,,1,0,0,,,,,,,,,,,,,,,,,,,,,
,1057,,,0,14.322000,,,,,,,176,67,36,,,,,1,0,0,,,,,,,,,,,,,,,,,,,,,
,1058,,,0,14.332416,,,,,,,176,67,34,,,,,1,0,0,,,,,,,,,,,,,,,,,,,,,
,1059,,,0,14.342832,,,,,,,176,67,33,,,,,1,0,0,,,,,,,,,,,,,,,,,,,,,
,1060,,,0,14.350644,,,,,,,176,67,29,,,,,1,0,0,,,,,,,,,,,,,,,,,,,,,
,1061,,,0,14.361060,,,,,,,176,64,114,,,,,1,0,0,,,,,,,,,,,,,,,,,,,,,
,1062,,,0,14.363664,,,,,,,176,67,27,,,,,1,0,0,,,,,,,,,,,,,,,,,,,,,
,1063,,,0,14.371476,,,,,,,176,64,115,,,,,1,0,0,,,,,,,,,,,,,,,,,,,,,
,1064,,,0,14.402724,,,,,,,176,64,114,,,,,1,0,0,,,,,,,,,,,,,,,,,,,,,
,1065,,,0,14.410536,,,,,,,176,64,115,,,,,1,0,0,,,,,,,,,,,,,,,,,,,,,
,1066,,,0,14.431368,,,,,,,176,67,26,,,,,1,0,0,,,,,,,,,,,,,,,,,,,,,
,1067,,,0,14.441784,,,,,,,176,64,114,,,,,1,0,0,,,,,,,,,,,,,,,,,,,,,
,1068,,,0,14.441784,,,,,,,176,67,27,,,,,1,0,0,,,,,,,,,,,,,,,,,,,,,
,1069,,,0,14.452200,,,,,,,176,64,115,,,,,1,0,0,,,,,,,,,,,,,,,,,,,,,
,1070,,,0,14.452200,,,,,,,176,67,25,,,,,1,0,0,,,,,,,,,,,,,,,,,,,,,
,1071,,,0,14.462616,,,,,,,176,67,26,,,,,1,0,0,,,,,,,,,,,,,,,,,,,,,
,1072,,,0,14.470428,,,,,,,176,67,25,,,,,1,0,0,,,,,,,,,,,,,,,,,,,,,
,1073,,,0,14.483448,,,,,,,176,67,24,,,,,1,0,0,,,,,,,,,,,,,,,,,,,,,
,1074,,,0,14.491260,,,,,,,176,67,26,,,,,1,0,0,,,,,,,,,,,,,,,,,,,,,
,1075,,,0,14.501676,,,,,,,176,67,24,,,,,1,0,0,,,,,,,,,,,,,,,,,,,,,
304,1076,1,4291,0,14.509488,0.0,0.0,0,G3,,13,144,55,69,,6008,,,1,0,0,,,,,0,,,,,,,,,,,,,,,,
,1077,,,0,14.512092,,,,,,,176,67,26,,,,,1,0,0,,,,,,,,,,,,,,,,,,,,,
,1078,,,0,14.519904,,,,,,,128,71,0,,,,,1,0,0,,,,,,,,,,,,,,,,,,,,,
,1079,,,0,14.522508,,,,,,,176,67,24,,,,,1,0,0,,,,,,,,,,,,,,,,,,,,,
,1080,,,0,14.530320,,,,,,,176,64,114,,,,,1,0,0,,,,,,,,,,,,,,,,,,,,,
,1081,,,0,14.532924,,,,,,,176,67,21,,,,,1,0,0,,,,,,,,,,,,,,,,,,,,,
,1082,,,0,14.551152,,,,,,,128,75,0,,,,,1,0,0,,,,,,,,,,,,,,,,,,,,,
,1083,,,0,14.553756,,,,,,,176,64,115,,,,,1,0,0,,,,,,,,,,,,,,,,,,,,,
,1084,,,0,14.553756,,,,,,,176,67,20,,,,,1,0,0,,,,,,,,,,,,,,,,,,,,,
304,1085,1,4292,0,14.629272,0.0,0.0,0,B4,,17,144,71,90,,6008,,,1,0,0,,,,,0,,,,,,,,,,,,,,,,
304,1086,1,4292,0,14.637084,0.0,0.0,0,D#5,,17,144,75,90,,6008,,,1,0,0,,,,,0,,,,,,,,,,,,,,,,
304,1087,1,4292,0,14.639688,0.0,0.0,0,G#5,,17,144,80,90,,6008,,,1,0,0,,,,,0,,,,,,,,,,,,,,,,
,1088,,,0,14.652708,,,,,,,176,64,114,,,,,1,0,0,,,,,,,,,,,,,,,,,,,,,
,1089,,,0,14.660520,,,,,,,176,64,115,,,,,1,0,0,,,,,,,,,,,,,,,,,,,,,
,1090,,,0,14.730828,,,,,,,176,64,114,,,,,1,0,0,,,,,,,,,,,,,,,,,,,,,
304,1091,1,4293,0,14.733432,0.0,0.0,0,A2,,17,144,45,90,,6008,,,1,0,0,,,,,0,,,,,,,,,,,,,,,,
,1092,,,0,14.741244,,,,,,,176,64,115,,,,,1,0,0,,,,,,,,,,,,,,,,,,,,,
,1093,,,0,14.743848,,,,,,,128,55,0,,,,,1,0,0,,,,,,,,,,,,,,,,,,,,,
,1094,,,0,14.746452,,,,,,,128,71,0,,,,,1,0,0,,,,,,,,,,,,,,,,,,,,,
,1095,,,0,14.762076,,,,,,,176,64,114,,,,,1,0,0,,,,,,,,,,,,,,,,,,,,,
,1096,,,0,14.772492,,,,,,,176,64,115,,,,,1,0,0,,,,,,,,,,,,,,,,,,,,,
,1097,,,0,14.806344,,,,,,,128,75,0,,,,,1,0,0,,,,,,,,,,,,,,,,,,,,,
,1098,,,0,14.837592,,,,,,,128,80,0,,,,,1,0,0,,,,,,,,,,,,,,,,,,,,,
304,1099,1,4294,0,14.861028,0.0,0.0,0,G3,,16,144,55,85,,6008,,,1,0,0,,,,,0,,,,,,,,,,,,,,,,
304,1100,1,4295,0,14.889672,0.0,0.0,0,D#5,,11,144,75,58,,6008,,,1,0,0,,,,,0,,,,,,,,,,,,,,,,
,1101,,,0,14.905296,,,,,,,128,45,0,,,,,1,0,0,,,,,,,,,,,,,,,,,,,,,
,1102,,,0,14.910504,,,,,,,176,64,114,,,,,1,0,0,,,,,,,,,,,,,,,,,,,,,
304,1103,1,4295,0,14.913108,0.0,0.0,0,B4,,11,144,71,58,,6008,,,1,0,0,,,,,0,,,,,,,,,,,,,,,,
,1104,,,0,14.920920,,,,,,,176,64,115,,,,,1,0,0,,,,,,,,,,,,,,,,,,,,,
,1105,,,0,14.936544,,,,,,,128,75,0,,,,,1,0,0,,,,,,,,,,,,,,,,,,,,,
,1106,,,0,14.962584,,,,,,,176,64,114,,,,,1,0,0,,,,,,,,,,,,,,,,,,,,,
,1107,,,0,14.973000,,,,,,,128,71,0,,,,,1,0,0,,,,,,,,,,,,,,,,,,,,,
304,1108,1,4295,0,14.975604,0.0,0.0,0,A2,,14,144,45,74,,6008,,,1,0,0,,,,,0,,,,,,,,,,,,,,,,
,1109,,,0,14.980812,,,,,,,128,55,0,,,,,1,0,0,,,,,,,,,,,,,,,,,,,,,
,1110,,,0,14.980812,,,,,,,176,64,115,,,,,1,0,0,,,,,,,,,,,,,,,,,,,,,
,1111,,,0,15.030288,,,,,,,176,64,114,,,,,1,0,0,,,,,,,,,,,,,,,,,,,,,
,1112,,,0,15.040704,,,,,,,176,64,115,,,,,1,0,0,,,,,,,,,,,,,,,,,,,,,
,1113,,,0,15.082368,,,,,,,176,64,114,,,,,1,0,0,,,,,,,,,,,,,,,,,,,,,
,1114,,,0,15.092784,,,,,,,176,64,115,,,,,1,0,0,,,,,,,,,,,,,,,,,,,,,
304,1115,1,4296,0,15.095388,0.0,0.0,0,G3,,13,144,55,69,,6008,,,1,0,0,,,,,0,,,,,,,,,,,,,,,,
,1116,,,0,15.097992,,,,,,,128,45,0,,,,,1,0,0,,,,,,,,,,,,,,,,,,,,,
,1117,,,0,15.111012,,,,,,,176,64,114,,,,,1,0,0,,,,,,,,,,,,,,,,,,,,,
,1118,,,0,15.131844,,,,,,,176,64,115,,,,,1,0,0,,,,,,,,,,,,,,,,,,,,,
,1119,,,0,15.160488,,,,,,,128,55,0,,,,,1,0,0,,,,,,,,,,,,,,,,,,,,,
,1120,,,0,15.160488,,,,,,,176,64,114,,,,,1,0,0,,,,,,,,,,,,,,,,,,,,,
304,1121,1,4297,0,15.163092,0.0,0.0,0,G#6,,7,144,92,37,,6008,,,1,0,0,,,,,0,,,,,,,,,,,,,,,,
,1122,,,0,15.170904,,,,,,,176,64,115,,,,,1,0,0,,,,,,,,,,,,,,,,,,,,,
,1123,,,0,15.202152,,,,,,,176,67,19,,,,,1,0,0,,,,,,,,,,,,,,,,,,,,,
,1124,,,0,15.212568,,,,,,,176,67,20,,,,,1,0,0,,,,,,,,,,,,,,,,,,,,,
,1125,,,0,15.230796,,,,,,,176,64,114,,,,,1,0,0,,,,,,,,,,,,,,,,,,,,,
,1126,,,0,15.241212,,,,,,,176,64,115,,,,,1,0,0,,,,,,,,,,,,,,,,,,,,,
,1127,,,0,15.301104,,,,,,,176,64,114,,,,,1,0,0,,,,,,,,,,,,,,,,,,,,,
,1128,,,0,15.311520,,,,,,,176,64,115,,,,,1,0,0,,,,,,,,,,,,,,,,,,,,,
,1129,,,0,15.342768,,,,,,,176,64,114,,,,,1,0,0,,,,,,,,,,,,,,,,,,,,,
,1130,,,0,15.350580,,,,,,,176,64,115,,,,,1,0,0,,,,,,,,,,,,,,,,,,,,,
,1131,,,0,15.360996,,,,,,,176,64,114,,,,,1,0,0,,,,,,,,,,,,,,,,,,,,,
,1132,,,0,15.371412,,,,,,,176,64,115,,,,,1,0,0,,,,,,,,,,,,,,,,,,,,,
,1133,,,0,15.371412,,,,,,,176,67,19,,,,,1,0,0,,,,,,,,,,,,,,,,,,,,,
,1134,,,0,15.381828,,,,,,,176,67,20,,,,,1,0,0,,,,,,,,,,,,,,,,,,,,,
304,1135,1,4298,0,15.381828,0.0,0.0,0,D#4,,11,144,63,58,,6008,,,1,0,0,,,,,0,,,,,,,,,,,,,,,,
,1136,,,0,15.420888,,,,,,,176,64,114,,,,,1,0,0,,,,,,,,,,,,,,,,,,,,,
,1137,,,0,15.431304,,,,,,,176,64,115,,,,,1,0,0,,,,,,,,,,,,,,,,,,,,,
304,1138,1,4299,0,15.483384,0.0,0.0,0,G#5,,10,144,80,53,,6008,,,1,0,0,,,,,0,,,,,,,,,,,,,,,,
,1139,,,0,15.485988,,,,,,,128,92,0,,,,,1,0,0,,,,,,,,,,,,,,,,,,,,,
,1140,,,0,15.509424,,,,,,,128,63,0,,,,,1,0,0,,,,,,,,,,,,,,,,,,,,,
,1141,,,0,15.530256,,,,,,,176,67,22,,,,,1,0,0,,,,,,,,,,,,,,,,,,,,,
,1142,,,0,15.535464,,,,,,,128,80,0,,,,,1,0,0,,,,,,,,,,,,,,,,,,,,,
,1143,,,0,15.540672,,,,,,,176,64,114,,,,,1,0,0,,,,,,,,,,,,,,,,,,,,,
,1144,,,0,15.543276,,,,,,,176,67,20,,,,,1,0,0,,,,,,,,,,,,,,,,,,,,,
,1145,,,0,15.551088,,,,,,,176,64,115,,,,,1,0,0,,,,,,,,,,,,,,,,,,,,,
,1146,,,0,15.553692,,,,,,,176,67,22,,,,,1,0,0,,,,,,,,,,,,,,,,,,,,,
,1147,,,0,15.571920,,,,,,,176,67,23,,,,,1,0,0,,,,,,,,,,,,,,,,,,,,,
,1148,,,0,15.582336,,,,,,,176,64,114,,,,,1,0,0,,,,,,,,,,,,,,,,,,,,,
,1149,,,0,15.592752,,,,,,,176,67,24,,,,,1,0,0,,,,,,,,,,,,,,,,,,,,,
,1150,,,0,15.600564,,,,,,,176,64,115,,,,,1,0,0,,,,,,,,,,,,,,,,,,,,,
,1151,,,0,15.603168,,,,,,,176,67,25,,,,,1,0,0,,,,,,,,,,,,,,,,,,,,,
,1152,,,0,15.610980,,,,,,,176,67,22,,,,,1,0,0,,,,,,,,,,,,,,,,,,,,,
,1153,,,0,15.631812,,,,,,,176,67,24,,,,,1,0,0,,,,,,,,,,,,,,,,,,,,,
,1154,,,0,15.642228,,,,,,,176,64,114,,,,,1,0,0,,,,,,,,,,,,,,,,,,,,,
,1155,,,0,15.642228,,,,,,,176,67,23,,,,,1,0,0,,,,,,,,,,,,,,,,,,,,,
,1156,,,0,15.652644,,,,,,,176,67,22,,,,,1,0,0,,,,,,,,,,,,,,,,,,,,,
,1157,,,0,15.663060,,,,,,,176,67,23,,,,,1,0,0,,,,,,,,,,,,,,,,,,,,,
,1158,,,0,15.673476,,,,,,,176,67,21,,,,,1,0,0,,,,,,,,,,,,,,,,,,,,,
,1159,,,0,15.681288,,,,,,,176,67,23,,,,,1,0,0,,,,,,,,,,,,,,,,,,,,,
,1160,,,0,15.691704,,,,,,,176,64,115,,,,,1,0,0,,,,,,,,,,,,,,,,,,,,,
,1161,,,0,15.691704,,,,,,,176,67,20,,,,,1,0,0,,,,,,,,,,,,,,,,,,,,,
,1162,,,0,15.702120,,,,,,,176,67,22,,,,,1,0,0,,,,,,,,,,,,,,,,,,,,,
,1163,,,0,15.712536,,,,,,,176,67,20,,,,,1,0,0,,,,,,,,,,,,,,,,,,,,,
,1164,,,0,15.720348,,,,,,,176,67,22,,,,,1,0,0,,,,,,,,,,,,,,,,,,,,,
,1165,,,0,15.730764,,,,,,,176,64,114,,,,,1,0,0,,,,,,,,,,,,,,,,,,,,,
,1166,,,0,15.733368,,,,,,,176,67,20,,,,,1,0,0,,,,,,,,,,,,,,,,,,,,,
,1167,,,0,15.741180,,,,,,,176,67,21,,,,,1,0,0,,,,,,,,,,,,,,,,,,,,,
,1168,,,0,15.751596,,,,,,,176,64,115,,,,,1,0,0,,,,,,,,,,,,,,,,,,,,,
,1169,,,0,15.762012,,,,,,,176,67,20,,,,,1,0,0,,,,,,,,,,,,,,,,,,,,,
,1170,,,0,15.772428,,,,,,,176,67,21,,,,,1,0,0,,,,,,,,,,,,,,,,,,,,,
,1171,,,0,15.780240,,,,,,,176,67,20,,,,,1,0,0,,,,,,,,,,,,,,,,,,,,,
,1172,,,0,15.790656,,,,,,,176,67,24,,,,,1,0,0,,,,,,,,,,,,,,,,,,,,,
,1173,,,0,15.801072,,,,,,,176,67,21,,,,,1,0,0,,,,,,,,,,,,,,,,,,,,,
,1174,,,0,15.811488,,,,,,,176,67,23,,,,,1,0,0,,,,,,,,,,,,,,,,,,,,,
304,1175,1,4301,0,15.814092,0.0,0.0,0,G2,,14,144,43,74,,6008,,,1,0,0,,,,,0,,,,,,,,,,,,,,,,
,1176,,,0,15.821904,,,,,,,176,67,21,,,,,1,0,0,,,,,,,,,,,,,,,,,,,,,
,1177,,,0,15.832320,,,,,,,176,64,114,,,,,1,0,0,,,,,,,,,,,,,,,,,,,,,
,1178,,,0,15.842736,,,,,,,176,67,22,,,,,1,0,0,,,,,,,,,,,,,,,,,,,,,
,1179,,,0,15.850548,,,,,,,176,67,20,,,,,1,0,0,,,,,,,,,,,,,,,,,,,,,
,1180,,,0,15.860964,,,,,,,176,64,115,,,,,1,0,0,,,,,,,,,,,,,,,,,,,,,
,1181,,,0,15.863568,,,,,,,176,67,21,,,,,1,0,0,,,,,,,,,,,,,,,,,,,,,
304,1182,1,4302,0,15.892212,0.0,0.0,0,D#3,,17,144,51,90,,6008,,,1,0,0,,,,,0,,,,,,,,,,,,,,,,
,1183,,,0,15.902628,,,,,,,176,67,23,,,,,1,0,0,,,,,,,,,,,,,,,,,,,,,
,1184,,,0,15.913044,,,,,,,176,67,20,,,,,1,0,0,,,,,,,,,,,,,,,,,,,,,
,1185,,,0,15.920856,,,,,,,176,64,114,,,,,1,0,0,,,,,,,,,,,,,,,,,,,,,
,1186,,,0,15.923460,,,,,,,176,67,23,,,,,1,0,0,,,,,,,,,,,,,,,,,,,,,
,1187,,,0,15.931272,,,,,,,176,67,20,,,,,1,0,0,,,,,,,,,,,,,,,,,,,,,
,1188,,,0,15.941688,,,,,,,176,64,115,,,,,1,0,0,,,,,,,,,,,,,,,,,,,,,
,1189,,,0,15.944292,,,,,,,176,67,22,,,,,1,0,0,,,,,,,,,,,,,,,,,,,,,
,1190,,,0,15.952104,,,,,,,176,67,20,,,,,1,0,0,,,,,,,,,,,,,,,,,,,,,
,1191,,,0,15.970332,,,,,,,176,64,114,,,,,1,0,0,,,,,,,,,,,,,,,,,,,,,
304,1192,1,4303,0,15.978144,0.0,0.0,0,B2,,19,144,47,101,,6008,,,1,0,0,,,,,0,,,,,,,,,,,,,,,,
,1193,,,0,15.980748,,,,,,,176,64,115,,,,,1,0,0,,,,,,,,,,,,,,,,,,,,,
,1194,,,0,15.991164,,,,,,,176,67,22,,,,,1,0,0,,,,,,,,,,,,,,,,,,,,,
,1195,,,0,16.001580,,,,,,,176,64,114,,,,,1,0,0,,,,,,,,,,,,,,,,,,,,,
,1196,,,0,16.001580,,,,,,,176,67,20,,,,,1,0,0,,,,,,,,,,,,,,,,,,,,,
304,1197,1,4304,0,16.004184,0.0,0.0,0,G#4,,22,144,68,117,,6008,,,1,0,0,,,,,0,,,,,,,,,,,,,,,,
304,1198,1,4304,0,16.006788,0.0,0.0,0,B4,,22,144,71,117,,6008,,,1,0,0,,,,,0,,,,,,,,,,,,,,,,
304,1199,1,4304,0,16.009392,0.0,0.0,0,D#5,,22,144,75,117,,6008,,,1,0,0,,,,,0,,,,,,,,,,,,,,,,
,1200,,,0,16.009392,,,,,,,128,43,0,,,,,1,0,0,,,,,,,,,,,,,,,,,,,,,
304,1201,1,4304,0,16.009392,0.0,0.0,0,G#5,,22,144,80,117,,6008,,,1,0,0,,,,,0,,,,,,,,,,,,,,,,
,1202,,,0,16.011996,,,,,,,176,64,115,,,,,1,0,0,,,,,,,,,,,,,,,,,,,,,
,1203,,,0,16.011996,,,,,,,176,67,21,,,,,1,0,0,,,,,,,,,,,,,,,,,,,,,
,1204,,,0,16.017204,,,,,,,128,47,0,,,,,1,0,0,,,,,,,,,,,,,,,,,,,,,
,1205,,,0,16.022412,,,,,,,176,67,20,,,,,1,0,0,,,,,,,,,,,,,,,,,,,,,
,1206,,,0,16.027620,,,,,,,128,51,0,,,,,1,0,0,,,,,,,,,,,,,,,,,,,,,
,1207,,,0,16.030224,,,,,,,176,67,24,,,,,1,0,0,,,,,,,,,,,,,,,,,,,,,
,1208,,,0,16.040640,,,,,,,176,64,114,,,,,1,0,0,,,,,,,,,,,,,,,,,,,,,
,1209,,,0,16.043244,,,,,,,176,67,20,,,,,1,0,0,,,,,,,,,,,,,,,,,,,,,
,1210,,,0,16.051056,,,,,,,176,64,115,,,,,1,0,0,,,,,,,,,,,,,,,,,,,,,
,1211,,,0,16.053660,,,,,,,176,67,24,,,,,1,0,0,,,,,,,,,,,,,,,,,,,,,
,1212,,,0,16.061472,,,,,,,176,64,114,,,,,1,0,0,,,,,,,,,,,,,,,,,,,,,
,1213,,,0,16.061472,,,,,,,176,67,20,,,,,1,0,0,,,,,,,,,,,,,,,,,,,,,
,1214,,,0,16.092720,,,,,,,176,64,115,,,,,1,0,0,,,,,,,,,,,,,,,,,,,,,
,1215,,,0,16.097928,,,,,,,128,75,0,,,,,1,0,0,,,,,,,,,,,,,,,,,,,,,
,1216,,,0,16.097928,,,,,,,128,71,0,,,,,1,0,0,,,,,,,,,,,,,,,,,,,,,
,1217,,,0,16.100532,,,,,,,176,67,21,,,,,1,0,0,,,,,,,,,,,,,,,,,,,,,
,1218,,,0,16.110948,,,,,,,176,64,114,,,,,1,0,0,,,,,,,,,,,,,,,,,,,,,
,1219,,,0,16.113552,,,,,,,176,67,20,,,,,1,0,0,,,,,,,,,,,,,,,,,,,,,
,1220,,,0,16.113552,,,,,,,128,80,0,,,,,1,0,0,,,,,,,,,,,,,,,,,,,,,
,1221,,,0,16.121364,,,,,,,176,64,115,,,,,1,0,0,,,,,,,,,,,,,,,,,,,,,
,1222,,,0,16.142196,,,,,,,176,67,22,,,,,1,0,0,,,,,,,,,,,,,,,,,,,,,
,1223,,,0,16.152612,,,,,,,176,67,20,,,,,1,0,0,,,,,,,,,,,,,,,,,,,,,
,1224,,,0,16.152612,,,,,,,128,68,0,,,,,1,0,0,,,,,,,,,,,,,,,,,,,,,
,1225,,,0,16.160424,,,,,,,176,67,22,,,,,1,0,0,,,,,,,,,,,,,,,,,,,,,
304,1226,1,4305,0,16.163028,0.0,0.0,0,A1,,22,144,33,117,,6008,,,1,0,0,,,,,0,,,,,,,,,,,,,,,,
304,1227,1,4305,0,16.168236,0.0,0.0,0,G2,,22,144,43,117,,6008,,,1,0,0,,,,,0,,,,,,,,,,,,,,,,
,1228,,,0,16.170840,,,,,,,176,64,114,,,,,1,0,0,,,,,,,,,,,,,,,,,,,,,
,1229,,,0,16.173444,,,,,,,176,67,20,,,,,1,0,0,,,,,,,,,,,,,,,,,,,,,
,1230,,,0,16.181256,,,,,,,176,64,115,,,,,1,0,0,,,,,,,,,,,,,,,,,,,,,
,1231,,,0,16.181256,,,,,,,176,67,22,,,,,1,0,0,,,,,,,,,,,,,,,,,,,,,
,1232,,,0,16.191672,,,,,,,176,64,114,,,,,1,0,0,,,,,,,,,,,,,,,,,,,,,
,1233,,,0,16.191672,,,,,,,176,67,20,,,,,1,0,0,,,,,,,,,,,,,,,,,,,,,
,1234,,,0,16.202088,,,,,,,176,64,115,,,,,1,0,0,,,,,,,,,,,,,,,,,,,,,
,1235,,,0,16.251564,,,,,,,176,67,22,,,,,1,0,0,,,,,,,,,,,,,,,,,,,,,
,1236,,,0,16.259376,,,,,,,128,43,0,,,,,1,0,0,,,,,,,,,,,,,,,,,,,,,
,1237,,,0,16.261980,,,,,,,176,64,114,,,,,1,0,0,,,,,,,,,,,,,,,,,,,,,
,1238,,,0,16.261980,,,,,,,176,67,20,,,,,1,0,0,,,,,,,,,,,,,,,,,,,,,
,1239,,,0,16.272396,,,,,,,176,64,115,,,,,1,0,0,,,,,,,,,,,,,,,,,,,,,
,1240,,,0,16.272396,,,,,,,176,67,22,,,,,1,0,0,,,,,,,,,,,,,,,,,,,,,
,1241,,,0,16.280208,,,,,,,176,67,20,,,,,1,0,0,,,,,,,,,,,,,,,,,,,,,
,1242,,,0,16.290624,,,,,,,176,64,114,,,,,1,0,0,,,,,,,,,,,,,,,,,,,,,
,1243,,,0,16.293228,,,,,,,176,67,21,,,,,1,0,0,,,,,,,,,,,,,,,,,,,,,
,1244,,,0,16.301040,,,,,,,176,64,115,,,,,1,0,0,,,,,,,,,,,,,,,,,,,,,
,1245,,,0,16.303644,,,,,,,176,67,20,,,,,1,0,0,,,,,,,,,,,,,,,,,,,,,
304,1246,1,4306,0,16.306248,0.0,0.0,0,D#4,,22,144,63,117,,6008,,,1,0,0,,,,,0,,,,,,,,,,,,,,,,
,1247,,,0,16.311456,,,,,,,176,64,114,,,,,1,0,0,,,,,,,,,,,,,,,,,,,,,
,1248,,,0,16.311456,,,,,,,176,67,21,,,,,1,0,0,,,,,,,,,,,,,,,,,,,,,
,1249,,,0,16.321872,,,,,,,176,64,115,,,,,1,0,0,,,,,,,,,,,,,,,,,,,,,
,1250,,,0,16.321872,,,,,,,176,67,20,,,,,1,0,0,,,,,,,,,,,,,,,,,,,,,
,1251,,,0,16.324476,,,,,,,128,33,0,,,,,1,0,0,,,,,,,,,,,,,,,,,,,,,
,1252,,,0,16.332288,,,,,,,176,64,114,,,,,1,0,0,,,,,,,,,,,,,,,,,,,,,
,1253,,,0,16.342704,,,,,,,176,64,115,,,,,1,0,0,,,,,,,,,,,,,,,,,,,,,
,1254,,,0,16.342704,,,,,,,176,67,21,,,,,1,0,0,,,,,,,,,,,,,,,,,,,,,
,1255,,,0,16.350516,,,,,,,176,64,114,,,,,1,0,0,,,,,,,,,,,,,,,,,,,,,
,1256,,,0,16.353120,,,,,,,176,67,20,,,,,1,0,0,,,,,,,,,,,,,,,,,,,,,
,1257,,,0,16.360932,,,,,,,176,64,115,,,,,1,0,0,,,,,,,,,,,,,,,,,,,,,
,1258,,,0,16.381764,,,,,,,176,67,23,,,,,1,0,0,,,,,,,,,,,,,,,,,,,,,
,1259,,,0,16.392180,,,,,,,176,67,20,,,,,1,0,0,,,,,,,,,,,,,,,,,,,,,
,1260,,,0,16.402596,,,,,,,176,67,23,,,,,1,0,0,,,,,,,,,,,,,,,,,,,,,
,1261,,,0,16.410408,,,,,,,176,64,114,,,,,1,0,0,,,,,,,,,,,,,,,,,,,,,
,1262,,,0,16.413012,,,,,,,176,67,20,,,,,1,0,0,,,,,,,,,,,,,,,,,,,,,
,1263,,,0,16.420824,,,,,,,176,67,21,,,,,1,0,0,,,,,,,,,,,,,,,,,,,,,
,1264,,,0,16.431240,,,,,,,176,64,115,,,,,1,0,0,,,,,,,,,,,,,,,,,,,,,
,1265,,,0,16.431240,,,,,,,176,67,20,,,,,1,0,0,,,,,,,,,,,,,,,,,,,,,
304,1266,1,4307,0,16.439052,0.0,0.0,0,B3,,21,144,59,112,,6008,,,1,0,0,,,,,0,,,,,,,,,,,,,,,,
,1267,,,0,16.462488,,,,,,,176,67,21,,,,,1,0,0,,,,,,,,,,,,,,,,,,,,,
,1268,,,0,16.470300,,,,,,,176,67,22,,,,,1,0,0,,,,,,,,,,,,,,,,,,,,,
,1269,,,0,16.480716,,,,,,,176,67,21,,,,,1,0,0,,,,,,,,,,,,,,,,,,,,,
,1270,,,0,16.491132,,,,,,,176,64,114,,,,,1,0,0,,,,,,,,,,,,,,,,,,,,,
,1271,,,0,16.491132,,,,,,,176,67,23,,,,,1,0,0,,,,,,,,,,,,,,,,,,,,,
,1272,,,0,16.501548,,,,,,,176,67,20,,,,,1,0,0,,,,,,,,,,,,,,,,,,,,,
,1273,,,0,16.506756,,,,,,,128,63,0,,,,,1,0,0,,,,,,,,,,,,,,,,,,,,,
,1274,,,0,16.511964,,,,,,,176,64,115,,,,,1,0,0,,,,,,,,,,,,,,,,,,,,,
,1275,,,0,16.511964,,,,,,,176,67,23,,,,,1,0,0,,,,,,,,,,,,,,,,,,,,,
,1276,,,0,16.522380,,,,,,,176,67,22,,,,,1,0,0,,,,,,,,,,,,,,,,,,,,,
,1277,,,0,16.522380,,,,,,,128,59,0,,,,,1,0,0,,,,,,,,,,,,,,,,,,,,,
,1278,,,0,16.530192,,,,,,,176,67,23,,,,,1,0,0,,,,,,,,,,,,,,,,,,,,,
,1279,,,0,16.540608,,,,,,,176,67,20,,,,,1,0,0,,,,,,,,,,,,,,,,,,,,,
,1280,,,0,16.553628,,,,,,,176,67,24,,,,,1,0,0,,,,,,,,,,,,,,,,,,,,,
,1281,,,0,16.571856,,,,,,,176,64,114,,,,,1,0,0,,,,,,,,,,,,,,,,,,,,,
,1282,,,0,16.582272,,,,,,,176,64,115,,,,,1,0,0,,,,,,,,,,,,,,,,,,,,,
,1283,,,0,16.582272,,,,,,,176,67,26,,,,,1,0,0,,,,,,,,,,,,,,,,,,,,,
,1284,,,0,16.600500,,,,,,,176,64,114,,,,,1,0,0,,,,,,,,,,,,,,,,,,,,,
304,1285,1,4308,0,16.603104,0.0,0.0,0,G2,,19,144,43,101,,6008,,,1,0,0,,,,,0,,,,,,,,,,,,,,,,
,1286,,,0,16.610916,,,,,,,176,64,115,,,,,1,0,0,,,,,,,,,,,,,,,,,,,,,
,1287,,,0,16.613520,,,,,,,176,67,27,,,,,1,0,0,,,,,,,,,,,,,,,,,,,,,
,1288,,,0,16.621332,,,,,,,176,67,29,,,,,1,0,0,,,,,,,,,,,,,,,,,,,,,
,1289,,,0,16.631748,,,,,,,176,67,27,,,,,1,0,0,,,,,,,,,,,,,,,,,,,,,
,1290,,,0,16.670808,,,,,,,176,64,114,,,,,1,0,0,,,,,,,,,,,,,,,,,,,,,
,1291,,,0,16.681224,,,,,,,176,64,115,,,,,1,0,0,,,,,,,,,,,,,,,,,,,,,
,1292,,,0,16.681224,,,,,,,176,67,25,,,,,1,0,0,,,,,,,,,,,,,,,,,,,,,
,1293,,,0,16.691640,,,,,,,176,67,20,,,,,1,0,0,,,,,,,,,,,,,,,,,,,,,
,1294,,,0,16.712472,,,,,,,176,64,114,,,,,1,0,0,,,,,,,,,,,,,,,,,,,,,
304,1295,1,4309,0,16.712472,0.0,0.0,0,A1,,16,144,33,85,,6008,,,1,0,0,,,,,0,,,,,,,,,,,,,,,,
304,1296,1,4310,0,16.715076,0.0,0.0,0,D#4,,13,144,63,69,,6008,,,1,0,0,,,,,0,,,,,,,,,,,,,,,,
,1297,,,0,16.720284,,,,,,,176,64,115,,,,,1,0,0,,,,,,,,,,,,,,,,,,,,,
,1298,,,0,16.730700,,,,,,,176,64,114,,,,,1,0,0,,,,,,,,,,,,,,,,,,,,,
,1299,,,0,16.741116,,,,,,,176,64,115,,,,,1,0,0,,,,,,,,,,,,,,,,,,,,,
,1300,,,0,16.746324,,,,,,,128,43,0,,,,,1,0,0,,,,,,,,,,,,,,,,,,,,,
,1301,,,0,16.751532,,,,,,,176,64,114,,,,,1,0,0,,,,,,,,,,,,,,,,,,,,,
,1302,,,0,16.761948,,,,,,,176,64,115,,,,,1,0,0,,,,,,,,,,,,,,,,,,,,,
,1303,,,0,16.777572,,,,,,,128,63,0,,,,,1,0,0,,,,,,,,,,,,,,,,,,,,,
,1304,,,0,16.780176,,,,,,,176,64,114,,,,,1,0,0,,,,,,,,,,,,,,,,,,,,,
,1305,,,0,16.782780,,,,,,,128,33,0,,,,,1,0,0,,,,,,,,,,,,,,,,,,,,,
,1306,,,0,16.790592,,,,,,,176,64,115,,,,,1,0,0,,,,,,,,,,,,,,,,,,,,,
,1307,,,0,16.801008,,,,,,,176,64,114,,,,,1,0,0,,,,,,,,,,,,,,,,,,,,,
,1308,,,0,16.811424,,,,,,,176,64,115,,,,,1,0,0,,,,,,,,,,,,,,,,,,,,,
,1309,,,0,16.850484,,,,,,,176,64,114,,,,,1,0,0,,,,,,,,,,,,,,,,,,,,,
,1310,,,0,16.860900,,,,,,,176,64,115,,,,,1,0,0,,,,,,,,,,,,,,,,,,,,,
,1311,,,0,16.866108,,,,,,,128,59,0,,,,,1,0,0,,,,,,,,,,,,,,,,,,,,,
,1312,,,0,16.871316,,,,,,,176,64,114,,,,,1,0,0,,,,,,,,,,,,,,,,,,,,,
,1313,,,0,16.881732,,,,,,,176,64,115,,,,,1,0,0,,,,,,,,,,,,,,,,,,,,,
,1314,,,0,16.892148,,,,,,,176,64,114,,,,,1,0,0,,,,,,,,,,,,,,,,,,,,,
,1315,,,0,16.902564,,,,,,,176,64,115,,,,,1,0,0,,,,,,,,,,,,,,,,,,,,,
,1316,,,0,16.920792,,,,,,,176,64,114,,,,,1,0,0,,,,,,,,,,,,,,,,,,,,,
,1317,,,0,16.941624,,,,,,,176,64,115,,,,,1,0,0,,,,,,,,,,,,,,,,,,,,,
,1318,,,0,17.014536,,,,,,,176,64,114,,,,,1,0,0,,,,,,,,,,,,,,,,,,,,,
,1319,,,0,17.022348,,,,,,,176,64,115,,,,,1,0,0,,,,,,,,,,,,,,,,,,,,,
,1320,,,0,17.030160,,,,,,,176,64,114,,,,,1,0,0,,,,,,,,,,,,,,,,,,,,,
304,1321,1,4311,0,17.035368,0.0,0.0,0,A0,,10,144,21,53,,6008,,,1,0,0,,,,,0,,,,,,,,,,,,,,,,
,1322,,,0,17.050992,,,,,,,176,64,115,,,,,1,0,0,,,,,,,,,,,,,,,,,,,,,
,1323,,,0,17.103072,,,,,,,176,64,114,,,,,1,0,0,,,,,,,,,,,,,,,,,,,,,
,1324,,,0,17.110884,,,,,,,176,64,115,,,,,1,0,0,,,,,,,,,,,,,,,,,,,,,
304,1325,1,4312,0,17.123904,0.0,0.0,0,G#4,,7,144,68,37,,6008,,,1,0,0,,,,,0,,,,,,,,,,,,,,,,
,1326,,,0,17.131716,,,,,,,176,64,114,,,,,1,0,0,,,,,,,,,,,,,,,,,,,,,
,1327,,,0,17.134320,,,,,,,128,21,0,,,,,1,0,0,,,,,,,,,,,,,,,,,,,,,
304,1328,1,4312,0,17.136924,0.0,0.0,0,G3,,7,144,55,37,,6008,,,1,0,0,,,,,0,,,,,,,,,,,,,,,,
,1329,,,0,17.142132,,,,,,,176,64,115,,,,,1,0,0,,,,,,,,,,,,,,,,,,,,,
,1330,,,0,17.183796,,,,,,,128,68,0,,,,,1,0,0,,,,,,,,,,,,,,,,,,,,,
,1331,,,0,17.202024,,,,,,,176,64,114,,,,,1,0,0,,,,,,,,,,,,,,,,,,,,,
,1332,,,0,17.212440,,,,,,,176,64,115,,,,,1,0,0,,,,,,,,,,,,,,,,,,,,,
,1333,,,0,17.230668,,,,,,,176,64,114,,,,,1,0,0,,,,,,,,,,,,,,,,,,,,,
,1334,,,0,17.233272,,,,,,,128,55,0,,,,,1,0,0,,,,,,,,,,,,,,,,,,,,,
,1335,,,0,17.241084,,,,,,,176,64,115,,,,,1,0,0,,,,,,,,,,,,,,,,,,,,,
,1336,,,0,17.261916,,,,,,,176,64,114,,,,,1,0,0,,,,,,,,,,,,,,,,,,,,,
,1337,,,0,17.272332,,,,,,,176,64,115,,,,,1,0,0,,,,,,,,,,,,,,,,,,,,,
,1338,,,0,17.290560,,,,,,,176,64,114,,,,,1,0,0,,,,,,,,,,,,,,,,,,,,,
,1339,,,0,17.300976,,,,,,,176,64,115,,,,,1,0,0,,,,,,,,,,,,,,,,,,,,,
304,1340,1,4313,0,17.324412,0.0,0.0,0,A0,,5,144,21,26,,6009,,,1,0,0,0.26324836338368135,0.13996453248420837,,0.03349013333333333,1,0.023324,0.164058,0.042259775,0.02525076453742292,1.097222,7.839286,2.4944444249999997,1.169597230883946,0.0,0.0,0.0,0.0,0.0,1.875,0.3866587,0.48152988259381163
,1341,,,0,17.332224,,,,,,,176,64,111,,,,,1,0,0,,,,,,,,,,,,,,,,,,,,,
,1342,,,0,17.342640,,,,,,,176,64,105,,,,,1,0,0,,,,,,,,,,,,,,,,,,,,,
,1343,,,0,17.350452,,,,,,,176,64,93,,,,,1,0,0,,,,,,,,,,,,,,,,,,,,,
,1344,,,0,17.360868,,,,,,,176,64,71,,,,,1,0,0,,,,,,,,,,,,,,,,,,,,,
,1345,,,0,17.371284,,,,,,,176,64,42,,,,,0,0,0,,,,,,,,,,,,,,,,,,,,,
,1346,,,0,17.381700,,,,,,,176,64,15,,,,,0,0,0,,,,,,,,,,,,,,,,,,,,,
,1347,,,0,17.392116,,,,,,,176,64,8,,,,,0,0,0,,,,,,,,,,,,,,,,,,,,,
,1348,,,0,17.452008,,,,,,,176,64,7,,,,,0,0,0,,,,,,,,,,,,,,,,,,,,,
,1349,,,0,17.462424,,,,,,,176,64,8,,,,,0,0,0,,,,,,,,,,,,,,,,,,,,,
,1350,,,0,17.470236,,,,,,,176,64,7,,,,,0,0,0,,,,,,,,,,,,,,,,,,,,,
,1351,,,0,17.480652,,,,,,,176,64,8,,,,,0,0,0,,,,,,,,,,,,,,,,,,,,,
,1352,,,0,17.501484,,,,,,,176,67,21,,,,,0,0,0,,,,,,,,,,,,,,,,,,,,,
,1353,,,0,17.511900,,,,,,,176,67,26,,,,,0,0,0,,,,,,,,,,,,,,,,,,,,,
,1354,,,0,17.514504,,,,,,,176,66,127,,,,,0,0,1,,,,,,,,,,,,,,,,,,,,,
,1355,,,0,17.522316,,,,,,,176,64,7,,,,,0,0,1,,,,,,,,,,,,,,,,,,,,,
,1356,,,0,17.530128,,,,,,,176,64,8,,,,,0,0,1,,,,,,,,,,,,,,,,,,,,,
,1357,,,0,17.532732,,,,,,,176,67,21,,,,,0,0,1,,,,,,,,,,,,,,,,,,,,,
,1358,,,0,17.540544,,,,,,,176,67,20,,,,,0,0,1,,,,,,,,,,,,,,,,,,,,,
,1359,,,0,17.550960,,,,,,,176,64,7,,,,,0,0,1,,,,,,,,,,,,,,,,,,,,,
,1360,,,0,17.561376,,,,,,,176,64,8,,,,,0,0,1,,,,,,,,,,,,,,,,,,,,,
,1361,,,0,17.582208,,,,,,,176,64,7,,,,,0,0,1,,,,,,,,,,,,,,,,,,,,,
,1362,,,0,17.590020,,,,,,,176,64,8,,,,,0,0,1,,,,,,,,,,,,,,,,,,,,,
,1363,,,0,17.644704,,,,,,,128,21,0,,,,,0,0,1,,,,,,,,,,,,,,,,,,,,,
,1364,,,0,17.652516,,,,,,,176,64,7,,,,,0,0,1,,,,,,,,,,,,,,,,,,,,,
,1365,,,0,17.660328,,,,,,,176,64,8,,,,,0,0,1,,,,,,,,,,,,,,,,,,,,,
,1366,,,0,17.670744,,,,,,,176,64,7,,,,,0,0,1,,,,,,,,,,,,,,,,,,,,,
,1367,,,0,17.681160,,,,,,,176,64,8,,,,,0,0,1,,,,,,,,,,,,,,,,,,,,,
,1368,,,0,17.691576,,,,,,,176,64,7,,,,,0,0,1,,,,,,,,,,,,,,,,,,,,,
,1369,,,0,17.720220,,,,,,,176,64,8,,,,,0,0,1,,,,,,,,,,,,,,,,,,,,,
,1370,,,0,17.751468,,,,,,,176,64,7,,,,,0,0,1,,,,,,,,,,,,,,,,,,,,,
,1371,,,0,17.761884,,,,,,,176,64,8,,,,,0,0,1,,,,,,,,,,,,,,,,,,,,,
,1372,,,0,17.772300,,,,,,,176,64,7,,,,,0,0,1,,,,,,,,,,,,,,,,,,,,,
,1373,,,0,17.790528,,,,,,,176,64,8,,,,,0,0,1,,,,,,,,,,,,,,,,,,,,,
0,1374,1,0,0,17.803548,0.0,0.0,0,G#1,,-1,144,32,21,,,,,0,0,1,,,,,,,,,,,,,,,,,,,,,
,1375,,,0,17.840004,,,,,,,176,64,7,,,,,0,0,1,,,,,,,,,,,,,,,,,,,,,
,1376,,,0,17.850420,,,,,,,176,64,8,,,,,0,0,1,,,,,,,,,,,,,,,,,,,,,
,1377,,,0,17.892084,,,,,,,176,64,7,,,,,0,0,1,,,,,,,,,,,,,,,,,,,,,
,1378,,,0,17.902500,,,,,,,176,64,8,,,,,0,0,1,,,,,,,,,,,,,,,,,,,,,
,1379,,,0,17.905104,,,,,,,128,32,0,,,,,0,0,1,,,,,,,,,,,,,,,,,,,,,
,1380,,,0,17.910312,,,,,,,176,64,7,,,,,0,0,1,,,,,,,,,,,,,,,,,,,,,
,1381,,,0,17.920728,,,,,,,176,64,8,,,,,0,0,1,,,,,,,,,,,,,,,,,,,,,
304,1382,1,4314,0,17.949372,0.0,0.0,0,A1,,11,144,33,58,,6009,,,0,0,1,0.26324836338368135,0.13996453248420837,,0.03349013333333333,1,0.023324,0.164058,0.042259775,0.02525076453742292,1.097222,7.839286,2.4944444249999997,1.169597230883946,0.0,0.0,0.0,0.0,0.0,1.875,0.3866587,0.48152988259381163
,1383,,,0,17.951976,,,,,,,176,64,7,,,,,0,0,1,,,,,,,,,,,,,,,,,,,,,
,1384,,,0,17.962392,,,,,,,176,64,8,,,,,0,0,1,,,,,,,,,,,,,,,,,,,,,
304,1385,1,4314,0,17.967600,0.0,0.0,0,F3,,11,144,53,58,,6009,,,0,0,1,0.26324836338368135,0.13996453248420837,,0.03349013333333333,1,0.023324,0.164058,0.042259775,0.02525076453742292,1.097222,7.839286,2.4944444249999997,1.169597230883946,0.0,0.0,0.0,0.0,0.0,1.875,0.3866587,0.48152988259381163
304,1386,1,4314,0,17.970204,0.0,0.0,0,C#4,,11,144,61,58,,6009,,,0,0,1,0.26324836338368135,0.13996453248420837,,0.03349013333333333,1,0.023324,0.164058,0.042259775,0.02525076453742292,1.097222,7.839286,2.4944444249999997,1.169597230883946,0.0,0.0,0.0,0.0,0.0,1.875,0.3866587,0.48152988259381163
,1387,,,0,17.993640,,,,,,,176,64,7,,,,,0,0,1,,,,,,,,,,,,,,,,,,,,,
,1388,,,0,18.022284,,,,,,,176,64,8,,,,,0,0,1,,,,,,,,,,,,,,,,,,,,,
,1389,,,0,18.022284,,,,,,,128,33,0,,,,,0,0,1,,,,,,,,,,,,,,,,,,,,,
,1390,,,0,18.027492,,,,,,,128,53,0,,,,,0,0,1,,,,,,,,,,,,,,,,,,,,,
,1391,,,0,18.030096,,,,,,,128,61,0,,,,,0,0,1,,,,,,,,,,,,,,,,,,,,,
,1392,,,0,18.040512,,,,,,,176,64,7,,,,,0,0,1,,,,,,,,,,,,,,,,,,,,,
,1393,,,0,18.050928,,,,,,,176,64,8,,,,,0,0,1,,,,,,,,,,,,,,,,,,,,,
,1394,,,0,18.061344,,,,,,,176,64,7,,,,,0,0,1,,,,,,,,,,,,,,,,,,,,,
,1395,,,0,18.082176,,,,,,,176,64,8,,,,,0,0,1,,,,,,,,,,,,,,,,,,,,,
304,1396,1,4315,0,18.095196,0.0,0.0,0,G1,,10,144,31,53,,6009,,,0,0,1,0.26324836338368135,0.13996453248420837,,0.03349013333333333,1,0.023324,0.164058,0.042259775,0.02525076453742292,1.097222,7.839286,2.4944444249999997,1.169597230883946,0.0,0.0,0.0,0.0,0.0,1.875,0.3866587,0.48152988259381163
,1397,,,0,18.100404,,,,,,,176,64,7,,,,,0,0,1,,,,,,,,,,,,,,,,,,,,,
304,1398,1,4315,0,18.103008,0.0,0.0,0,F#2,,10,144,42,53,,6009,,,0,0,1,0.26324836338368135,0.13996453248420837,,0.03349013333333333,1,0.023324,0.164058,0.042259775,0.02525076453742292,1.097222,7.839286,2.4944444249999997,1.169597230883946,0.0,0.0,0.0,0.0,0.0,1.875,0.3866587,0.48152988259381163
304,1399,1,4315,0,18.103008,0.0,0.0,0,A1,,10,144,33,53,,6009,,,0,0,1,0.26324836338368135,0.13996453248420837,,0.03349013333333333,1,0.023324,0.164058,0.042259775,0.02525076453742292,1.097222,7.839286,2.4944444249999997,1.169597230883946,0.0,0.0,0.0,0.0,0.0,1.875,0.3866587,0.48152988259381163
,1400,,,0,18.110820,,,,,,,176,64,8,,,,,0,0,1,,,,,,,,,,,,,,,,,,,,,
,1401,,,0,18.121236,,,,,,,176,64,7,,,,,0,0,1,,,,,,,,,,,,,,,,,,,,,
304,1402,1,4315,0,18.123840,0.0,0.0,0,F3,,10,144,53,53,,6009,,,0,0,1,0.26324836338368135,0.13996453248420837,,0.03349013333333333,1,0.023324,0.164058,0.042259775,0.02525076453742292,1.097222,7.839286,2.4944444249999997,1.169597230883946,0.0,0.0,0.0,0.0,0.0,1.875,0.3866587,0.48152988259381163
304,1403,1,4315,0,18.129048,0.0,0.0,0,C#4,,10,144,61,53,,6009,,,0,0,1,0.26324836338368135,0.13996453248420837,,0.03349013333333333,1,0.023324,0.164058,0.042259775,0.02525076453742292,1.097222,7.839286,2.4944444249999997,1.169597230883946,0.0,0.0,0.0,0.0,0.0,1.875,0.3866587,0.48152988259381163
,1404,,,0,18.131652,,,,,,,176,64,8,,,,,0,0,1,,,,,,,,,,,,,,,,,,,,,
,1405,,,0,18.181128,,,,,,,176,64,7,,,,,0,0,1,,,,,,,,,,,,,,,,,,,,,
,1406,,,0,18.201960,,,,,,,176,64,8,,,,,0,0,1,,,,,,,,,,,,,,,,,,,,,
,1407,,,0,18.212376,,,,,,,176,64,7,,,,,0,0,1,,,,,,,,,,,,,,,,,,,,,
,1408,,,0,18.220188,,,,,,,176,64,8,,,,,0,0,1,,,,,,,,,,,,,,,,,,,,,
,1409,,,0,18.251436,,,,,,,176,64,7,,,,,0,0,1,,,,,,,,,,,,,,,,,,,,,
,1410,,,0,18.261852,,,,,,,176,64,8,,,,,0,0,1,,,,,,,,,,,,,,,,,,,,,
,1411,,,0,18.280080,,,,,,,176,64,7,,,,,0,0,1,,,,,,,,,,,,,,,,,,,,,
,1412,,,0,18.290496,,,,,,,176,64,8,,,,,0,0,1,,,,,,,,,,,,,,,,,,,,,
,1413,,,0,18.300912,,,,,,,176,64,7,,,,,0,0,1,,,,,,,,,,,,,,,,,,,,,
,1414,,,0,18.311328,,,,,,,176,64,8,,,,,0,0,1,,,,,,,,,,,,,,,,,,,,,
,1415,,,0,18.332160,,,,,,,176,64,7,,,,,0,0,1,,,,,,,,,,,,,,,,,,,,,
,1416,,,0,18.342576,,,,,,,176,64,8,,,,,0,0,1,,,,,,,,,,,,,,,,,,,,,
,1417,,,0,18.352992,,,,,,,176,64,7,,,,,0,0,1,,,,,,,,,,,,,,,,,,,,,
,1418,,,0,18.371220,,,,,,,176,64,8,,,,,0,0,1,,,,,,,,,,,,,,,,,,,,,
,1419,,,0,18.392052,,,,,,,176,64,7,,,,,0,0,1,,,,,,,,,,,,,,,,,,,,,
,1420,,,0,18.402468,,,,,,,176,64,8,,,,,0,0,1,,,,,,,,,,,,,,,,,,,,,
,1421,,,0,18.423300,,,,,,,176,64,7,,,,,0,0,1,,,,,,,,,,,,,,,,,,,,,
,1422,,,0,18.441528,,,,,,,176,64,8,,,,,0,0,1,,,,,,,,,,,,,,,,,,,,,
,1423,,,0,18.470172,,,,,,,176,64,7,,,,,0,0,1,,,,,,,,,,,,,,,,,,,,,
,1424,,,0,18.480588,,,,,,,176,64,8,,,,,0,0,1,,,,,,,,,,,,,,,,,,,,,
,1425,,,0,18.491004,,,,,,,176,64,7,,,,,0,0,1,,,,,,,,,,,,,,,,,,,,,
,1426,,,0,18.501420,,,,,,,176,64,8,,,,,0,0,1,,,,,,,,,,,,,,,,,,,,,
,1427,,,0,18.561312,,,,,,,176,64,7,,,,,0,0,1,,,,,,,,,,,,,,,,,,,,,
,1428,,,0,18.571728,,,,,,,176,64,8,,,,,0,0,1,,,,,,,,,,,,,,,,,,,,,
,1429,,,0,18.582144,,,,,,,176,64,7,,,,,0,0,1,,,,,,,,,,,,,,,,,,,,,
,1430,,,0,18.592560,,,,,,,176,64,8,,,,,0,0,1,,,,,,,,,,,,,,,,,,,,,
,1431,,,0,18.621204,,,,,,,176,64,7,,,,,0,0,1,,,,,,,,,,,,,,,,,,,,,
,1432,,,0,18.631620,,,,,,,176,64,8,,,,,0,0,1,,,,,,,,,,,,,,,,,,,,,
,1433,,,0,18.660264,,,,,,,176,64,5,,,,,0,0,1,,,,,,,,,,,,,,,,,,,,,
,1434,,,0,18.670680,,,,,,,176,64,6,,,,,0,0,1,,,,,,,,,,,,,,,,,,,,,
,1435,,,0,18.681096,,,,,,,176,64,5,,,,,0,0,1,,,,,,,,,,,,,,,,,,,,,
,1436,,,0,18.691512,,,,,,,176,64,7,,,,,0,0,1,,,,,,,,,,,,,,,,,,,,,
,1437,,,0,18.701928,,,,,,,176,64,5,,,,,0,0,1,,,,,,,,,,,,,,,,,,,,,
,1438,,,0,18.712344,,,,,,,176,64,7,,,,,0,0,1,,,,,,,,,,,,,,,,,,,,,
,1439,,,0,18.720156,,,,,,,176,64,6,,,,,0,0,1,,,,,,,,,,,,,,,,,,,,,
,1440,,,0,18.730572,,,,,,,176,64,7,,,,,0,0,1,,,,,,,,,,,,,,,,,,,,,
,1441,,,0,18.761820,,,,,,,176,64,8,,,,,0,0,1,,,,,,,,,,,,,,,,,,,,,
,1442,,,0,18.790464,,,,,,,176,64,7,,,,,0,0,1,,,,,,,,,,,,,,,,,,,,,
,1443,,,0,18.800880,,,,,,,176,64,8,,,,,0,0,1,,,,,,,,,,,,,,,,,,,,,
,1444,,,0,18.821712,,,,,,,176,64,7,,,,,0,0,1,,,,,,,,,,,,,,,,,,,,,
,1445,,,0,18.850356,,,,,,,176,64,8,,,,,0,0,1,,,,,,,,,,,,,,,,,,,,,
,1446,,,0,18.871188,,,,,,,176,64,7,,,,,0,0,1,,,,,,,,,,,,,,,,,,,,,
,1447,,,0,18.881604,,,,,,,176,64,8,,,,,0,0,1,,,,,,,,,,,,,,,,,,,,,
,1448,,,0,18.931080,,,,,,,176,64,7,,,,,0,0,1,,,,,,,,,,,,,,,,,,,,,
,1449,,,0,18.941496,,,,,,,176,64,8,,,,,0,0,1,,,,,,,,,,,,,,,,,,,,,
,1450,,,0,18.962328,,,,,,,176,64,7,,,,,0,0,1,,,,,,,,,,,,,,,,,,,,,
,1451,,,0,18.970140,,,,,,,176,64,8,,,,,0,0,1,,,,,,,,,,,,,,,,,,,,,
,1452,,,0,19.011804,,,,,,,128,42,0,,,,,0,0,1,,,,,,,,,,,,,,,,,,,,,
,1453,,,0,19.050864,,,,,,,176,64,7,,,,,0,0,1,,,,,,,,,,,,,,,,,,,,,
,1454,,,0,19.061280,,,,,,,176,64,8,,,,,0,0,1,,,,,,,,,,,,,,,,,,,,,
,1455,,,0,19.071696,,,,,,,176,64,7,,,,,0,0,1,,,,,,,,,,,,,,,,,,,,,
,1456,,,0,19.092528,,,,,,,176,64,8,,,,,0,0,1,,,,,,,,,,,,,,,,,,,,,
,1457,,,0,19.110756,,,,,,,176,64,7,,,,,0,0,1,,,,,,,,,,,,,,,,,,,,,
,1458,,,0,19.121172,,,,,,,176,64,8,,,,,0,0,1,,,,,,,,,,,,,,,,,,,,,
,1459,,,0,19.131588,,,,,,,176,64,7,,,,,0,0,1,,,,,,,,,,,,,,,,,,,,,
,1460,,,0,19.142004,,,,,,,176,64,8,,,,,0,0,1,,,,,,,,,,,,,,,,,,,,,
,1461,,,0,19.173252,,,,,,,176,64,7,,,,,0,0,1,,,,,,,,,,,,,,,,,,,,,
,1462,,,0,19.181064,,,,,,,176,64,8,,,,,0,0,1,,,,,,,,,,,,,,,,,,,,,
305,1463,1,4316,0,19.207104,0.0,0.0,0,E1,,8,144,28,42,,6009,,,0,0,1,0.26324836338368135,0.13996453248420837,,0.03349013333333333,1,0.023324,0.164058,0.042259775,0.02525076453742292,1.097222,7.839286,2.4944444249999997,1.169597230883946,0.0,0.0,0.0,0.0,0.0,1.875,0.3866587,0.48152988259381163
,1464,,,0,19.233144,,,,,,,176,64,7,,,,,0,0,1,,,,,,,,,,,,,,,,,,,,,
,1465,,,0,19.251372,,,,,,,176,64,8,,,,,0,0,1,,,,,,,,,,,,,,,,,,,,,
,1466,,,0,19.266996,,,,,,,128,33,0,,,,,0,0,1,,,,,,,,,,,,,,,,,,,,,
,1467,,,0,19.277412,,,,,,,128,53,0,,,,,0,0,1,,,,,,,,,,,,,,,,,,,,,
,1468,,,0,19.316472,,,,,,,128,31,0,,,,,0,0,1,,,,,,,,,,,,,,,,,,,,,
,1469,,,0,19.319076,,,,,,,128,61,0,,,,,0,0,1,,,,,,,,,,,,,,,,,,,,,
,1470,,,0,19.339908,,,,,,,176,64,7,,,,,0,0,1,,,,,,,,,,,,,,,,,,,,,
,1471,,,0,19.350324,,,,,,,176,64,8,,,,,0,0,1,,,,,,,,,,,,,,,,,,,,,
,1472,,,0,19.363344,,,,,,,176,64,7,,,,,0,0,1,,,,,,,,,,,,,,,,,,,,,
,1473,,,0,19.371156,,,,,,,176,64,8,,,,,0,0,1,,,,,,,,,,,,,,,,,,,,,
,1474,,,0,19.391988,,,,,,,176,64,7,,,,,0,0,1,,,,,,,,,,,,,,,,,,,,,
,1475,,,0,19.402404,,,,,,,176,64,9,,,,,0,0,1,,,,,,,,,,,,,,,,,,,,,
,1476,,,0,19.410216,,,,,,,176,64,11,,,,,0,0,1,,,,,,,,,,,,,,,,,,,,,
,1477,,,0,19.431048,,,,,,,176,64,12,,,,,0,0,1,,,,,,,,,,,,,,,,,,,,,
,1478,,,0,19.451880,,,,,,,176,64,11,,,,,0,0,1,,,,,,,,,,,,,,,,,,,,,
,1479,,,0,19.462296,,,,,,,176,64,12,,,,,0,0,1,,,,,,,,,,,,,,,,,,,,,
,1480,,,0,19.470108,,,,,,,176,64,11,,,,,0,0,1,,,,,,,,,,,,,,,,,,,,,
,1481,,,0,19.490940,,,,,,,176,64,12,,,,,0,0,1,,,,,,,,,,,,,,,,,,,,,
,1482,,,0,19.501356,,,,,,,176,64,11,,,,,0,0,1,,,,,,,,,,,,,,,,,,,,,
,1483,,,0,19.522188,,,,,,,176,64,12,,,,,0,0,1,,,,,,,,,,,,,,,,,,,,,
,1484,,,0,19.550832,,,,,,,176,64,16,,,,,0,0,1,,,,,,,,,,,,,,,,,,,,,
,1485,,,0,19.561248,,,,,,,176,64,20,,,,,0,0,1,,,,,,,,,,,,,,,,,,,,,
,1486,,,0,19.571664,,,,,,,176,64,23,,,,,0,0,1,,,,,,,,,,,,,,,,,,,,,
,1487,,,0,19.582080,,,,,,,176,64,27,,,,,0,0,1,,,,,,,,,,,,,,,,,,,,,
,1488,,,0,19.592496,,,,,,,176,64,34,,,,,0,0,1,,,,,,,,,,,,,,,,,,,,,
,1489,,,0,19.602912,,,,,,,176,64,42,,,,,0,0,1,,,,,,,,,,,,,,,,,,,,,
,1490,,,0,19.613328,,,,,,,176,64,55,,,,,0,0,1,,,,,,,,,,,,,,,,,,,,,
,1491,,,0,19.621140,,,,,,,176,64,68,,,,,1,0,1,,,,,,,,,,,,,,,,,,,,,
,1492,,,0,19.631556,,,,,,,176,64,82,,,,,1,0,1,,,,,,,,,,,,,,,,,,,,,
,1493,,,0,19.641972,,,,,,,176,64,94,,,,,1,0,1,,,,,,,,,,,,,,,,,,,,,
,1494,,,0,19.652388,,,,,,,176,64,99,,,,,1,0,1,,,,,,,,,,,,,,,,,,,,,
,1495,,,0,19.662804,,,,,,,176,64,100,,,,,1,0,1,,,,,,,,,,,,,,,,,,,,,
,1496,,,0,19.670616,,,,,,,176,64,99,,,,,1,0,1,,,,,,,,,,,,,,,,,,,,,
,1497,,,0,19.683636,,,,,,,176,64,100,,,,,1,0,1,,,,,,,,,,,,,,,,,,,,,
,1498,,,0,19.694052,,,,,,,176,64,99,,,,,1,0,1,,,,,,,,,,,,,,,,,,,,,
,1499,,,0,19.712280,,,,,,,176,64,100,,,,,1,0,1,,,,,,,,,,,,,,,,,,,,,
,1500,,,0,19.720092,,,,,,,176,64,99,,,,,1,0,1,,,,,,,,,,,,,,,,,,,,,
,1501,,,0,19.727904,,,,,,,128,28,0,,,,,1,0,1,,,,,,,,,,,,,,,,,,,,,
,1502,,,0,19.730508,,,,,,,176,64,100,,,,,1,0,1,,,,,,,,,,,,,,,,,,,,,
,1503,,,0,19.740924,,,,,,,176,64,99,,,,,1,0,1,,,,,,,,,,,,,,,,,,,,,
,1504,,,0,19.751340,,,,,,,176,64,101,,,,,1,0,1,,,,,,,,,,,,,,,,,,,,,
,1505,,,0,19.761756,,,,,,,176,64,99,,,,,1,0,1,,,,,,,,,,,,,,,,,,,,,
,1506,,,0,19.772172,,,,,,,176,64,101,,,,,1,0,1,,,,,,,,,,,,,,,,,,,,,
,1507,,,0,19.782588,,,,,,,176,64,99,,,,,1,0,1,,,,,,,,,,,,,,,,,,,,,
,1508,,,0,19.782588,,,,,,,176,67,19,,,,,1,0,1,,,,,,,,,,,,,,,,,,,,,
,1509,,,0,19.790400,,,,,,,176,67,20,,,,,1,0,1,,,,,,,,,,,,,,,,,,,,,
,1510,,,0,19.811232,,,,,,,176,67,19,,,,,1,0,1,,,,,,,,,,,,,,,,,,,,,
,1511,,,0,19.821648,,,,,,,176,67,20,,,,,1,0,1,,,,,,,,,,,,,,,,,,,,,
305,1512,1,4317,0,19.852896,0.0,0.0,0,F#4,,8,144,66,42,,6009,,,1,0,1,0.26324836338368135,0.13996453248420837,,0.03349013333333333,1,0.023324,0.164058,0.042259775,0.02525076453742292,1.097222,7.839286,2.4944444249999997,1.169597230883946,0.0,0.0,0.0,0.0,0.0,1.875,0.3866587,0.48152988259381163
,1513,,,0,19.881540,,,,,,,176,64,95,,,,,1,0,1,,,,,,,,,,,,,,,,,,,,,
,1514,,,0,19.891956,,,,,,,176,64,92,,,,,1,0,1,,,,,,,,,,,,,,,,,,,,,
,1515,,,0,19.902372,,,,,,,176,64,88,,,,,1,0,1,,,,,,,,,,,,,,,,,,,,,
,1516,,,0,19.910184,,,,,,,176,64,82,,,,,1,0,1,,,,,,,,,,,,,,,,,,,,,
305,1517,1,4318,0,19.920600,0.0,0.0,0,C3,,8,144,48,42,,6009,,,1,0,1,0.26324836338368135,0.13996453248420837,,0.03349013333333333,1,0.023324,0.164058,0.042259775,0.02525076453742292,1.097222,7.839286,2.4944444249999997,1.169597230883946,0.0,0.0,0.0,0.0,0.0,1.875,0.3866587,0.48152988259381163
,1518,,,0,19.923204,,,,,,,176,64,75,,,,,1,0,1,,,,,,,,,,,,,,,,,,,,,
,1519,,,0,19.933620,,,,,,,176,64,65,,,,,1,0,1,,,,,,,,,,,,,,,,,,,,,
,1520,,,0,19.941432,,,,,,,176,64,57,,,,,0,0,1,,,,,,,,,,,,,,,,,,,,,
,1521,,,0,19.951848,,,,,,,176,64,48,,,,,0,0,1,,,,,,,,,,,,,,,,,,,,,
,1522,,,0,19.962264,,,,,,,176,64,39,,,,,0,0,1,,,,,,,,,,,,,,,,,,,,,
,1523,,,0,19.970076,,,,,,,176,64,32,,,,,0,0,1,,,,,,,,,,,,,,,,,,,,,
,1524,,,0,19.980492,,,,,,,176,64,24,,,,,0,0,1,,,,,,,,,,,,,,,,,,,,,
,1525,,,0,19.990908,,,,,,,176,64,20,,,,,0,0,1,,,,,,,,,,,,,,,,,,,,,
,1526,,,0,20.001324,,,,,,,176,64,16,,,,,0,0,1,,,,,,,,,,,,,,,,,,,,,
,1527,,,0,20.011740,,,,,,,176,64,15,,,,,0,0,1,,,,,,,,,,,,,,,,,,,,,
,1528,,,0,20.022156,,,,,,,176,64,12,,,,,0,0,1,,,,,,,,,,,,,,,,,,,,,
,1529,,,0,20.082048,,,,,,,176,64,11,,,,,0,0,1,,,,,,,,,,,,,,,,,,,,,
,1530,,,0,20.100276,,,,,,,128,66,0,,,,,0,0,1,,,,,,,,,,,,,,,,,,,,,
,1531,,,0,20.102880,,,,,,,176,64,12,,,,,0,0,1,,,,,,,,,,,,,,,,,,,,,
,1532,,,0,20.152356,,,,,,,176,64,11,,,,,0,0,1,,,,,,,,,,,,,,,,,,,,,
,1533,,,0,20.162772,,,,,,,176,64,12,,,,,0,0,1,,,,,,,,,,,,,,,,,,,,,
,1534,,,0,20.173188,,,,,,,176,64,15,,,,,0,0,1,,,,,,,,,,,,,,,,,,,,,
,1535,,,0,20.181000,,,,,,,176,64,17,,,,,0,0,1,,,,,,,,,,,,,,,,,,,,,
,1536,,,0,20.191416,,,,,,,176,64,20,,,,,0,0,1,,,,,,,,,,,,,,,,,,,,,
,1537,,,0,20.201832,,,,,,,176,64,23,,,,,0,0,1,,,,,,,,,,,,,,,,,,,,,
,1538,,,0,20.212248,,,,,,,176,64,27,,,,,0,0,1,,,,,,,,,,,,,,,,,,,,,
,1539,,,0,20.233080,,,,,,,176,64,31,,,,,0,0,1,,,,,,,,,,,,,,,,,,,,,
,1540,,,0,20.240892,,,,,,,176,64,34,,,,,0,0,1,,,,,,,,,,,,,,,,,,,,,
,1541,,,0,20.251308,,,,,,,176,64,35,,,,,0,0,1,,,,,,,,,,,,,,,,,,,,,
,1542,,,0,20.261724,,,,,,,176,64,41,,,,,0,0,1,,,,,,,,,,,,,,,,,,,,,
,1543,,,0,20.272140,,,,,,,176,64,46,,,,,0,0,1,,,,,,,,,,,,,,,,,,,,,
,1544,,,0,20.282556,,,,,,,176,64,52,,,,,0,0,1,,,,,,,,,,,,,,,,,,,,,
,1545,,,0,20.292972,,,,,,,176,64,59,,,,,0,0,1,,,,,,,,,,,,,,,,,,,,,
,1546,,,0,20.300784,,,,,,,176,64,66,,,,,1,0,1,,,,,,,,,,,,,,,,,,,,,
,1547,,,0,20.305992,,,,,,,128,48,0,,,,,1,0,1,,,,,,,,,,,,,,,,,,,,,
,1548,,,0,20.311200,,,,,,,176,64,68,,,,,1,0,1,,,,,,,,,,,,,,,,,,,,,
,1549,,,0,20.321616,,,,,,,176,64,72,,,,,1,0,1,,,,,,,,,,,,,,,,,,,,,
,1550,,,0,20.332032,,,,,,,176,64,75,,,,,1,0,1,,,,,,,,,,,,,,,,,,,,,
,1551,,,0,20.352864,,,,,,,176,64,76,,,,,1,0,1,,,,,,,,,,,,,,,,,,,,,
,1552,,,0,20.363280,,,,,,,176,64,78,,,,,1,0,1,,,,,,,,,,,,,,,,,,,,,
,1553,,,0,20.371092,,,,,,,176,64,79,,,,,1,0,1,,,,,,,,,,,,,,,,,,,,,
,1554,,,0,20.402340,,,,,,,176,64,83,,,,,1,0,1,,,,,,,,,,,,,,,,,,,,,
,1555,,,0,20.423172,,,,,,,176,64,84,,,,,1,0,1,,,,,,,,,,,,,,,,,,,,,
,1556,,,0,20.430984,,,,,,,176,64,83,,,,,1,0,1,,,,,,,,,,,,,,,,,,,,,
,1557,,,0,20.441400,,,,,,,176,64,85,,,,,1,0,1,,,,,,,,,,,,,,,,,,,,,
,1558,,,0,20.451816,,,,,,,176,64,83,,,,,1,0,1,,,,,,,,,,,,,,,,,,,,,
,1559,,,0,20.462232,,,,,,,176,64,85,,,,,1,0,1,,,,,,,,,,,,,,,,,,,,,
,1560,,,0,20.470044,,,,,,,176,64,84,,,,,1,0,1,,,,,,,,,,,,,,,,,,,,,
,1561,,,0,20.490876,,,,,,,176,64,83,,,,,1,0,1,,,,,,,,,,,,,,,,,,,,,
,1562,,,0,20.501292,,,,,,,176,64,84,,,,,1,0,1,,,,,,,,,,,,,,,,,,,,,
,1563,,,0,20.522124,,,,,,,176,64,83,,,,,1,0,1,,,,,,,,,,,,,,,,,,,,,
,1564,,,0,20.529936,,,,,,,176,64,84,,,,,1,0,1,,,,,,,,,,,,,,,,,,,,,
,1565,,,0,20.540352,,,,,,,176,64,83,,,,,1,0,1,,,,,,,,,,,,,,,,,,,,,
,1566,,,0,20.550768,,,,,,,176,64,79,,,,,1,0,1,,,,,,,,,,,,,,,,,,,,,
,1567,,,0,20.561184,,,,,,,176,64,72,,,,,1,0,1,,,,,,,,,,,,,,,,,,,,,
,1568,,,0,20.571600,,,,,,,176,64,56,,,,,0,0,1,,,,,,,,,,,,,,,,,,,,,
,1569,,,0,20.582016,,,,,,,176,64,37,,,,,0,0,1,,,,,,,,,,,,,,,,,,,,,
,1570,,,0,20.592432,,,,,,,176,64,18,,,,,0,0,1,,,,,,,,,,,,,,,,,,,,,
,1571,,,0,20.602848,,,,,,,176,64,10,,,,,0,0,1,,,,,,,,,,,,,,,,,,,,,
,1572,,,0,20.613264,,,,,,,176,64,8,,,,,0,0,1,,,,,,,,,,,,,,,,,,,,,
,1573,,,0,20.621076,,,,,,,176,64,7,,,,,0,0,1,,,,,,,,,,,,,,,,,,,,,
305,1574,1,4319,0,20.641908,0.0,0.0,0,F#1,,17,144,30,90,,6009,,,0,0,1,0.26324836338368135,0.13996453248420837,,0.03349013333333333,1,0.023324,0.164058,0.042259775,0.02525076453742292,1.097222,7.839286,2.4944444249999997,1.169597230883946,0.0,0.0,0.0,0.0,0.0,1.875,0.3866587,0.48152988259381163
,1575,,,0,20.641908,,,,,,,176,64,8,,,,,0,0,1,,,,,,,,,,,,,,,,,,,,,
,1576,,,0,20.680968,,,,,,,176,64,10,,,,,0,0,1,,,,,,,,,,,,,,,,,,,,,
,1577,,,0,20.693988,,,,,,,176,64,12,,,,,0,0,1,,,,,,,,,,,,,,,,,,,,,
305,1578,1,4320,0,20.693988,0.0,0.0,0,A#4,,17,144,70,90,,6009,,,0,0,1,0.26324836338368135,0.13996453248420837,,0.03349013333333333,1,0.023324,0.164058,0.042259775,0.02525076453742292,1.097222,7.839286,2.4944444249999997,1.169597230883946,0.0,0.0,0.0,0.0,0.0,1.875,0.3866587,0.48152988259381163
,1579,,,0,20.701800,,,,,,,176,64,15,,,,,0,0,1,,,,,,,,,,,,,,,,,,,,,
,1580,,,0,20.712216,,,,,,,176,64,22,,,,,0,0,1,,,,,,,,,,,,,,,,,,,,,
,1581,,,0,20.722632,,,,,,,176,64,27,,,,,0,0,1,,,,,,,,,,,,,,,,,,,,,
,1582,,,0,20.725236,,,,,,,128,30,0,,,,,0,0,1,,,,,,,,,,,,,,,,,,,,,
,1583,,,0,20.733048,,,,,,,176,64,31,,,,,0,0,1,,,,,,,,,,,,,,,,,,,,,
,1584,,,0,20.740860,,,,,,,176,64,38,,,,,0,0,1,,,,,,,,,,,,,,,,,,,,,
,1585,,,0,20.751276,,,,,,,176,64,46,,,,,0,0,1,,,,,,,,,,,,,,,,,,,,,
,1586,,,0,20.761692,,,,,,,176,64,57,,,,,0,0,1,,,,,,,,,,,,,,,,,,,,,
,1587,,,0,20.772108,,,,,,,176,64,68,,,,,1,0,1,,,,,,,,,,,,,,,,,,,,,
,1588,,,0,20.777316,,,,,,,128,70,0,,,,,1,0,1,,,,,,,,,,,,,,,,,,,,,
,1589,,,0,20.782524,,,,,,,176,64,81,,,,,1,0,1,,,,,,,,,,,,,,,,,,,,,
,1590,,,0,20.787732,,,,,,,176,66,0,,,,,1,0,0,,,,,,,,,,,,,,,,,,,,,
,1591,,,0,20.792940,,,,,,,176,64,98,,,,,1,0,0,,,,,,,,,,,,,,,,,,,,,
,1592,,,0,20.800752,,,,,,,176,64,110,,,,,1,0,0,,,,,,,,,,,,,,,,,,,,,
305,1593,1,4321,0,20.805960,0.0,0.0,0,D3,,17,144,50,90,,6009,,,1,0,0,0.26324836338368135,0.13996453248420837,,0.03349013333333333,1,0.023324,0.164058,0.042259775,0.02525076453742292,1.097222,7.839286,2.4944444249999997,1.169597230883946,0.0,0.0,0.0,0.0,0.0,1.875,0.3866587,0.48152988259381163
,1594,,,0,20.811168,,,,,,,176,64,114,,,,,1,0,0,,,,,,,,,,,,,,,,,,,,,
,1595,,,0,20.821584,,,,,,,176,64,111,,,,,1,0,0,,,,,,,,,,,,,,,,,,,,,
,1596,,,0,20.936160,,,,,,,128,50,0,,,,,1,0,0,,,,,,,,,,,,,,,,,,,,,
,1597,,,0,20.951784,,,,,,,176,64,113,,,,,1,0,0,,,,,,,,,,,,,,,,,,,,,
,1598,,,0,20.962200,,,,,,,176,64,111,,,,,1,0,0,,,,,,,,,,,,,,,,,,,,,
,1599,,,0,20.972616,,,,,,,176,64,114,,,,,1,0,0,,,,,,,,,,,,,,,,,,,,,
,1600,,,0,20.983032,,,,,,,176,64,112,,,,,1,0,0,,,,,,,,,,,,,,,,,,,,,
,1601,,,0,20.990844,,,,,,,176,64,114,,,,,1,0,0,,,,,,,,,,,,,,,,,,,,,
,1602,,,0,21.001260,,,,,,,176,64,115,,,,,1,0,0,,,,,,,,,,,,,,,,,,,,,
,1603,,,0,21.011676,,,,,,,176,64,114,,,,,1,0,0,,,,,,,,,,,,,,,,,,,,,
,1604,,,0,21.022092,,,,,,,176,64,113,,,,,1,0,0,,,,,,,,,,,,,,,,,,,,,
,1605,,,0,21.042924,,,,,,,176,64,114,,,,,1,0,0,,,,,,,,,,,,,,,,,,,,,
,1606,,,0,21.050736,,,,,,,176,64,112,,,,,1,0,0,,,,,,,,,,,,,,,,,,,,,
,1607,,,0,21.061152,,,,,,,176,64,114,,,,,1,0,0,,,,,,,,,,,,,,,,,,,,,
,1608,,,0,21.071568,,,,,,,176,64,112,,,,,1,0,0,,,,,,,,,,,,,,,,,,,,,
,1609,,,0,21.081984,,,,,,,176,64,114,,,,,1,0,0,,,,,,,,,,,,,,,,,,,,,
,1610,,,0,21.123648,,,,,,,176,64,115,,,,,1,0,0,,,,,,,,,,,,,,,,,,,,,
,1611,,,0,21.141876,,,,,,,176,64,114,,,,,1,0,0,,,,,,,,,,,,,,,,,,,,,
,1612,,,0,21.180936,,,,,,,176,64,113,,,,,1,0,0,,,,,,,,,,,,,,,,,,,,,
,1613,,,0,21.191352,,,,,,,176,64,114,,,,,1,0,0,,,,,,,,,,,,,,,,,,,,,
,1614,,,0,21.204372,,,,,,,176,64,111,,,,,1,0,0,,,,,,,,,,,,,,,,,,,,,
,1615,,,0,21.212184,,,,,,,176,64,109,,,,,1,0,0,,,,,,,,,,,,,,,,,,,,,
,1616,,,0,21.222600,,,,,,,176,64,102,,,,,1,0,0,,,,,,,,,,,,,,,,,,,,,
,1617,,,0,21.233016,,,,,,,176,64,86,,,,,1,0,0,,,,,,,,,,,,,,,,,,,,,
,1618,,,0,21.243432,,,,,,,176,64,59,,,,,0,0,0,,,,,,,,,,,,,,,,,,,,,
,1619,,,0,21.251244,,,,,,,176,64,27,,,,,0,0,0,,,,,,,,,,,,,,,,,,,,,
,1620,,,0,21.261660,,,,,,,176,64,9,,,,,0,0,0,,,,,,,,,,,,,,,,,,,,,
,1621,,,0,21.272076,,,,,,,176,64,8,,,,,0,0,0,,,,,,,,,,,,,,,,,,,,,
305,1622,1,4322,0,21.292908,0.0,0.0,0,F#1,,17,144,30,90,,6009,,,0,0,0,0.26324836338368135,0.13996453248420837,,0.03349013333333333,1,0.023324,0.164058,0.042259775,0.02525076453742292,1.097222,7.839286,2.4944444249999997,1.169597230883946,0.0,0.0,0.0,0.0,0.0,1.875,0.3866587,0.48152988259381163
,1623,,,0,21.313740,,,,,,,176,64,7,,,,,0,0,0,,,,,,,,,,,,,,,,,,,,,
,1624,,,0,21.321552,,,,,,,176,64,8,,,,,0,0,0,,,,,,,,,,,,,,,,,,,,,
,1625,,,0,21.363216,,,,,,,176,64,9,,,,,0,0,0,,,,,,,,,,,,,,,,,,,,,
,1626,,,0,21.371028,,,,,,,176,64,14,,,,,0,0,0,,,,,,,,,,,,,,,,,,,,,
,1627,,,0,21.381444,,,,,,,176,64,22,,,,,0,0,0,,,,,,,,,,,,,,,,,,,,,
,1628,,,0,21.391860,,,,,,,176,64,27,,,,,0,0,0,,,,,,,,,,,,,,,,,,,,,
,1629,,,0,21.402276,,,,,,,176,64,34,,,,,0,0,0,,,,,,,,,,,,,,,,,,,,,
,1630,,,0,21.412692,,,,,,,176,64,41,,,,,0,0,0,,,,,,,,,,,,,,,,,,,,,
,1631,,,0,21.420504,,,,,,,128,30,0,,,,,0,0,0,,,,,,,,,,,,,,,,,,,,,
,1632,,,0,21.423108,,,,,,,176,64,50,,,,,0,0,0,,,,,,,,,,,,,,,,,,,,,
,1633,,,0,21.430920,,,,,,,176,64,62,,,,,0,0,0,,,,,,,,,,,,,,,,,,,,,
,1634,,,0,21.441336,,,,,,,176,64,76,,,,,1,0,0,,,,,,,,,,,,,,,,,,,,,
,1635,,,0,21.451752,,,,,,,176,64,91,,,,,1,0,0,,,,,,,,,,,,,,,,,,,,,
,1636,,,0,21.462168,,,,,,,176,64,105,,,,,1,0,0,,,,,,,,,,,,,,,,,,,,,
,1637,,,0,21.472584,,,,,,,176,64,114,,,,,1,0,0,,,,,,,,,,,,,,,,,,,,,
,1638,,,0,21.483000,,,,,,,176,64,115,,,,,1,0,0,,,,,,,,,,,,,,,,,,,,,
,1639,,,0,21.490812,,,,,,,176,64,111,,,,,1,0,0,,,,,,,,,,,,,,,,,,,,,
305,1640,1,4323,0,21.535080,0.0,0.0,0,A#4,,11,144,70,58,,6009,,,1,0,0,0.26324836338368135,0.13996453248420837,,0.03349013333333333,1,0.023324,0.164058,0.042259775,0.02525076453742292,1.097222,7.839286,2.4944444249999997,1.169597230883946,0.0,0.0,0.0,0.0,0.0,1.875,0.3866587,0.48152988259381163
,1641,,,0,21.587160,,,,,,,128,67,0,,,,,1,0,0,,,,,,,,,,,,,,,,,,,,,
,1642,,,0,21.631428,,,,,,,176,64,112,,,,,1,0,0,,,,,,,,,,,,,,,,,,,,,
,1643,,,0,21.641844,,,,,,,176,64,111,,,,,1,0,0,,,,,,,,,,,,,,,,,,,,,
,1644,,,0,21.673092,,,,,,,176,64,112,,,,,1,0,0,,,,,,,,,,,,,,,,,,,,,
,1645,,,0,21.680904,,,,,,,176,64,111,,,,,1,0,0,,,,,,,,,,,,,,,,,,,,,
,1646,,,0,21.701736,,,,,,,176,64,112,,,,,1,0,0,,,,,,,,,,,,,,,,,,,,,
,1647,,,0,21.712152,,,,,,,176,64,113,,,,,1,0,0,,,,,,,,,,,,,,,,,,,,,
,1648,,,0,21.722568,,,,,,,176,64,114,,,,,1,0,0,,,,,,,,,,,,,,,,,,,,,
,1649,,,0,21.725172,,,,,,,128,70,0,,,,,1,0,0,,,,,,,,,,,,,,,,,,,,,
,1650,,,0,21.732984,,,,,,,176,64,113,,,,,1,0,0,,,,,,,,,,,,,,,,,,,,,
305,1651,1,4324,0,21.735588,0.0,0.0,0,F#2,,12,144,42,64,,6009,,,1,0,0,0.26324836338368135,0.13996453248420837,,0.03349013333333333,1,0.023324,0.164058,0.042259775,0.02525076453742292,1.097222,7.839286,2.4944444249999997,1.169597230883946,0.0,0.0,0.0,0.0,0.0,1.875,0.3866587,0.48152988259381163
305,1652,1,4324,0,21.738192,0.0,0.0,0,D3,,12,144,50,64,,6009,,,1,0,0,0.26324836338368135,0.13996453248420837,,0.03349013333333333,1,0.023324,0.164058,0.042259775,0.02525076453742292,1.097222,7.839286,2.4944444249999997,1.169597230883946,0.0,0.0,0.0,0.0,0.0,1.875,0.3866587,0.48152988259381163
,1653,,,0,21.740796,,,,,,,176,64,115,,,,,1,0,0,,,,,,,,,,,,,,,,,,,,,
,1654,,,0,21.751212,,,,,,,176,64,112,,,,,1,0,0,,,,,,,,,,,,,,,,,,,,,
,1655,,,0,21.761628,,,,,,,176,64,114,,,,,1,0,0,,,,,,,,,,,,,,,,,,,,,
,1656,,,0,21.772044,,,,,,,176,64,112,,,,,1,0,0,,,,,,,,,,,,,,,,,,,,,
,1657,,,0,21.782460,,,,,,,176,64,114,,,,,1,0,0,,,,,,,,,,,,,,,,,,,,,
305,1658,1,4325,0,21.790272,0.0,0.0,0,A#3,,13,144,58,69,,6009,,,1,0,0,0.26324836338368135,0.13996453248420837,,0.03349013333333333,1,0.023324,0.164058,0.042259775,0.02525076453742292,1.097222,7.839286,2.4944444249999997,1.169597230883946,0.0,0.0,0.0,0.0,0.0,1.875,0.3866587,0.48152988259381163
,1659,,,0,21.792876,,,,,,,176,64,112,,,,,1,0,0,,,,,,,,,,,,,,,,,,,,,
,1660,,,0,21.800688,,,,,,,176,64,113,,,,,1,0,0,,,,,,,,,,,,,,,,,,,,,
,1661,,,0,21.803292,,,,,,,128,50,0,,,,,1,0,0,,,,,,,,,,,,,,,,,,,,,
,1662,,,0,21.811104,,,,,,,176,64,112,,,,,1,0,0,,,,,,,,,,,,,,,,,,,,,
,1663,,,0,21.821520,,,,,,,128,42,0,,,,,1,0,0,,,,,,,,,,,,,,,,,,,,,
,1664,,,0,21.821520,,,,,,,176,64,114,,,,,1,0,0,,,,,,,,,,,,,,,,,,,,,
,1665,,,0,21.831936,,,,,,,176,64,113,,,,,1,0,0,,,,,,,,,,,,,,,,,,,,,
,1666,,,0,21.842352,,,,,,,128,58,0,,,,,1,0,0,,,,,,,,,,,,,,,,,,,,,
,1667,,,0,21.852768,,,,,,,176,64,114,,,,,1,0,0,,,,,,,,,,,,,,,,,,,,,
,1668,,,0,21.863184,,,,,,,176,64,113,,,,,1,0,0,,,,,,,,,,,,,,,,,,,,,
,1669,,,0,21.870996,,,,,,,176,64,115,,,,,1,0,0,,,,,,,,,,,,,,,,,,,,,
,1670,,,0,21.881412,,,,,,,176,64,111,,,,,1,0,0,,,,,,,,,,,,,,,,,,,,,
,1671,,,0,21.891828,,,,,,,176,64,115,,,,,1,0,0,,,,,,,,,,,,,,,,,,,,,
,1672,,,0,21.902244,,,,,,,176,64,112,,,,,1,0,0,,,,,,,,,,,,,,,,,,,,,
,1673,,,0,21.912660,,,,,,,176,64,113,,,,,1,0,0,,,,,,,,,,,,,,,,,,,,,
,1674,,,0,21.923076,,,,,,,176,64,112,,,,,1,0,0,,,,,,,,,,,,,,,,,,,,,
,1675,,,0,21.930888,,,,,,,176,64,114,,,,,1,0,0,,,,,,,,,,,,,,,,,,,,,
,1676,,,0,21.941304,,,,,,,176,64,112,,,,,1,0,0,,,,,,,,,,,,,,,,,,,,,
305,1677,1,4326,0,21.943908,0.0,0.0,0,D3,,15,144,50,80,,6009,,,1,0,0,0.26324836338368135,0.13996453248420837,,0.03349013333333333,1,0.023324,0.164058,0.042259775,0.02525076453742292,1.097222,7.839286,2.4944444249999997,1.169597230883946,0.0,0.0,0.0,0.0,0.0,1.875,0.3866587,0.48152988259381163
,1678,,,0,21.951720,,,,,,,176,64,114,,,,,1,0,0,,,,,,,,,,,,,,,,,,,,,
,1679,,,0,21.962136,,,,,,,176,64,113,,,,,1,0,0,,,,,,,,,,,,,,,,,,,,,
,1680,,,0,21.972552,,,,,,,176,64,112,,,,,1,0,0,,,,,,,,,,,,,,,,,,,,,
,1681,,,0,21.982968,,,,,,,176,64,114,,,,,1,0,0,,,,,,,,,,,,,,,,,,,,,
,1682,,,0,21.990780,,,,,,,176,64,112,,,,,1,0,0,,,,,,,,,,,,,,,,,,,,,
,1683,,,0,22.001196,,,,,,,176,64,113,,,,,1,0,0,,,,,,,,,,,,,,,,,,,,,
,1684,,,0,22.011612,,,,,,,176,64,111,,,,,1,0,0,,,,,,,,,,,,,,,,,,,,,
305,1685,1,4327,0,22.016820,0.0,0.0,0,G5,,16,144,79,85,,6009,,,1,0,0,0.26324836338368135,0.13996453248420837,,0.03349013333333333,1,0.023324,0.164058,0.042259775,0.02525076453742292,1.097222,7.839286,2.4944444249999997,1.169597230883946,0.0,0.0,0.0,0.0,0.0,1.875,0.3866587,0.48152988259381163
,1686,,,0,22.022028,,,,,,,176,64,114,,,,,1,0,0,,,,,,,,,,,,,,,,,,,,,
,1687,,,0,22.022028,,,,,,,176,67,21,,,,,1,0,0,,,,,,,,,,,,,,,,,,,,,
,1688,,,0,22.032444,,,,,,,176,64,112,,,,,1,0,0,,,,,,,,,,,,,,,,,,,,,
,1689,,,0,22.042860,,,,,,,176,64,114,,,,,1,0,0,,,,,,,,,,,,,,,,,,,,,
,1690,,,0,22.042860,,,,,,,176,67,20,,,,,1,0,0,,,,,,,,,,,,,,,,,,,,,
,1691,,,0,22.050672,,,,,,,176,64,112,,,,,1,0,0,,,,,,,,,,,,,,,,,,,,,
,1692,,,0,22.053276,,,,,,,176,67,21,,,,,1,0,0,,,,,,,,,,,,,,,,,,,,,
,1693,,,0,22.055880,,,,,,,128,79,0,,,,,1,0,0,,,,,,,,,,,,,,,,,,,,,
,1694,,,0,22.061088,,,,,,,176,64,114,,,,,1,0,0,,,,,,,,,,,,,,,,,,,,,
,1695,,,0,22.063692,,,,,,,176,67,25,,,,,1,0,0,,,,,,,,,,,,,,,,,,,,,
,1696,,,0,22.071504,,,,,,,176,64,113,,,,,1,0,0,,,,,,,,,,,,,,,,,,,,,
,1697,,,0,22.074108,,,,,,,176,67,26,,,,,1,0,0,,,,,,,,,,,,,,,,,,,,,
,1698,,,0,22.092336,,,,,,,176,64,114,,,,,1,0,0,,,,,,,,,,,,,,,,,,,,,
305,1699,1,4327,0,22.100148,0.0,0.0,0,D3,,16,144,50,85,,6009,,,1,0,0,0.26324836338368135,0.13996453248420837,,0.03349013333333333,1,0.023324,0.164058,0.042259775,0.02525076453742292,1.097222,7.839286,2.4944444249999997,1.169597230883946,0.0,0.0,0.0,0.0,0.0,1.875,0.3866587,0.48152988259381163
,1700,,,0,22.102752,,,,,,,176,64,113,,,,,1,0,0,,,,,,,,,,,,,,,,,,,,,
,1701,,,0,22.110564,,,,,,,176,64,114,,,,,1,0,0,,,,,,,,,,,,,,,,,,,,,
,1702,,,0,22.120980,,,,,,,176,64,112,,,,,1,0,0,,,,,,,,,,,,,,,,,,,,,
,1703,,,0,22.123584,,,,,,,176,67,27,,,,,1,0,0,,,,,,,,,,,,,,,,,,,,,
,1704,,,0,22.131396,,,,,,,176,64,114,,,,,1,0,0,,,,,,,,,,,,,,,,,,,,,
,1705,,,0,22.134000,,,,,,,176,67,26,,,,,1,0,0,,,,,,,,,,,,,,,,,,,,,
,1706,,,0,22.141812,,,,,,,176,64,112,,,,,1,0,0,,,,,,,,,,,,,,,,,,,,,
,1707,,,0,22.141812,,,,,,,176,67,27,,,,,1,0,0,,,,,,,,,,,,,,,,,,,,,
,1708,,,0,22.152228,,,,,,,176,64,114,,,,,1,0,0,,,,,,,,,,,,,,,,,,,,,
,1709,,,0,22.152228,,,,,,,176,67,26,,,,,1,0,0,,,,,,,,,,,,,,,,,,,,,
,1710,,,0,22.162644,,,,,,,176,64,112,,,,,1,0,0,,,,,,,,,,,,,,,,,,,,,
,1711,,,0,22.162644,,,,,,,176,67,27,,,,,1,0,0,,,,,,,,,,,,,,,,,,,,,
,1712,,,0,22.173060,,,,,,,176,64,114,,,,,1,0,0,,,,,,,,,,,,,,,,,,,,,
,1713,,,0,22.191288,,,,,,,176,67,26,,,,,1,0,0,,,,,,,,,,,,,,,,,,,,,
,1714,,,0,22.201704,,,,,,,176,67,27,,,,,1,0,0,,,,,,,,,,,,,,,,,,,,,
,1715,,,0,22.232952,,,,,,,176,64,112,,,,,1,0,0,,,,,,,,,,,,,,,,,,,,,
305,1716,1,4328,0,22.232952,0.0,0.0,0,G#3,,17,144,56,90,,6009,,,1,0,0,0.26324836338368135,0.13996453248420837,,0.03349013333333333,1,0.023324,0.164058,0.042259775,0.02525076453742292,1.097222,7.839286,2.4944444249999997,1.169597230883946,0.0,0.0,0.0,0.0,0.0,1.875,0.3866587,0.48152988259381163
,1717,,,0,22.240764,,,,,,,176,64,114,,,,,1,0,0,,,,,,,,,,,,,,,,,,,,,
,1718,,,0,22.251180,,,,,,,176,64,113,,,,,1,0,0,,,,,,,,,,,,,,,,,,,,,
,1719,,,0,22.261596,,,,,,,176,64,114,,,,,1,0,0,,,,,,,,,,,,,,,,,,,,,
,1720,,,0,22.272012,,,,,,,176,64,113,,,,,1,0,0,,,,,,,,,,,,,,,,,,,,,
,1721,,,0,22.282428,,,,,,,176,64,115,,,,,1,0,0,,,,,,,,,,,,,,,,,,,,,
,1722,,,0,22.285032,,,,,,,128,50,0,,,,,1,0,0,,,,,,,,,,,,,,,,,,,,,
,1723,,,0,22.287636,,,,,,,128,50,0,,,,,1,0,0,,,,,,,,,,,,,,,,,,,,,
,1724,,,0,22.292844,,,,,,,176,64,113,,,,,1,0,0,,,,,,,,,,,,,,,,,,,,,
,1725,,,0,22.300656,,,,,,,176,64,115,,,,,1,0,0,,,,,,,,,,,,,,,,,,,,,
,1726,,,0,22.303260,,,,,,,176,67,26,,,,,1,0,0,,,,,,,,,,,,,,,,,,,,,
,1727,,,0,22.313676,,,,,,,176,67,27,,,,,1,0,0,,,,,,,,,,,,,,,,,,,,,
,1728,,,0,22.321488,,,,,,,176,64,114,,,,,1,0,0,,,,,,,,,,,,,,,,,,,,,
,1729,,,0,22.324092,,,,,,,176,67,25,,,,,1,0,0,,,,,,,,,,,,,,,,,,,,,
,1730,,,0,22.331904,,,,,,,176,67,26,,,,,1,0,0,,,,,,,,,,,,,,,,,,,,,
,1731,,,0,22.342320,,,,,,,176,64,113,,,,,1,0,0,,,,,,,,,,,,,,,,,,,,,
,1732,,,0,22.352736,,,,,,,176,64,115,,,,,1,0,0,,,,,,,,,,,,,,,,,,,,,
0,1733,1,0,0,22.360548,0.0,0.0,0,G6,,-1,144,91,78,,,,,1,0,0,,,,,,,,,,,,,,,,,,,,,
,1734,,,0,22.360548,,,,,,,176,64,113,,,,,1,0,0,,,,,,,,,,,,,,,,,,,,,
,1735,,,0,22.373568,,,,,,,176,64,115,,,,,1,0,0,,,,,,,,,,,,,,,,,,,,,
,1736,,,0,22.376172,,,,,,,176,67,25,,,,,1,0,0,,,,,,,,,,,,,,,,,,,,,
,1737,,,0,22.383984,,,,,,,176,64,113,,,,,1,0,0,,,,,,,,,,,,,,,,,,,,,
,1738,,,0,22.383984,,,,,,,176,67,26,,,,,1,0,0,,,,,,,,,,,,,,,,,,,,,
,1739,,,0,22.386588,,,,,,,128,56,0,,,,,1,0,0,,,,,,,,,,,,,,,,,,,,,
305,1740,1,4329,0,22.389192,0.0,0.0,0,A#3,,18,144,58,96,,6009,,,1,0,0,0.26324836338368135,0.13996453248420837,,0.03349013333333333,1,0.023324,0.164058,0.042259775,0.02525076453742292,1.097222,7.839286,2.4944444249999997,1.169597230883946,0.0,0.0,0.0,0.0,0.0,1.875,0.3866587,0.48152988259381163
,1741,,,0,22.391796,,,,,,,176,64,114,,,,,1,0,0,,,,,,,,,,,,,,,,,,,,,
,1742,,,0,22.394400,,,,,,,176,67,24,,,,,1,0,0,,,,,,,,,,,,,,,,,,,,,
,1743,,,0,22.402212,,,,,,,176,64,113,,,,,1,0,0,,,,,,,,,,,,,,,,,,,,,
,1744,,,0,22.402212,,,,,,,176,67,26,,,,,1,0,0,,,,,,,,,,,,,,,,,,,,,
305,1745,1,4329,0,22.404816,0.0,0.0,0,D3,,18,144,50,96,,6009,,,1,0,0,0.26324836338368135,0.13996453248420837,,0.03349013333333333,1,0.023324,0.164058,0.042259775,0.02525076453742292,1.097222,7.839286,2.4944444249999997,1.169597230883946,0.0,0.0,0.0,0.0,0.0,1.875,0.3866587,0.48152988259381163
,1746,,,0,22.412628,,,,,,,176,64,114,,,,,1,0,0,,,,,,,,,,,,,,,,,,,,,
,1747,,,0,22.412628,,,,,,,176,67,24,,,,,1,0,0,,,,,,,,,,,,,,,,,,,,,
,1748,,,0,22.423044,,,,,,,176,64,115,,,,,1,0,0,,,,,,,,,,,,,,,,,,,,,
,1749,,,0,22.423044,,,,,,,176,67,22,,,,,1,0,0,,,,,,,,,,,,,,,,,,,,,
,1750,,,0,22.430856,,,,,,,176,64,114,,,,,1,0,0,,,,,,,,,,,,,,,,,,,,,
,1751,,,0,22.433460,,,,,,,176,67,21,,,,,1,0,0,,,,,,,,,,,,,,,,,,,,,
,1752,,,0,22.441272,,,,,,,176,67,20,,,,,1,0,0,,,,,,,,,,,,,,,,,,,,,
,1753,,,0,22.451688,,,,,,,128,58,0,,,,,1,0,0,,,,,,,,,,,,,,,,,,,,,
,1754,,,0,22.451688,,,,,,,176,64,113,,,,,1,0,0,,,,,,,,,,,,,,,,,,,,,
,1755,,,0,22.464708,,,,,,,176,64,114,,,,,1,0,0,,,,,,,,,,,,,,,,,,,,,
,1756,,,0,22.464708,,,,,,,128,91,0,,,,,1,0,0,,,,,,,,,,,,,,,,,,,,,
,1757,,,0,22.472520,,,,,,,128,50,0,,,,,1,0,0,,,,,,,,,,,,,,,,,,,,,
,1758,,,0,22.490748,,,,,,,176,64,113,,,,,1,0,0,,,,,,,,,,,,,,,,,,,,,
,1759,,,0,22.501164,,,,,,,176,64,115,,,,,1,0,0,,,,,,,,,,,,,,,,,,,,,
,1760,,,0,22.511580,,,,,,,176,64,113,,,,,1,0,0,,,,,,,,,,,,,,,,,,,,,
,1761,,,0,22.521996,,,,,,,176,64,114,,,,,1,0,0,,,,,,,,,,,,,,,,,,,,,
,1762,,,0,22.553244,,,,,,,176,64,115,,,,,1,0,0,,,,,,,,,,,,,,,,,,,,,
,1763,,,0,22.563660,,,,,,,176,64,114,,,,,1,0,0,,,,,,,,,,,,,,,,,,,,,
,1764,,,0,22.563660,,,,,,,176,67,22,,,,,1,0,0,,,,,,,,,,,,,,,,,,,,,
,1765,,,0,22.571472,,,,,,,176,64,115,,,,,1,0,0,,,,,,,,,,,,,,,,,,,,,
,1766,,,0,22.581888,,,,,,,176,64,114,,,,,1,0,0,,,,,,,,,,,,,,,,,,,,,
,1767,,,0,22.581888,,,,,,,176,67,25,,,,,1,0,0,,,,,,,,,,,,,,,,,,,,,
,1768,,,0,22.592304,,,,,,,176,67,26,,,,,1,0,0,,,,,,,,,,,,,,,,,,,,,
,1769,,,0,22.610532,,,,,,,176,67,24,,,,,1,0,0,,,,,,,,,,,,,,,,,,,,,
,1770,,,0,22.623552,,,,,,,176,64,115,,,,,1,0,0,,,,,,,,,,,,,,,,,,,,,
,1771,,,0,22.623552,,,,,,,176,67,26,,,,,1,0,0,,,,,,,,,,,,,,,,,,,,,
,1772,,,0,22.633968,,,,,,,176,67,23,,,,,1,0,0,,,,,,,,,,,,,,,,,,,,,
,1773,,,0,22.641780,,,,,,,176,67,20,,,,,1,0,0,,,,,,,,,,,,,,,,,,,,,
305,1774,1,4331,0,22.654800,0.0,0.0,0,G#3,,20,144,56,106,,6009,,,1,0,0,0.26324836338368135,0.13996453248420837,,0.03349013333333333,1,0.023324,0.164058,0.042259775,0.02525076453742292,1.097222,7.839286,2.4944444249999997,1.169597230883946,0.0,0.0,0.0,0.0,0.0,1.875,0.3866587,0.48152988259381163
,1775,,,0,22.662612,,,,,,,176,64,114,,,,,1,0,0,,,,,,,,,,,,,,,,,,,,,
305,1776,1,4331,0,22.665216,0.0,0.0,0,D3,,20,144,50,106,,6009,,,1,0,0,0.26324836338368135,0.13996453248420837,,0.03349013333333333,1,0.023324,0.164058,0.042259775,0.02525076453742292,1.097222,7.839286,2.4944444249999997,1.169597230883946,0.0,0.0,0.0,0.0,0.0,1.875,0.3866587,0.48152988259381163
,1777,,,0,22.673028,,,,,,,176,64,115,,,,,1,0,0,,,,,,,,,,,,,,,,,,,,,
305,1778,1,4331,0,22.675632,0.0,0.0,0,A#3,,20,144,58,106,,6009,,,1,0,0,0.26324836338368135,0.13996453248420837,,0.03349013333333333,1,0.023324,0.164058,0.042259775,0.02525076453742292,1.097222,7.839286,2.4944444249999997,1.169597230883946,0.0,0.0,0.0,0.0,0.0,1.875,0.3866587,0.48152988259381163
,1779,,,0,22.701672,,,,,,,176,64,114,,,,,1,0,0,,,,,,,,,,,,,,,,,,,,,
,1780,,,0,22.712088,,,,,,,176,64,115,,,,,1,0,0,,,,,,,,,,,,,,,,,,,,,
,1781,,,0,22.717296,,,,,,,128,58,0,,,,,1,0,0,,,,,,,,,,,,,,,,,,,,,
305,1782,1,4332,0,22.719900,0.0,0.0,0,G7,,22,144,103,117,,6009,,,1,0,0,0.26324836338368135,0.13996453248420837,,0.03349013333333333,1,0.023324,0.164058,0.042259775,0.02525076453742292,1.097222,7.839286,2.4944444249999997,1.169597230883946,0.0,0.0,0.0,0.0,0.0,1.875,0.3866587,0.48152988259381163
,1783,,,0,22.792812,,,,,,,176,64,114,,,,,1,0,0,,,,,,,,,,,,,,,,,,,,,
,1784,,,0,22.792812,,,,,,,128,56,0,,,,,1,0,0,,,,,,,,,,,,,,,,,,,,,
,1785,,,0,22.800624,,,,,,,128,50,0,,,,,1,0,0,,,,,,,,,,,,,,,,,,,,,
,1786,,,0,22.800624,,,,,,,176,64,115,,,,,1,0,0,,,,,,,,,,,,,,,,,,,,,
,1787,,,0,22.811040,,,,,,,176,64,114,,,,,1,0,0,,,,,,,,,,,,,,,,,,,,,
,1788,,,0,22.824060,,,,,,,128,103,0,,,,,1,0,0,,,,,,,,,,,,,,,,,,,,,
,1789,,,0,22.831872,,,,,,,176,64,115,,,,,1,0,0,,,,,,,,,,,,,,,,,,,,,
,1790,,,0,22.881348,,,,,,,176,64,114,,,,,1,0,0,,,,,,,,,,,,,,,,,,,,,
,1791,,,0,22.891764,,,,,,,176,64,115,,,,,1,0,0,,,,,,,,,,,,,,,,,,,,,
,1792,,,0,22.902180,,,,,,,176,64,114,,,,,1,0,0,,,,,,,,,,,,,,,,,,,,,
,1793,,,0,22.902180,,,,,,,176,67,22,,,,,1,0,0,,,,,,,,,,,,,,,,,,,,,
,1794,,,0,22.912596,,,,,,,176,67,25,,,,,1,0,0,,,,,,,,,,,,,,,,,,,,,
,1795,,,0,22.923012,,,,,,,176,64,115,,,,,1,0,0,,,,,,,,,,,,,,,,,,,,,
,1796,,,0,22.923012,,,,,,,176,67,27,,,,,1,0,0,,,,,,,,,,,,,,,,,,,,,
,1797,,,0,22.930824,,,,,,,176,67,33,,,,,1,0,0,,,,,,,,,,,,,,,,,,,,,
,1798,,,0,22.941240,,,,,,,176,67,39,,,,,1,0,0,,,,,,,,,,,,,,,,,,,,,
,1799,,,0,22.951656,,,,,,,176,67,51,,,,,1,0,0,,,,,,,,,,,,,,,,,,,,,
,1800,,,0,22.962072,,,,,,,176,64,114,,,,,1,0,0,,,,,,,,,,,,,,,,,,,,,
,1801,,,0,22.962072,,,,,,,176,67,69,,,,,1,1,0,,,,,,,,,,,,,,,,,,,,,
,1802,,,0,22.972488,,,,,,,176,64,115,,,,,1,1,0,,,,,,,,,,,,,,,,,,,,,
,1803,,,0,22.972488,,,,,,,176,67,93,,,,,1,1,0,,,,,,,,,,,,,,,,,,,,,
,1804,,,0,22.982904,,,,,,,176,64,114,,,,,1,1,0,,,,,,,,,,,,,,,,,,,,,
,1805,,,0,22.982904,,,,,,,176,67,126,,,,,1,1,0,,,,,,,,,,,,,,,,,,,,,
,1806,,,0,22.990716,,,,,,,176,64,115,,,,,1,1,0,,,,,,,,,,,,,,,,,,,,,
,1807,,,0,22.993320,,,,,,,176,67,127,,,,,1,1,0,,,,,,,,,,,,,,,,,,,,,
,1808,,,0,23.001132,,,,,,,176,64,114,,,,,1,1,0,,,,,,,,,,,,,,,,,,,,,
,1809,,,0,23.011548,,,,,,,176,64,115,,,,,1,1,0,,,,,,,,,,,,,,,,,,,,,
,1810,,,0,23.050608,,,,,,,176,64,114,,,,,1,1,0,,,,,,,,,,,,,,,,,,,,,
,1811,,,0,23.061024,,,,,,,176,64,115,,,,,1,1,0,,,,,,,,,,,,,,,,,,,,,
,1812,,,0,23.081856,,,,,,,176,64,114,,,,,1,1,0,,,,,,,,,,,,,,,,,,,,,
,1813,,,0,23.092272,,,,,,,176,64,115,,,,,1,1,0,,,,,,,,,,,,,,,,,,,,,
,1814,,,0,23.102688,,,,,,,176,64,114,,,,,1,1,0,,,,,,,,,,,,,,,,,,,,,
,1815,,,0,23.141748,,,,,,,176,64,115,,,,,1,1,0,,,,,,,,,,,,,,,,,,,,,
,1816,,,0,23.162580,,,,,,,176,64,114,,,,,1,1,0,,,,,,,,,,,,,,,,,,,,,
,1817,,,0,23.172996,,,,,,,176,64,115,,,,,1,1,0,,,,,,,,,,,,,,,,,,,,,
,1818,,,0,23.180808,,,,,,,176,64,114,,,,,1,1,0,,,,,,,,,,,,,,,,,,,,,
,1819,,,0,23.201640,,,,,,,176,64,115,,,,,1,1,0,,,,,,,,,,,,,,,,,,,,,
,1820,,,0,23.232888,,,,,,,176,64,114,,,,,1,1,0,,,,,,,,,,,,,,,,,,,,,
,1821,,,0,23.251116,,,,,,,176,64,115,,,,,1,1,0,,,,,,,,,,,,,,,,,,,,,
,1822,,,0,23.261532,,,,,,,176,64,114,,,,,1,1,0,,,,,,,,,,,,,,,,,,,,,
,1823,,,0,23.282364,,,,,,,176,64,113,,,,,1,1,0,,,,,,,,,,,,,,,,,,,,,
,1824,,,0,23.292780,,,,,,,176,64,115,,,,,1,1,0,,,,,,,,,,,,,,,,,,,,,
,1825,,,0,23.300592,,,,,,,176,64,114,,,,,1,1,0,,,,,,,,,,,,,,,,,,,,,
,1826,,,0,23.311008,,,,,,,176,64,115,,,,,1,1,0,,,,,,,,,,,,,,,,,,,,,
,1827,,,0,23.321424,,,,,,,176,64,112,,,,,1,1,0,,,,,,,,,,,,,,,,,,,,,
,1828,,,0,23.331840,,,,,,,176,64,113,,,,,1,1,0,,,,,,,,,,,,,,,,,,,,,
,1829,,,0,23.342256,,,,,,,176,64,111,,,,,1,1,0,,,,,,,,,,,,,,,,,,,,,
,1830,,,0,23.360484,,,,,,,176,64,107,,,,,1,1,0,,,,,,,,,,,,,,,,,,,,,
,1831,,,0,23.370900,,,,,,,176,64,100,,,,,1,1,0,,,,,,,,,,,,,,,,,,,,,
,1832,,,0,23.381316,,,,,,,176,64,87,,,,,1,1,0,,,,,,,,,,,,,,,,,,,,,
,1833,,,0,23.391732,,,,,,,176,64,69,,,,,1,1,0,,,,,,,,,,,,,,,,,,,,,
,1834,,,0,23.402148,,,,,,,176,64,49,,,,,0,1,0,,,,,,,,,,,,,,,,,,,,,
,1835,,,0,23.412564,,,,,,,176,64,30,,,,,0,1,0,,,,,,,,,,,,,,,,,,,,,
,1836,,,0,23.422980,,,,,,,176,64,17,,,,,0,1,0,,,,,,,,,,,,,,,,,,,,,
,1837,,,0,23.430792,,,,,,,176,64,11,,,,,0,1,0,,,,,,,,,,,,,,,,,,,,,
,1838,,,0,23.451624,,,,,,,176,64,8,,,,,0,1,0,,,,,,,,,,,,,,,,,,,,,
,1839,,,0,23.482872,,,,,,,176,64,7,,,,,0,1,0,,,,,,,,,,,,,,,,,,,,,
,1840,,,0,23.501100,,,,,,,176,64,8,,,,,0,1,0,,,,,,,,,,,,,,,,,,,,,
,1841,,,0,23.511516,,,,,,,176,64,7,,,,,0,1,0,,,,,,,,,,,,,,,,,,,,,
,1842,,,0,23.521932,,,,,,,176,64,8,,,,,0,1,0,,,,,,,,,,,,,,,,,,,,,
,1843,,,0,23.550576,,,,,,,176,64,7,,,,,0,1,0,,,,,,,,,,,,,,,,,,,,,
,1844,,,0,23.581824,,,,,,,176,64,8,,,,,0,1,0,,,,,,,,,,,,,,,,,,,,,
306,1845,1,4333,0,23.584428,0.0,0.0,0,C3,,8,144,48,42,,6010,,,0,1,0,,0.5767195767195767,,0.33333333333333337,1,0.0,0.0,0.0,0.0,1.9,4.725,3.399166675000001,0.6847490363568753,0.0,0.0,0.0,0.0,0.0,3.428571,0.7324712,0.9595280308338365
,1846,,,0,23.592240,,,,,,,176,64,7,,,,,0,1,0,,,,,,,,,,,,,,,,,,,,,
,1847,,,0,23.602656,,,,,,,176,64,8,,,,,0,1,0,,,,,,,,,,,,,,,,,,,,,
,1848,,,0,23.610468,,,,,,,176,64,7,,,,,0,1,0,,,,,,,,,,,,,,,,,,,,,
,1849,,,0,23.620884,,,,,,,176,64,8,,,,,0,1,0,,,,,,,,,,,,,,,,,,,,,
,1850,,,0,23.631300,,,,,,,176,64,7,,,,,0,1,0,,,,,,,,,,,,,,,,,,,,,
,1851,,,0,23.641716,,,,,,,176,64,8,,,,,0,1,0,,,,,,,,,,,,,,,,,,,,,
306,1852,1,4334,0,23.649528,0.0,0.0,0,C4,,8,144,60,42,,6010,,,0,1,0,,0.5767195767195767,,0.33333333333333337,1,0.0,0.0,0.0,0.0,1.9,4.725,3.399166675000001,0.6847490363568753,0.0,0.0,0.0,0.0,0.0,3.428571,0.7324712,0.9595280308338365
,1853,,,0,23.652132,,,,,,,176,64,7,,,,,0,1,0,,,,,,,,,,,,,,,,,,,,,
306,1854,1,4333,0,23.652132,0.0,0.0,0,C#6,,5,144,85,26,,6010,,,0,1,0,,0.5767195767195767,,0.33333333333333337,1,0.0,0.0,0.0,0.0,1.9,4.725,3.399166675000001,0.6847490363568753,0.0,0.0,0.0,0.0,0.0,3.428571,0.7324712,0.9595280308338365
,1855,,,0,23.662548,,,,,,,176,64,12,,,,,0,1,0,,,,,,,,,,,,,,,,,,,,,
,1856,,,0,23.672964,,,,,,,176,64,17,,,,,0,1,0,,,,,,,,,,,,,,,,,,,,,
,1857,,,0,23.680776,,,,,,,176,64,23,,,,,0,1,0,,,,,,,,,,,,,,,,,,,,,
,1858,,,0,23.691192,,,,,,,176,64,27,,,,,0,1,0,,,,,,,,,,,,,,,,,,,,,
,1859,,,0,23.701608,,,,,,,176,64,31,,,,,0,1,0,,,,,,,,,,,,,,,,,,,,,
,1860,,,0,23.712024,,,,,,,176,64,36,,,,,0,1,0,,,,,,,,,,,,,,,,,,,,,
,1861,,,0,23.714628,,,,,,,128,85,0,,,,,0,1,0,,,,,,,,,,,,,,,,,,,,,
,1862,,,0,23.722440,,,,,,,176,64,49,,,,,0,1,0,,,,,,,,,,,,,,,,,,,,,
,1863,,,0,23.727648,,,,,,,128,48,0,,,,,0,1,0,,,,,,,,,,,,,,,,,,,,,
,1864,,,0,23.732856,,,,,,,176,64,61,,,,,0,1,0,,,,,,,,,,,,,,,,,,,,,
,1865,,,0,23.743272,,,,,,,176,64,77,,,,,1,1,0,,,,,,,,,,,,,,,,,,,,,
,1866,,,0,23.751084,,,,,,,176,64,98,,,,,1,1,0,,,,,,,,,,,,,,,,,,,,,
,1867,,,0,23.753688,,,,,,,128,60,0,,,,,1,1,0,,,,,,,,,,,,,,,,,,,,,
,1868,,,0,23.761500,,,,,,,176,64,117,,,,,1,1,0,,,,,,,,,,,,,,,,,,,,,
,1869,,,0,23.771916,,,,,,,176,64,119,,,,,1,1,0,,,,,,,,,,,,,,,,,,,,,
,1870,,,0,23.782332,,,,,,,176,64,115,,,,,1,1,0,,,,,,,,,,,,,,,,,,,,,
,1871,,,0,23.792748,,,,,,,176,64,111,,,,,1,1,0,,,,,,,,,,,,,,,,,,,,,
,1872,,,0,23.800560,,,,,,,176,64,113,,,,,1,1,0,,,,,,,,,,,,,,,,,,,,,
,1873,,,0,23.813580,,,,,,,176,64,115,,,,,1,1,0,,,,,,,,,,,,,,,,,,,,,
,1874,,,0,23.821392,,,,,,,176,64,114,,,,,1,1,0,,,,,,,,,,,,,,,,,,,,,
,1875,,,0,23.831808,,,,,,,176,64,115,,,,,1,1,0,,,,,,,,,,,,,,,,,,,,,
,1876,,,0,23.842224,,,,,,,176,64,114,,,,,1,1,0,,,,,,,,,,,,,,,,,,,,,
306,1877,1,4335,0,23.852640,0.0,0.0,0,F#4,,5,144,66,26,,6010,,,1,1,0,,0.5767195767195767,,0.33333333333333337,1,0.0,0.0,0.0,0.0,1.9,4.725,3.399166675000001,0.6847490363568753,0.0,0.0,0.0,0.0,0.0,3.428571,0.7324712,0.9595280308338365
,1878,,,0,23.912532,,,,,,,128,66,0,,,,,1,1,0,,,,,,,,,,,,,,,,,,,,,
,1879,,,0,23.964612,,,,,,,176,64,115,,,,,1,1,0,,,,,,,,,,,,,,,,,,,,,
,1880,,,0,23.972424,,,,,,,176,64,114,,,,,1,1,0,,,,,,,,,,,,,,,,,,,,,
306,1881,1,4336,0,23.977632,0.0,0.0,0,A3,,5,144,57,26,,6010,,,1,1,0,,0.5767195767195767,,0.33333333333333337,1,0.0,0.0,0.0,0.0,1.9,4.725,3.399166675000001,0.6847490363568753,0.0,0.0,0.0,0.0,0.0,3.428571,0.7324712,0.9595280308338365
,1882,,,0,24.001068,,,,,,,176,64,115,,,,,1,1,0,,,,,,,,,,,,,,,,,,,,,
,1883,,,0,24.011484,,,,,,,176,64,114,,,,,1,1,0,,,,,,,,,,,,,,,,,,,,,
,1884,,,0,24.021900,,,,,,,176,64,113,,,,,1,1,0,,,,,,,,,,,,,,,,,,,,,
,1885,,,0,24.032316,,,,,,,176,64,115,,,,,1,1,0,,,,,,,,,,,,,,,,,,,,,
,1886,,,0,24.042732,,,,,,,176,64,113,,,,,1,1,0,,,,,,,,,,,,,,,,,,,,,
,1887,,,0,24.042732,,,,,,,128,57,0,,,,,1,1,0,,,,,,,,,,,,,,,,,,,,,
,1888,,,0,24.050544,,,,,,,176,64,114,,,,,1,1,0,,,,,,,,,,,,,,,,,,,,,
,1889,,,0,24.060960,,,,,,,176,64,115,,,,,1,1,0,,,,,,,,,,,,,,,,,,,,,
,1890,,,0,24.071376,,,,,,,176,64,114,,,,,1,1,0,,,,,,,,,,,,,,,,,,,,,
,1891,,,0,24.092208,,,,,,,176,64,113,,,,,1,1,0,,,,,,,,,,,,,,,,,,,,,
,1892,,,0,24.102624,,,,,,,176,64,114,,,,,1,1,0,,,,,,,,,,,,,,,,,,,,,
306,1893,1,4337,0,24.105228,0.0,0.0,0,C#6,,5,144,85,26,,6010,,,1,1,0,,0.5767195767195767,,0.33333333333333337,1,0.0,0.0,0.0,0.0,1.9,4.725,3.399166675000001,0.6847490363568753,0.0,0.0,0.0,0.0,0.0,3.428571,0.7324712,0.9595280308338365
,1894,,,0,24.110436,,,,,,,176,64,113,,,,,1,1,0,,,,,,,,,,,,,,,,,,,,,
,1895,,,0,24.120852,,,,,,,176,64,115,,,,,1,1,0,,,,,,,,,,,,,,,,,,,,,
,1896,,,0,24.131268,,,,,,,176,64,112,,,,,1,1,0,,,,,,,,,,,,,,,,,,,,,
,1897,,,0,24.141684,,,,,,,176,64,114,,,,,1,1,0,,,,,,,,,,,,,,,,,,,,,
,1898,,,0,24.152100,,,,,,,176,64,112,,,,,1,1,0,,,,,,,,,,,,,,,,,,,,,
,1899,,,0,24.162516,,,,,,,176,64,113,,,,,1,1,0,,,,,,,,,,,,,,,,,,,,,
,1900,,,0,24.185952,,,,,,,128,85,0,,,,,1,1,0,,,,,,,,,,,,,,,,,,,,,
,1901,,,0,24.191160,,,,,,,176,64,112,,,,,1,1,0,,,,,,,,,,,,,,,,,,,,,
,1902,,,0,24.201576,,,,,,,176,64,113,,,,,1,1,0,,,,,,,,,,,,,,,,,,,,,
,1903,,,0,24.211992,,,,,,,176,64,114,,,,,1,1,0,,,,,,,,,,,,,,,,,,,,,
306,1904,1,4338,0,24.217200,0.0,0.0,0,F#4,,5,144,66,26,,6010,,,1,1,0,,0.5767195767195767,,0.33333333333333337,1,0.0,0.0,0.0,0.0,1.9,4.725,3.399166675000001,0.6847490363568753,0.0,0.0,0.0,0.0,0.0,3.428571,0.7324712,0.9595280308338365
,1905,,,0,24.222408,,,,,,,176,64,111,,,,,1,1,0,,,,,,,,,,,,,,,,,,,,,
,1906,,,0,24.232824,,,,,,,176,64,114,,,,,1,1,0,,,,,,,,,,,,,,,,,,,,,
,1907,,,0,24.240636,,,,,,,176,64,111,,,,,1,1,0,,,,,,,,,,,,,,,,,,,,,
,1908,,,0,24.251052,,,,,,,176,64,113,,,,,1,1,0,,,,,,,,,,,,,,,,,,,,,
,1909,,,0,24.261468,,,,,,,176,64,112,,,,,1,1,0,,,,,,,,,,,,,,,,,,,,,
306,1910,1,4339,0,24.261468,0.0,0.0,0,A3,,5,144,57,26,,6010,,,1,1,0,,0.5767195767195767,,0.33333333333333337,1,0.0,0.0,0.0,0.0,1.9,4.725,3.399166675000001,0.6847490363568753,0.0,0.0,0.0,0.0,0.0,3.428571,0.7324712,0.9595280308338365
,1911,,,0,24.271884,,,,,,,176,64,114,,,,,1,1,0,,,,,,,,,,,,,,,,,,,,,
,1912,,,0,24.282300,,,,,,,176,64,112,,,,,1,1,0,,,,,,,,,,,,,,,,,,,,,
,1913,,,0,24.292716,,,,,,,176,64,114,,,,,1,1,0,,,,,,,,,,,,,,,,,,,,,
,1914,,,0,24.300528,,,,,,,128,66,0,,,,,1,1,0,,,,,,,,,,,,,,,,,,,,,
,1915,,,0,24.300528,,,,,,,176,64,112,,,,,1,1,0,,,,,,,,,,,,,,,,,,,,,
,1916,,,0,24.310944,,,,,,,176,64,113,,,,,1,1,0,,,,,,,,,,,,,,,,,,,,,
,1917,,,0,24.321360,,,,,,,176,64,114,,,,,1,1,0,,,,,,,,,,,,,,,,,,,,,
,1918,,,0,24.331776,,,,,,,176,64,113,,,,,1,1,0,,,,,,,,,,,,,,,,,,,,,
,1919,,,0,24.342192,,,,,,,176,64,114,,,,,1,1,0,,,,,,,,,,,,,,,,,,,,,
,1920,,,0,24.352608,,,,,,,176,64,112,,,,,1,1,0,,,,,,,,,,,,,,,,,,,,,
,1921,,,0,24.360420,,,,,,,176,64,114,,,,,1,1,0,,,,,,,,,,,,,,,,,,,,,
,1922,,,0,24.370836,,,,,,,176,64,111,,,,,1,1,0,,,,,,,,,,,,,,,,,,,,,
,1923,,,0,24.381252,,,,,,,176,64,114,,,,,1,1,0,,,,,,,,,,,,,,,,,,,,,
,1924,,,0,24.391668,,,,,,,176,64,112,,,,,1,1,0,,,,,,,,,,,,,,,,,,,,,
,1925,,,0,24.396876,,,,,,,128,57,0,,,,,1,1,0,,,,,,,,,,,,,,,,,,,,,
,1926,,,0,24.402084,,,,,,,176,64,114,,,,,1,1,0,,,,,,,,,,,,,,,,,,,,,
,1927,,,0,24.412500,,,,,,,176,64,113,,,,,1,1,0,,,,,,,,,,,,,,,,,,,,,
,1928,,,0,24.461976,,,,,,,176,64,112,,,,,1,1,0,,,,,,,,,,,,,,,,,,,,,
306,1929,1,4340,0,24.464580,0.0,0.0,0,C#6,,5,144,85,26,,6010,,,1,1,0,,0.5767195767195767,,0.33333333333333337,1,0.0,0.0,0.0,0.0,1.9,4.725,3.399166675000001,0.6847490363568753,0.0,0.0,0.0,0.0,0.0,3.428571,0.7324712,0.9595280308338365
,1930,,,0,24.472392,,,,,,,176,64,114,,,,,1,1,0,,,,,,,,,,,,,,,,,,,,,
,1931,,,0,24.482808,,,,,,,176,64,112,,,,,1,1,0,,,,,,,,,,,,,,,,,,,,,
,1932,,,0,24.490620,,,,,,,176,64,113,,,,,1,1,0,,,,,,,,,,,,,,,,,,,,,
,1933,,,0,24.501036,,,,,,,176,64,111,,,,,1,1,0,,,,,,,,,,,,,,,,,,,,,
,1934,,,0,24.511452,,,,,,,176,64,114,,,,,1,1,0,,,,,,,,,,,,,,,,,,,,,
,1935,,,0,24.521868,,,,,,,176,64,112,,,,,1,1,0,,,,,,,,,,,,,,,,,,,,,
,1936,,,0,24.532284,,,,,,,176,64,114,,,,,1,1,0,,,,,,,,,,,,,,,,,,,,,
,1937,,,0,24.537492,,,,,,,128,85,0,,,,,1,1,0,,,,,,,,,,,,,,,,,,,,,
,1938,,,0,24.550512,,,,,,,176,64,112,,,,,1,1,0,,,,,,,,,,,,,,,,,,,,,
306,1939,1,4341,0,24.553116,0.0,0.0,0,F#4,,5,144,66,26,,6010,,,1,1,0,,0.5767195767195767,,0.33333333333333337,1,0.0,0.0,0.0,0.0,1.9,4.725,3.399166675000001,0.6847490363568753,0.0,0.0,0.0,0.0,0.0,3.428571,0.7324712,0.9595280308338365
,1940,,,0,24.560928,,,,,,,176,64,114,,,,,1,1,0,,,,,,,,,,,,,,,,,,,,,
,1941,,,0,24.571344,,,,,,,176,64,113,,,,,1,1,0,,,,,,,,,,,,,,,,,,,,,
,1942,,,0,24.581760,,,,,,,176,64,114,,,,,1,1,0,,,,,,,,,,,,,,,,,,,,,
,1943,,,0,24.592176,,,,,,,176,64,111,,,,,1,1,0,,,,,,,,,,,,,,,,,,,,,
,1944,,,0,24.602592,,,,,,,176,64,115,,,,,1,1,0,,,,,,,,,,,,,,,,,,,,,
,1945,,,0,24.610404,,,,,,,176,64,111,,,,,1,1,0,,,,,,,,,,,,,,,,,,,,,
,1946,,,0,24.620820,,,,,,,128,66,0,,,,,1,1,0,,,,,,,,,,,,,,,,,,,,,
,1947,,,0,24.620820,,,,,,,176,64,114,,,,,1,1,0,,,,,,,,,,,,,,,,,,,,,
,1948,,,0,24.631236,,,,,,,176,64,112,,,,,1,1,0,,,,,,,,,,,,,,,,,,,,,
,1949,,,0,24.641652,,,,,,,176,64,114,,,,,1,1,0,,,,,,,,,,,,,,,,,,,,,
,1950,,,0,24.662484,,,,,,,176,64,112,,,,,1,1,0,,,,,,,,,,,,,,,,,,,,,
,1951,,,0,24.670296,,,,,,,176,64,114,,,,,1,1,0,,,,,,,,,,,,,,,,,,,,,
,1952,,,0,24.680712,,,,,,,176,64,112,,,,,1,1,0,,,,,,,,,,,,,,,,,,,,,
,1953,,,0,24.691128,,,,,,,176,64,113,,,,,1,1,0,,,,,,,,,,,,,,,,,,,,,
306,1954,1,4342,0,24.698940,0.0,0.0,0,C#6,,5,144,85,26,,6010,,,1,1,0,,0.5767195767195767,,0.33333333333333337,1,0.0,0.0,0.0,0.0,1.9,4.725,3.399166675000001,0.6847490363568753,0.0,0.0,0.0,0.0,0.0,3.428571,0.7324712,0.9595280308338365
,1955,,,0,24.701544,,,,,,,176,64,111,,,,,1,1,0,,,,,,,,,,,,,,,,,,,,,
,1956,,,0,24.711960,,,,,,,176,64,114,,,,,1,1,0,,,,,,,,,,,,,,,,,,,,,
,1957,,,0,24.722376,,,,,,,176,64,111,,,,,1,1,0,,,,,,,,,,,,,,,,,,,,,
,1958,,,0,24.732792,,,,,,,176,64,114,,,,,1,1,0,,,,,,,,,,,,,,,,,,,,,
,1959,,,0,24.740604,,,,,,,176,64,112,,,,,1,1,0,,,,,,,,,,,,,,,,,,,,,
,1960,,,0,24.751020,,,,,,,176,64,114,,,,,1,1,0,,,,,,,,,,,,,,,,,,,,,
,1961,,,0,24.761436,,,,,,,176,64,112,,,,,1,1,0,,,,,,,,,,,,,,,,,,,,,
,1962,,,0,24.771852,,,,,,,176,64,114,,,,,1,1,0,,,,,,,,,,,,,,,,,,,,,
,1963,,,0,24.787476,,,,,,,128,85,0,,,,,1,1,0,,,,,,,,,,,,,,,,,,,,,
,1964,,,0,24.792684,,,,,,,176,64,113,,,,,1,1,0,,,,,,,,,,,,,,,,,,,,,
,1965,,,0,24.800496,,,,,,,176,64,114,,,,,1,1,0,,,,,,,,,,,,,,,,,,,,,
306,1966,1,4343,0,24.805704,0.0,0.0,0,F#4,,5,144,66,26,,6010,,,1,1,0,,0.5767195767195767,,0.33333333333333337,1,0.0,0.0,0.0,0.0,1.9,4.725,3.399166675000001,0.6847490363568753,0.0,0.0,0.0,0.0,0.0,3.428571,0.7324712,0.9595280308338365
,1967,,,0,24.810912,,,,,,,176,64,112,,,,,1,1,0,,,,,,,,,,,,,,,,,,,,,
,1968,,,0,24.821328,,,,,,,176,64,113,,,,,1,1,0,,,,,,,,,,,,,,,,,,,,,
,1969,,,0,24.831744,,,,,,,176,64,111,,,,,1,1,0,,,,,,,,,,,,,,,,,,,,,
,1970,,,0,24.842160,,,,,,,176,64,114,,,,,1,1,0,,,,,,,,,,,,,,,,,,,,,
,1971,,,0,24.852576,,,,,,,176,64,111,,,,,1,1,0,,,,,,,,,,,,,,,,,,,,,
,1972,,,0,24.860388,,,,,,,176,64,113,,,,,1,1,0,,,,,,,,,,,,,,,,,,,,,
,1973,,,0,24.870804,,,,,,,176,64,112,,,,,1,1,0,,,,,,,,,,,,,,,,,,,,,
,1974,,,0,24.881220,,,,,,,176,64,114,,,,,1,1,0,,,,,,,,,,,,,,,,,,,,,
,1975,,,0,24.886428,,,,,,,128,66,0,,,,,1,1,0,,,,,,,,,,,,,,,,,,,,,
306,1976,1,4344,0,24.889032,0.0,0.0,0,A3,,5,144,57,26,,6010,,,1,1,0,,0.5767195767195767,,0.33333333333333337,1,0.0,0.0,0.0,0.0,1.9,4.725,3.399166675000001,0.6847490363568753,0.0,0.0,0.0,0.0,0.0,3.428571,0.7324712,0.9595280308338365
,1977,,,0,24.891636,,,,,,,176,64,113,,,,,1,1,0,,,,,,,,,,,,,,,,,,,,,
,1978,,,0,24.902052,,,,,,,176,64,114,,,,,1,1,0,,,,,,,,,,,,,,,,,,,,,
,1979,,,0,24.920280,,,,,,,176,64,112,,,,,1,1,0,,,,,,,,,,,,,,,,,,,,,
306,1980,1,4345,0,24.925488,0.0,0.0,0,C#6,,5,144,85,26,,6010,,,1,1,0,,0.5767195767195767,,0.33333333333333337,1,0.0,0.0,0.0,0.0,1.9,4.725,3.399166675000001,0.6847490363568753,0.0,0.0,0.0,0.0,0.0,3.428571,0.7324712,0.9595280308338365
,1981,,,0,24.930696,,,,,,,176,64,114,,,,,1,1,0,,,,,,,,,,,,,,,,,,,,,
,1982,,,0,24.941112,,,,,,,176,64,113,,,,,1,1,0,,,,,,,,,,,,,,,,,,,,,
,1983,,,0,24.951528,,,,,,,176,64,115,,,,,1,1,0,,,,,,,,,,,,,,,,,,,,,
,1984,,,0,24.961944,,,,,,,176,64,111,,,,,1,1,0,,,,,,,,,,,,,,,,,,,,,
,1985,,,0,24.972360,,,,,,,176,64,113,,,,,1,1,0,,,,,,,,,,,,,,,,,,,,,
,1986,,,0,24.972360,,,,,,,128,57,0,,,,,1,1,0,,,,,,,,,,,,,,,,,,,,,
,1987,,,0,24.982776,,,,,,,176,64,111,,,,,1,1,0,,,,,,,,,,,,,,,,,,,,,
,1988,,,0,24.990588,,,,,,,176,64,114,,,,,1,1,0,,,,,,,,,,,,,,,,,,,,,
,1989,,,0,25.001004,,,,,,,176,64,112,,,,,1,1,0,,,,,,,,,,,,,,,,,,,,,
,1990,,,0,25.019232,,,,,,,128,85,0,,,,,1,1,0,,,,,,,,,,,,,,,,,,,,,
,1991,,,0,25.021836,,,,,,,176,64,114,,,,,1,1,0,,,,,,,,,,,,,,,,,,,,,
,1992,,,0,25.032252,,,,,,,176,64,113,,,,,1,1,0,,,,,,,,,,,,,,,,,,,,,
306,1993,1,4346,0,25.037460,0.0,0.0,0,F#4,,5,144,66,26,,6010,,,1,1,0,,0.5767195767195767,,0.33333333333333337,1,0.0,0.0,0.0,0.0,1.9,4.725,3.399166675000001,0.6847490363568753,0.0,0.0,0.0,0.0,0.0,3.428571,0.7324712,0.9595280308338365
,1994,,,0,25.042668,,,,,,,176,64,114,,,,,1,1,0,,,,,,,,,,,,,,,,,,,,,
,1995,,,0,25.053084,,,,,,,176,64,112,,,,,1,1,0,,,,,,,,,,,,,,,,,,,,,
,1996,,,0,25.063500,,,,,,,176,64,114,,,,,1,1,0,,,,,,,,,,,,,,,,,,,,,
,1997,,,0,25.073916,,,,,,,176,64,111,,,,,1,1,0,,,,,,,,,,,,,,,,,,,,,
,1998,,,0,25.081728,,,,,,,176,64,114,,,,,1,1,0,,,,,,,,,,,,,,,,,,,,,
,1999,,,0,25.092144,,,,,,,176,64,111,,,,,1,1,0,,,,,,,,,,,,,,,,,,,,,
,2000,,,0,25.102560,,,,,,,176,64,114,,,,,1,1,0,,,,,,,,,,,,,,,,,,,,,
,2001,,,0,25.110372,,,,,,,176,64,113,,,,,1,1,0,,,,,,,,,,,,,,,,,,,,,
306,2002,1,4347,0,25.125996,0.0,0.0,0,A3,,5,144,57,26,,6010,,,1,1,0,,0.5767195767195767,,0.33333333333333337,1,0.0,0.0,0.0,0.0,1.9,4.725,3.399166675000001,0.6847490363568753,0.0,0.0,0.0,0.0,0.0,3.428571,0.7324712,0.9595280308338365
,2003,,,0,25.131204,,,,,,,176,64,114,,,,,1,1,0,,,,,,,,,,,,,,,,,,,,,
,2004,,,0,25.141620,,,,,,,176,64,113,,,,,1,1,0,,,,,,,,,,,,,,,,,,,,,
,2005,,,0,25.154640,,,,,,,128,66,0,,,,,1,1,0,,,,,,,,,,,,,,,,,,,,,
,2006,,,0,25.157244,,,,,,,176,64,114,,,,,1,1,0,,,,,,,,,,,,,,,,,,,,,
,2007,,,0,25.162452,,,,,,,176,64,113,,,,,1,1,0,,,,,,,,,,,,,,,,,,,,,
,2008,,,0,25.180680,,,,,,,176,64,111,,,,,1,1,0,,,,,,,,,,,,,,,,,,,,,
,2009,,,0,25.191096,,,,,,,176,64,114,,,,,1,1,0,,,,,,,,,,,,,,,,,,,,,
,2010,,,0,25.201512,,,,,,,176,64,111,,,,,1,1,0,,,,,,,,,,,,,,,,,,,,,
,2011,,,0,25.211928,,,,,,,176,64,114,,,,,1,1,0,,,,,,,,,,,,,,,,,,,,,
,2012,,,0,25.222344,,,,,,,176,64,112,,,,,1,1,0,,,,,,,,,,,,,,,,,,,,,
,2013,,,0,25.232760,,,,,,,176,64,114,,,,,1,1,0,,,,,,,,,,,,,,,,,,,,,
,2014,,,0,25.243176,,,,,,,176,64,115,,,,,1,1,0,,,,,,,,,,,,,,,,,,,,,
,2015,,,0,25.250988,,,,,,,176,64,112,,,,,1,1,0,,,,,,,,,,,,,,,,,,,,,
,2016,,,0,25.261404,,,,,,,176,64,113,,,,,1,1,0,,,,,,,,,,,,,,,,,,,,,
,2017,,,0,25.271820,,,,,,,176,64,112,,,,,1,1,0,,,,,,,,,,,,,,,,,,,,,
,2018,,,0,25.292652,,,,,,,176,64,111,,,,,1,1,0,,,,,,,,,,,,,,,,,,,,,
,2019,,,0,25.292652,,,,,,,128,57,0,,,,,1,1,0,,,,,,,,,,,,,,,,,,,,,
,2020,,,0,25.300464,,,,,,,176,64,115,,,,,1,1,0,,,,,,,,,,,,,,,,,,,,,
,2021,,,0,25.313484,,,,,,,176,64,111,,,,,1,1,0,,,,,,,,,,,,,,,,,,,,,
,2022,,,0,25.321296,,,,,,,176,64,113,,,,,1,1,0,,,,,,,,,,,,,,,,,,,,,
,2023,,,0,25.331712,,,,,,,176,64,112,,,,,1,1,0,,,,,,,,,,,,,,,,,,,,,
,2024,,,0,25.342128,,,,,,,176,64,114,,,,,1,1,0,,,,,,,,,,,,,,,,,,,,,
306,2025,1,4348,0,25.362960,0.0,0.0,0,C#6,,5,144,85,26,,6010,,,1,1,0,,0.5767195767195767,,0.33333333333333337,1,0.0,0.0,0.0,0.0,1.9,4.725,3.399166675000001,0.6847490363568753,0.0,0.0,0.0,0.0,0.0,3.428571,0.7324712,0.9595280308338365
,2026,,,0,25.370772,,,,,,,176,64,113,,,,,1,1,0,,,,,,,,,,,,,,,,,,,,,
,2027,,,0,25.381188,,,,,,,176,64,112,,,,,1,1,0,,,,,,,,,,,,,,,,,,,,,
,2028,,,0,25.391604,,,,,,,176,64,114,,,,,1,1,0,,,,,,,,,,,,,,,,,,,,,
,2029,,,0,25.402020,,,,,,,176,64,112,,,,,1,1,0,,,,,,,,,,,,,,,,,,,,,
306,2030,1,4349,0,25.409832,0.0,0.0,0,F#4,,5,144,66,26,,6010,,,1,1,0,,0.5767195767195767,,0.33333333333333337,1,0.0,0.0,0.0,0.0,1.9,4.725,3.399166675000001,0.6847490363568753,0.0,0.0,0.0,0.0,0.0,3.428571,0.7324712,0.9595280308338365
,2031,,,0,25.412436,,,,,,,176,64,115,,,,,1,1,0,,,,,,,,,,,,,,,,,,,,,
,2032,,,0,25.420248,,,,,,,176,64,112,,,,,1,1,0,,,,,,,,,,,,,,,,,,,,,
,2033,,,0,25.430664,,,,,,,176,64,114,,,,,1,1,0,,,,,,,,,,,,,,,,,,,,,
,2034,,,0,25.441080,,,,,,,176,64,112,,,,,1,1,0,,,,,,,,,,,,,,,,,,,,,
,2035,,,0,25.451496,,,,,,,128,85,0,,,,,1,1,0,,,,,,,,,,,,,,,,,,,,,
,2036,,,0,25.451496,,,,,,,176,64,114,,,,,1,1,0,,,,,,,,,,,,,,,,,,,,,
,2037,,,0,25.461912,,,,,,,176,64,113,,,,,1,1,0,,,,,,,,,,,,,,,,,,,,,
,2038,,,0,25.472328,,,,,,,176,64,114,,,,,1,1,0,,,,,,,,,,,,,,,,,,,,,
,2039,,,0,25.482744,,,,,,,176,64,113,,,,,1,1,0,,,,,,,,,,,,,,,,,,,,,
,2040,,,0,25.490556,,,,,,,176,64,114,,,,,1,1,0,,,,,,,,,,,,,,,,,,,,,
,2041,,,0,25.495764,,,,,,,128,66,0,,,,,1,1,0,,,,,,,,,,,,,,,,,,,,,
,2042,,,0,25.511388,,,,,,,176,64,112,,,,,1,1,0,,,,,,,,,,,,,,,,,,,,,
,2043,,,0,25.521804,,,,,,,176,64,113,,,,,1,1,0,,,,,,,,,,,,,,,,,,,,,
,2044,,,0,25.532220,,,,,,,176,64,112,,,,,1,1,0,,,,,,,,,,,,,,,,,,,,,
,2045,,,0,25.542636,,,,,,,176,64,114,,,,,1,1,0,,,,,,,,,,,,,,,,,,,,,
,2046,,,0,25.550448,,,,,,,176,64,111,,,,,1,1,0,,,,,,,,,,,,,,,,,,,,,
,2047,,,0,25.560864,,,,,,,176,64,114,,,,,1,1,0,,,,,,,,,,,,,,,,,,,,,
,2048,,,0,25.571280,,,,,,,176,64,112,,,,,1,1,0,,,,,,,,,,,,,,,,,,,,,
,2049,,,0,25.581696,,,,,,,176,64,114,,,,,1,1,0,,,,,,,,,,,,,,,,,,,,,
,2050,,,0,25.592112,,,,,,,176,64,113,,,,,1,1,0,,,,,,,,,,,,,,,,,,,,,
,2051,,,0,25.602528,,,,,,,176,64,114,,,,,1,1,0,,,,,,,,,,,,,,,,,,,,,
,2052,,,0,25.610340,,,,,,,176,64,113,,,,,1,1,0,,,,,,,,,,,,,,,,,,,,,
,2053,,,0,25.631172,,,,,,,176,64,114,,,,,1,1,0,,,,,,,,,,,,,,,,,,,,,
,2054,,,0,25.641588,,,,,,,176,64,111,,,,,1,1,0,,,,,,,,,,,,,,,,,,,,,
,2055,,,0,25.652004,,,,,,,176,64,114,,,,,1,1,0,,,,,,,,,,,,,,,,,,,,,
,2056,,,0,25.662420,,,,,,,176,64,111,,,,,1,1,0,,,,,,,,,,,,,,,,,,,,,
,2057,,,0,25.670232,,,,,,,176,64,114,,,,,1,1,0,,,,,,,,,,,,,,,,,,,,,
,2058,,,0,25.680648,,,,,,,176,64,112,,,,,1,1,0,,,,,,,,,,,,,,,,,,,,,
,2059,,,0,25.691064,,,,,,,176,64,114,,,,,1,1,0,,,,,,,,,,,,,,,,,,,,,
,2060,,,0,25.701480,,,,,,,176,64,113,,,,,1,1,0,,,,,,,,,,,,,,,,,,,,,
,2061,,,0,25.722312,,,,,,,176,64,115,,,,,1,1,0,,,,,,,,,,,,,,,,,,,,,
,2062,,,0,25.732728,,,,,,,176,64,112,,,,,1,1,0,,,,,,,,,,,,,,,,,,,,,
,2063,,,0,25.740540,,,,,,,176,64,114,,,,,1,1,0,,,,,,,,,,,,,,,,,,,,,
306,2064,1,4350,0,25.745748,0.0,0.0,0,F4,,8,144,65,42,,6010,,,1,1,0,,0.5767195767195767,,0.33333333333333337,1,0.0,0.0,0.0,0.0,1.9,4.725,3.399166675000001,0.6847490363568753,0.0,0.0,0.0,0.0,0.0,3.428571,0.7324712,0.9595280308338365
,2065,,,0,25.750956,,,,,,,176,64,113,,,,,1,1,0,,,,,,,,,,,,,,,,,,,,,
,2066,,,0,25.761372,,,,,,,176,64,114,,,,,1,1,0,,,,,,,,,,,,,,,,,,,,,
306,2067,1,4350,0,25.766580,0.0,0.0,0,C4,,8,144,60,42,,6010,,,1,1,0,,0.5767195767195767,,0.33333333333333337,1,0.0,0.0,0.0,0.0,1.9,4.725,3.399166675000001,0.6847490363568753,0.0,0.0,0.0,0.0,0.0,3.428571,0.7324712,0.9595280308338365
,2068,,,0,25.771788,,,,,,,176,64,112,,,,,1,1,0,,,,,,,,,,,,,,,,,,,,,
,2069,,,0,25.782204,,,,,,,176,64,114,,,,,1,1,0,,,,,,,,,,,,,,,,,,,,,
,2070,,,0,25.792620,,,,,,,176,64,111,,,,,1,1,0,,,,,,,,,,,,,,,,,,,,,
306,2071,1,4350,0,25.800432,0.0,0.0,0,C#6,,5,144,85,26,,6010,,,1,1,0,,0.5767195767195767,,0.33333333333333337,1,0.0,0.0,0.0,0.0,1.9,4.725,3.399166675000001,0.6847490363568753,0.0,0.0,0.0,0.0,0.0,3.428571,0.7324712,0.9595280308338365
,2072,,,0,25.800432,,,,,,,176,64,114,,,,,1,1,0,,,,,,,,,,,,,,,,,,,,,
,2073,,,0,25.810848,,,,,,,176,64,113,,,,,1,1,0,,,,,,,,,,,,,,,,,,,,,
,2074,,,0,25.821264,,,,,,,176,64,115,,,,,1,1,0,,,,,,,,,,,,,,,,,,,,,
,2075,,,0,25.831680,,,,,,,176,64,114,,,,,1,1,0,,,,,,,,,,,,,,,,,,,,,
,2076,,,0,25.842096,,,,,,,176,64,112,,,,,1,1,0,,,,,,,,,,,,,,,,,,,,,
,2077,,,0,25.852512,,,,,,,176,64,114,,,,,1,1,0,,,,,,,,,,,,,,,,,,,,,
,2078,,,0,25.860324,,,,,,,176,64,113,,,,,1,1,0,,,,,,,,,,,,,,,,,,,,,
,2079,,,0,25.870740,,,,,,,176,64,114,,,,,1,1,0,,,,,,,,,,,,,,,,,,,,,
,2080,,,0,25.881156,,,,,,,128,85,0,,,,,1,1,0,,,,,,,,,,,,,,,,,,,,,
,2081,,,0,25.881156,,,,,,,176,64,112,,,,,1,1,0,,,,,,,,,,,,,,,,,,,,,
,2082,,,0,25.891572,,,,,,,176,64,113,,,,,1,1,0,,,,,,,,,,,,,,,,,,,,,
,2083,,,0,25.899384,,,,,,,128,60,0,,,,,1,1,0,,,,,,,,,,,,,,,,,,,,,
,2084,,,0,25.901988,,,,,,,176,64,111,,,,,1,1,0,,,,,,,,,,,,,,,,,,,,,
,2085,,,0,25.912404,,,,,,,176,64,114,,,,,1,1,0,,,,,,,,,,,,,,,,,,,,,
,2086,,,0,25.917612,,,,,,,128,65,0,,,,,1,1,0,,,,,,,,,,,,,,,,,,,,,
,2087,,,0,25.920216,,,,,,,176,64,112,,,,,1,1,0,,,,,,,,,,,,,,,,,,,,,
,2088,,,0,25.930632,,,,,,,176,64,114,,,,,1,1,0,,,,,,,,,,,,,,,,,,,,,
,2089,,,0,25.941048,,,,,,,176,64,111,,,,,1,1,0,,,,,,,,,,,,,,,,,,,,,
,2090,,,0,25.951464,,,,,,,176,64,112,,,,,1,1,0,,,,,,,,,,,,,,,,,,,,,
,2091,,,0,25.961880,,,,,,,176,64,114,,,,,1,1,0,,,,,,,,,,,,,,,,,,,,,
,2092,,,0,25.972296,,,,,,,176,64,113,,,,,1,1,0,,,,,,,,,,,,,,,,,,,,,
,2093,,,0,25.982712,,,,,,,176,64,114,,,,,1,1,0,,,,,,,,,,,,,,,,,,,,,
,2094,,,0,25.990524,,,,,,,176,64,113,,,,,1,1,0,,,,,,,,,,,,,,,,,,,,,
306,2095,1,4351,0,25.993128,0.0,0.0,0,F#4,,5,144,66,26,,6010,,,1,1,0,,0.5767195767195767,,0.33333333333333337,1,0.0,0.0,0.0,0.0,1.9,4.725,3.399166675000001,0.6847490363568753,0.0,0.0,0.0,0.0,0.0,3.428571,0.7324712,0.9595280308338365
,2096,,,0,26.000940,,,,,,,176,64,114,,,,,1,1,0,,,,,,,,,,,,,,,,,,,,,
,2097,,,0,26.011356,,,,,,,176,64,112,,,,,1,1,0,,,,,,,,,,,,,,,,,,,,,
,2098,,,0,26.021772,,,,,,,176,64,115,,,,,1,1,0,,,,,,,,,,,,,,,,,,,,,
,2099,,,0,26.032188,,,,,,,176,64,111,,,,,1,1,0,,,,,,,,,,,,,,,,,,,,,
,2100,,,0,26.040000,,,,,,,176,64,114,,,,,1,1,0,,,,,,,,,,,,,,,,,,,,,
,2101,,,0,26.050416,,,,,,,176,64,113,,,,,1,1,0,,,,,,,,,,,,,,,,,,,,,
,2102,,,0,26.071248,,,,,,,176,64,114,,,,,1,1,0,,,,,,,,,,,,,,,,,,,,,
,2103,,,0,26.081664,,,,,,,176,64,113,,,,,1,1,0,,,,,,,,,,,,,,,,,,,,,
,2104,,,0,26.092080,,,,,,,128,66,0,,,,,1,1,0,,,,,,,,,,,,,,,,,,,,,
,2105,,,0,26.099892,,,,,,,176,64,112,,,,,1,1,0,,,,,,,,,,,,,,,,,,,,,
,2106,,,0,26.110308,,,,,,,176,64,114,,,,,1,1,0,,,,,,,,,,,,,,,,,,,,,
,2107,,,0,26.120724,,,,,,,176,64,111,,,,,1,1,0,,,,,,,,,,,,,,,,,,,,,
,2108,,,0,26.131140,,,,,,,176,64,114,,,,,1,1,0,,,,,,,,,,,,,,,,,,,,,
306,2109,1,4352,0,26.133744,0.0,0.0,0,A3,,5,144,57,26,,6010,,,1,1,0,,0.5767195767195767,,0.33333333333333337,1,0.0,0.0,0.0,0.0,1.9,4.725,3.399166675000001,0.6847490363568753,0.0,0.0,0.0,0.0,0.0,3.428571,0.7324712,0.9595280308338365
306,2110,1,4353,0,26.136348,0.0,0.0,0,C#6,,5,144,85,26,,6010,,,1,1,0,,0.5767195767195767,,0.33333333333333337,1,0.0,0.0,0.0,0.0,1.9,4.725,3.399166675000001,0.6847490363568753,0.0,0.0,0.0,0.0,0.0,3.428571,0.7324712,0.9595280308338365
,2111,,,0,26.141556,,,,,,,176,64,112,,,,,1,1,0,,,,,,,,,,,,,,,,,,,,,
,2112,,,0,26.149368,,,,,,,176,64,114,,,,,1,1,0,,,,,,,,,,,,,,,,,,,,,
,2113,,,0,26.162388,,,,,,,176,64,115,,,,,1,1,0,,,,,,,,,,,,,,,,,,,,,
,2114,,,0,26.209260,,,,,,,176,64,114,,,,,1,1,0,,,,,,,,,,,,,,,,,,,,,
,2115,,,0,26.217072,,,,,,,128,57,0,,,,,1,1,0,,,,,,,,,,,,,,,,,,,,,
,2116,,,0,26.219676,,,,,,,176,64,115,,,,,1,1,0,,,,,,,,,,,,,,,,,,,,,
,2117,,,0,26.222280,,,,,,,128,85,0,,,,,1,1,0,,,,,,,,,,,,,,,,,,,,,
,2118,,,0,26.230092,,,,,,,176,64,113,,,,,1,1,0,,,,,,,,,,,,,,,,,,,,,
,2119,,,0,26.240508,,,,,,,176,64,114,,,,,1,1,0,,,,,,,,,,,,,,,,,,,,,
,2120,,,0,26.250924,,,,,,,176,64,115,,,,,1,1,0,,,,,,,,,,,,,,,,,,,,,
,2121,,,0,26.269152,,,,,,,176,64,113,,,,,1,1,0,,,,,,,,,,,,,,,,,,,,,
,2122,,,0,26.279568,,,,,,,176,64,115,,,,,1,1,0,,,,,,,,,,,,,,,,,,,,,
306,2123,1,4354,0,26.282172,0.0,0.0,0,F#4,,5,144,66,26,,6010,,,1,1,0,,0.5767195767195767,,0.33333333333333337,1,0.0,0.0,0.0,0.0,1.9,4.725,3.399166675000001,0.6847490363568753,0.0,0.0,0.0,0.0,0.0,3.428571,0.7324712,0.9595280308338365
,2124,,,0,26.321232,,,,,,,176,64,114,,,,,1,1,0,,,,,,,,,,,,,,,,,,,,,
,2125,,,0,26.331648,,,,,,,176,64,115,,,,,1,1,0,,,,,,,,,,,,,,,,,,,,,
,2126,,,0,26.360292,,,,,,,128,66,0,,,,,1,1,0,,,,,,,,,,,,,,,,,,,,,
,2127,,,0,26.360292,,,,,,,176,64,114,,,,,1,1,0,,,,,,,,,,,,,,,,,,,,,
,2128,,,0,26.370708,,,,,,,176,64,115,,,,,1,1,0,,,,,,,,,,,,,,,,,,,,,
306,2129,1,4355,0,26.399352,0.0,0.0,0,A3,,5,144,57,26,,6010,,,1,1,0,,0.5767195767195767,,0.33333333333333337,1,0.0,0.0,0.0,0.0,1.9,4.725,3.399166675000001,0.6847490363568753,0.0,0.0,0.0,0.0,0.0,3.428571,0.7324712,0.9595280308338365
,2130,,,0,26.401956,,,,,,,176,64,114,,,,,1,1,0,,,,,,,,,,,,,,,,,,,,,
,2131,,,0,26.420184,,,,,,,176,64,115,,,,,1,1,0,,,,,,,,,,,,,,,,,,,,,
,2132,,,0,26.430600,,,,,,,176,64,114,,,,,1,1,0,,,,,,,,,,,,,,,,,,,,,
,2133,,,0,26.441016,,,,,,,176,64,115,,,,,1,1,0,,,,,,,,,,,,,,,,,,,,,
306,2134,1,4356,0,26.495700,0.0,0.0,0,C#6,,5,144,85,26,,6010,,,1,1,0,,0.5767195767195767,,0.33333333333333337,1,0.0,0.0,0.0,0.0,1.9,4.725,3.399166675000001,0.6847490363568753,0.0,0.0,0.0,0.0,0.0,3.428571,0.7324712,0.9595280308338365
,2135,,,0,26.500908,,,,,,,176,64,114,,,,,1,1,0,,,,,,,,,,,,,,,,,,,,,
,2136,,,0,26.511324,,,,,,,128,57,0,,,,,1,1,0,,,,,,,,,,,,,,,,,,,,,
,2137,,,0,26.529552,,,,,,,176,64,115,,,,,1,1,0,,,,,,,,,,,,,,,,,,,,,
,2138,,,0,26.550384,,,,,,,176,64,114,,,,,1,1,0,,,,,,,,,,,,,,,,,,,,,
,2139,,,0,26.568612,,,,,,,128,85,0,,,,,1,1,0,,,,,,,,,,,,,,,,,,,,,
,2140,,,0,26.571216,,,,,,,176,64,115,,,,,1,1,0,,,,,,,,,,,,,,,,,,,,,
,2141,,,0,26.581632,,,,,,,176,64,114,,,,,1,1,0,,,,,,,,,,,,,,,,,,,,,
,2142,,,0,26.589444,,,,,,,176,64,115,,,,,1,1,0,,,,,,,,,,,,,,,,,,,,,
,2143,,,0,26.599860,,,,,,,176,64,114,,,,,1,1,0,,,,,,,,,,,,,,,,,,,,,
,2144,,,0,26.610276,,,,,,,176,64,115,,,,,1,1,0,,,,,,,,,,,,,,,,,,,,,
306,2145,1,4357,0,26.612880,0.0,0.0,0,F#4,,5,144,66,26,,6010,,,1,1,0,,0.5767195767195767,,0.33333333333333337,1,0.0,0.0,0.0,0.0,1.9,4.725,3.399166675000001,0.6847490363568753,0.0,0.0,0.0,0.0,0.0,3.428571,0.7324712,0.9595280308338365
,2146,,,0,26.620692,,,,,,,176,64,114,,,,,1,1,0,,,,,,,,,,,,,,,,,,,,,
,2147,,,0,26.631108,,,,,,,176,64,115,,,,,1,1,0,,,,,,,,,,,,,,,,,,,,,
,2148,,,0,26.641524,,,,,,,176,64,114,,,,,1,1,0,,,,,,,,,,,,,,,,,,,,,
,2149,,,0,26.651940,,,,,,,176,64,115,,,,,1,1,0,,,,,,,,,,,,,,,,,,,,,
,2150,,,0,26.662356,,,,,,,176,64,114,,,,,1,1,0,,,,,,,,,,,,,,,,,,,,,
,2151,,,0,26.680584,,,,,,,176,64,115,,,,,1,1,0,,,,,,,,,,,,,,,,,,,,,
,2152,,,0,26.683188,,,,,,,128,66,0,,,,,1,1,0,,,,,,,,,,,,,,,,,,,,,
,2153,,,0,26.691000,,,,,,,176,64,114,,,,,1,1,0,,,,,,,,,,,,,,,,,,,,,
306,2154,1,4358,0,26.706624,0.0,0.0,0,C#6,,5,144,85,26,,6010,,,1,1,0,,0.5767195767195767,,0.33333333333333337,1,0.0,0.0,0.0,0.0,1.9,4.725,3.399166675000001,0.6847490363568753,0.0,0.0,0.0,0.0,0.0,3.428571,0.7324712,0.9595280308338365
,2155,,,0,26.709228,,,,,,,176,64,115,,,,,1,1,0,,,,,,,,,,,,,,,,,,,,,
,2156,,,0,26.719644,,,,,,,176,64,114,,,,,1,1,0,,,,,,,,,,,,,,,,,,,,,
,2157,,,0,26.730060,,,,,,,176,64,115,,,,,1,1,0,,,,,,,,,,,,,,,,,,,,,
,2158,,,0,26.750892,,,,,,,176,64,114,,,,,1,1,0,,,,,,,,,,,,,,,,,,,,,
,2159,,,0,26.761308,,,,,,,176,64,115,,,,,1,1,0,,,,,,,,,,,,,,,,,,,,,
,2160,,,0,26.769120,,,,,,,176,64,114,,,,,1,1,0,,,,,,,,,,,,,,,,,,,,,
,2161,,,0,26.789952,,,,,,,176,64,115,,,,,1,1,0,,,,,,,,,,,,,,,,,,,,,
,2162,,,0,26.800368,,,,,,,128,85,0,,,,,1,1,0,,,,,,,,,,,,,,,,,,,,,
,2163,,,0,26.800368,,,,,,,176,64,114,,,,,1,1,0,,,,,,,,,,,,,,,,,,,,,
,2164,,,0,26.821200,,,,,,,176,64,115,,,,,1,1,0,,,,,,,,,,,,,,,,,,,,,
306,2165,1,4359,0,26.823804,0.0,0.0,0,F#4,,5,144,66,26,,6010,,,1,1,0,,0.5767195767195767,,0.33333333333333337,1,0.0,0.0,0.0,0.0,1.9,4.725,3.399166675000001,0.6847490363568753,0.0,0.0,0.0,0.0,0.0,3.428571,0.7324712,0.9595280308338365
,2166,,,0,26.831616,,,,,,,176,64,114,,,,,1,1,0,,,,,,,,,,,,,,,,,,,,,
,2167,,,0,26.839428,,,,,,,176,64,112,,,,,1,1,0,,,,,,,,,,,,,,,,,,,,,
,2168,,,0,26.849844,,,,,,,176,64,114,,,,,1,1,0,,,,,,,,,,,,,,,,,,,,,
,2169,,,0,26.860260,,,,,,,176,64,115,,,,,1,1,0,,,,,,,,,,,,,,,,,,,,,
,2170,,,0,26.870676,,,,,,,176,64,114,,,,,1,1,0,,,,,,,,,,,,,,,,,,,,,
,2171,,,0,26.881092,,,,,,,176,64,115,,,,,1,1,0,,,,,,,,,,,,,,,,,,,,,
306,2172,1,4360,0,26.886300,0.0,0.0,0,A3,,5,144,57,26,,6010,,,1,1,0,,0.5767195767195767,,0.33333333333333337,1,0.0,0.0,0.0,0.0,1.9,4.725,3.399166675000001,0.6847490363568753,0.0,0.0,0.0,0.0,0.0,3.428571,0.7324712,0.9595280308338365
,2173,,,0,26.891508,,,,,,,176,64,114,,,,,1,1,0,,,,,,,,,,,,,,,,,,,,,
,2174,,,0,26.896716,,,,,,,128,66,0,,,,,1,1,0,,,,,,,,,,,,,,,,,,,,,
,2175,,,0,26.909736,,,,,,,176,64,115,,,,,1,1,0,,,,,,,,,,,,,,,,,,,,,
,2176,,,0,26.920152,,,,,,,176,64,114,,,,,1,1,0,,,,,,,,,,,,,,,,,,,,,
,2177,,,0,26.969628,,,,,,,176,64,113,,,,,1,1,0,,,,,,,,,,,,,,,,,,,,,
306,2178,1,4361,0,26.974836,0.0,0.0,0,C#6,,5,144,85,26,,6010,,,1,1,0,,0.5767195767195767,,0.33333333333333337,1,0.0,0.0,0.0,0.0,1.9,4.725,3.399166675000001,0.6847490363568753,0.0,0.0,0.0,0.0,0.0,3.428571,0.7324712,0.9595280308338365
,2179,,,0,26.980044,,,,,,,176,64,114,,,,,1,1,0,,,,,,,,,,,,,,,,,,,,,
,2180,,,0,27.006084,,,,,,,128,57,0,,,,,1,1,0,,,,,,,,,,,,,,,,,,,,,
,2181,,,0,27.011292,,,,,,,176,64,113,,,,,1,1,0,,,,,,,,,,,,,,,,,,,,,
,2182,,,0,27.019104,,,,,,,176,64,114,,,,,1,1,0,,,,,,,,,,,,,,,,,,,,,
,2183,,,0,27.050352,,,,,,,176,64,115,,,,,1,1,0,,,,,,,,,,,,,,,,,,,,,
,2184,,,0,27.060768,,,,,,,176,64,114,,,,,1,1,0,,,,,,,,,,,,,,,,,,,,,
,2185,,,0,27.068580,,,,,,,128,85,0,,,,,1,1,0,,,,,,,,,,,,,,,,,,,,,
,2186,,,0,27.081600,,,,,,,176,64,115,,,,,1,1,0,,,,,,,,,,,,,,,,,,,,,
,2187,,,0,27.089412,,,,,,,176,64,114,,,,,1,1,0,,,,,,,,,,,,,,,,,,,,,
306,2188,1,4362,0,27.097224,0.0,0.0,0,F#4,,5,144,66,26,,6010,,,1,1,0,,0.5767195767195767,,0.33333333333333337,1,0.0,0.0,0.0,0.0,1.9,4.725,3.399166675000001,0.6847490363568753,0.0,0.0,0.0,0.0,0.0,3.428571,0.7324712,0.9595280308338365
,2189,,,0,27.099828,,,,,,,176,64,115,,,,,1,1,0,,,,,,,,,,,,,,,,,,,,,
,2190,,,0,27.110244,,,,,,,176,64,114,,,,,1,1,0,,,,,,,,,,,,,,,,,,,,,
,2191,,,0,27.120660,,,,,,,176,64,115,,,,,1,1,0,,,,,,,,,,,,,,,,,,,,,
,2192,,,0,27.131076,,,,,,,176,64,114,,,,,1,1,0,,,,,,,,,,,,,,,,,,,,,
,2193,,,0,27.141492,,,,,,,176,64,115,,,,,1,1,0,,,,,,,,,,,,,,,,,,,,,
,2194,,,0,27.149304,,,,,,,176,64,114,,,,,1,1,0,,,,,,,,,,,,,,,,,,,,,
306,2195,1,4363,0,27.167532,0.0,0.0,0,A3,,5,144,57,26,,6010,,,1,1,0,,0.5767195767195767,,0.33333333333333337,1,0.0,0.0,0.0,0.0,1.9,4.725,3.399166675000001,0.6847490363568753,0.0,0.0,0.0,0.0,0.0,3.428571,0.7324712,0.9595280308338365
,2196,,,0,27.201384,,,,,,,176,64,115,,,,,1,1,0,,,,,,,,,,,,,,,,,,,,,
,2197,,,0,27.211800,,,,,,,128,66,0,,,,,1,1,0,,,,,,,,,,,,,,,,,,,,,
,2198,,,0,27.230028,,,,,,,176,64,114,,,,,1,1,0,,,,,,,,,,,,,,,,,,,,,
,2199,,,0,27.250860,,,,,,,176,64,113,,,,,1,1,0,,,,,,,,,,,,,,,,,,,,,
,2200,,,0,27.261276,,,,,,,176,64,114,,,,,1,1,0,,,,,,,,,,,,,,,,,,,,,
,2201,,,0,27.300336,,,,,,,176,64,115,,,,,1,1,0,,,,,,,,,,,,,,,,,,,,,
306,2202,1,4364,0,27.315960,0.0,0.0,0,C#6,,5,144,85,26,,6010,,,1,1,0,,0.5767195767195767,,0.33333333333333337,1,0.0,0.0,0.0,0.0,1.9,4.725,3.399166675000001,0.6847490363568753,0.0,0.0,0.0,0.0,0.0,3.428571,0.7324712,0.9595280308338365
,2203,,,0,27.321168,,,,,,,176,64,114,,,,,1,1,0,,,,,,,,,,,,,,,,,,,,,
,2204,,,0,27.321168,,,,,,,128,57,0,,,,,1,1,0,,,,,,,,,,,,,,,,,,,,,
,2205,,,0,27.339396,,,,,,,176,64,113,,,,,1,1,0,,,,,,,,,,,,,,,,,,,,,
306,2206,1,4365,0,27.349812,0.0,0.0,0,F#4,,5,144,66,26,,6010,,,1,1,0,,0.5767195767195767,,0.33333333333333337,1,0.0,0.0,0.0,0.0,1.9,4.725,3.399166675000001,0.6847490363568753,0.0,0.0,0.0,0.0,0.0,3.428571,0.7324712,0.9595280308338365
,2207,,,0,27.349812,,,,,,,176,64,114,,,,,1,1,0,,,,,,,,,,,,,,,,,,,,,
,2208,,,0,27.360228,,,,,,,176,64,115,,,,,1,1,0,,,,,,,,,,,,,,,,,,,,,
,2209,,,0,27.381060,,,,,,,176,64,114,,,,,1,1,0,,,,,,,,,,,,,,,,,,,,,
,2210,,,0,27.407100,,,,,,,128,85,0,,,,,1,1,0,,,,,,,,,,,,,,,,,,,,,
,2211,,,0,27.430536,,,,,,,176,64,113,,,,,1,1,0,,,,,,,,,,,,,,,,,,,,,
,2212,,,0,27.440952,,,,,,,176,64,114,,,,,1,1,0,,,,,,,,,,,,,,,,,,,,,
,2213,,,0,27.451368,,,,,,,176,64,113,,,,,1,1,0,,,,,,,,,,,,,,,,,,,,,
,2214,,,0,27.459180,,,,,,,176,64,114,,,,,1,1,0,,,,,,,,,,,,,,,,,,,,,
,2215,,,0,27.469596,,,,,,,176,64,115,,,,,1,1,0,,,,,,,,,,,,,,,,,,,,,
,2216,,,0,27.490428,,,,,,,176,64,114,,,,,1,1,0,,,,,,,,,,,,,,,,,,,,,
,2217,,,0,27.511260,,,,,,,176,64,115,,,,,1,1,0,,,,,,,,,,,,,,,,,,,,,
,2218,,,0,27.519072,,,,,,,176,64,113,,,,,1,1,0,,,,,,,,,,,,,,,,,,,,,
,2219,,,0,27.521676,,,,,,,128,66,0,,,,,1,1,0,,,,,,,,,,,,,,,,,,,,,
,2220,,,0,27.529488,,,,,,,176,64,114,,,,,1,1,0,,,,,,,,,,,,,,,,,,,,,
,2221,,,0,27.539904,,,,,,,176,64,113,,,,,1,1,0,,,,,,,,,,,,,,,,,,,,,
,2222,,,0,27.550320,,,,,,,176,64,115,,,,,1,1,0,,,,,,,,,,,,,,,,,,,,,
,2223,,,0,27.560736,,,,,,,176,64,114,,,,,1,1,0,,,,,,,,,,,,,,,,,,,,,
307,2224,1,4366,0,27.605004,0.0,0.0,0,F4,,11,144,65,58,,6010,,,1,1,0,,0.5767195767195767,,0.33333333333333337,1,0.0,0.0,0.0,0.0,1.9,4.725,3.399166675000001,0.6847490363568753,0.0,0.0,0.0,0.0,0.0,3.428571,0.7324712,0.9595280308338365
307,2225,1,4366,0,27.618024,0.0,0.0,0,C4,,11,144,60,58,,6010,,,1,1,0,,0.5767195767195767,,0.33333333333333337,1,0.0,0.0,0.0,0.0,1.9,4.725,3.399166675000001,0.6847490363568753,0.0,0.0,0.0,0.0,0.0,3.428571,0.7324712,0.9595280308338365
,2226,,,0,27.649272,,,,,,,176,64,115,,,,,1,1,0,,,,,,,,,,,,,,,,,,,,,
307,2227,1,4366,0,27.664896,0.0,0.0,0,C#6,,5,144,85,26,,6010,,,1,1,0,,0.5767195767195767,,0.33333333333333337,1,0.0,0.0,0.0,0.0,1.9,4.725,3.399166675000001,0.6847490363568753,0.0,0.0,0.0,0.0,0.0,3.428571,0.7324712,0.9595280308338365
,2228,,,0,27.670104,,,,,,,176,64,113,,,,,1,1,0,,,,,,,,,,,,,,,,,,,,,
,2229,,,0,27.680520,,,,,,,176,64,114,,,,,1,1,0,,,,,,,,,,,,,,,,,,,,,
,2230,,,0,27.732600,,,,,,,176,64,115,,,,,1,1,0,,,,,,,,,,,,,,,,,,,,,
,2231,,,0,27.743016,,,,,,,176,64,114,,,,,1,1,0,,,,,,,,,,,,,,,,,,,,,
,2232,,,0,27.745620,,,,,,,128,85,0,,,,,1,1,0,,,,,,,,,,,,,,,,,,,,,
,2233,,,0,27.750828,,,,,,,176,64,115,,,,,1,1,0,,,,,,,,,,,,,,,,,,,,,
307,2234,1,4367,0,27.750828,0.0,0.0,0,F#4,,5,144,66,26,,6010,,,1,1,0,,0.5767195767195767,,0.33333333333333337,1,0.0,0.0,0.0,0.0,1.9,4.725,3.399166675000001,0.6847490363568753,0.0,0.0,0.0,0.0,0.0,3.428571,0.7324712,0.9595280308338365
,2235,,,0,27.756036,,,,,,,128,65,0,,,,,1,1,0,,,,,,,,,,,,,,,,,,,,,
,2236,,,0,27.769056,,,,,,,128,60,0,,,,,1,1,0,,,,,,,,,,,,,,,,,,,,,
,2237,,,0,27.779472,,,,,,,176,64,114,,,,,1,1,0,,,,,,,,,,,,,,,,,,,,,
,2238,,,0,27.810720,,,,,,,176,64,115,,,,,1,1,0,,,,,,,,,,,,,,,,,,,,,
,2239,,,0,27.821136,,,,,,,176,64,114,,,,,1,1,0,,,,,,,,,,,,,,,,,,,,,
,2240,,,0,27.841968,,,,,,,128,66,0,,,,,1,1,0,,,,,,,,,,,,,,,,,,,,,
307,2241,1,4368,0,27.862800,0.0,0.0,0,A3,,5,144,57,26,,6010,,,1,1,0,,0.5767195767195767,,0.33333333333333337,1,0.0,0.0,0.0,0.0,1.9,4.725,3.399166675000001,0.6847490363568753,0.0,0.0,0.0,0.0,0.0,3.428571,0.7324712,0.9595280308338365
,2242,,,0,27.891444,,,,,,,176,64,113,,,,,1,1,0,,,,,,,,,,,,,,,,,,,,,
,2243,,,0,27.901860,,,,,,,176,64,114,,,,,1,1,0,,,,,,,,,,,,,,,,,,,,,
,2244,,,0,27.909672,,,,,,,176,64,113,,,,,1,1,0,,,,,,,,,,,,,,,,,,,,,
,2245,,,0,27.920088,,,,,,,176,64,115,,,,,1,1,0,,,,,,,,,,,,,,,,,,,,,
307,2246,1,4369,0,27.922692,0.0,0.0,0,C#6,,5,144,85,26,,6010,,,1,1,0,,0.5767195767195767,,0.33333333333333337,1,0.0,0.0,0.0,0.0,1.9,4.725,3.399166675000001,0.6847490363568753,0.0,0.0,0.0,0.0,0.0,3.428571,0.7324712,0.9595280308338365
,2247,,,0,27.930504,,,,,,,176,64,114,,,,,1,1,0,,,,,,,,,,,,,,,,,,,,,
,2248,,,0,27.940920,,,,,,,176,64,115,,,,,1,1,0,,,,,,,,,,,,,,,,,,,,,
307,2249,1,4370,0,27.946128,0.0,0.0,0,F#4,,5,144,66,26,,6010,,,1,1,0,,0.5767195767195767,,0.33333333333333337,1,0.0,0.0,0.0,0.0,1.9,4.725,3.399166675000001,0.6847490363568753,0.0,0.0,0.0,0.0,0.0,3.428571,0.7324712,0.9595280308338365
,2250,,,0,27.951336,,,,,,,176,64,114,,,,,1,1,0,,,,,,,,,,,,,,,,,,,,,
,2251,,,0,27.961752,,,,,,,176,64,115,,,,,1,1,0,,,,,,,,,,,,,,,,,,,,,
,2252,,,0,27.972168,,,,,,,176,64,114,,,,,1,1,0,,,,,,,,,,,,,,,,,,,,,
,2253,,,0,27.982584,,,,,,,176,64,115,,,,,1,1,0,,,,,,,,,,,,,,,,,,,,,
,2254,,,0,27.990396,,,,,,,176,64,114,,,,,1,1,0,,,,,,,,,,,,,,,,,,,,,
,2255,,,0,28.019040,,,,,,,176,64,115,,,,,1,1,0,,,,,,,,,,,,,,,,,,,,,
,2256,,,0,28.029456,,,,,,,176,64,114,,,,,1,1,0,,,,,,,,,,,,,,,,,,,,,
,2257,,,0,28.039872,,,,,,,176,64,115,,,,,1,1,0,,,,,,,,,,,,,,,,,,,,,
,2258,,,0,28.050288,,,,,,,176,64,114,,,,,1,1,0,,,,,,,,,,,,,,,,,,,,,
,2259,,,0,28.089348,,,,,,,176,64,115,,,,,1,1,0,,,,,,,,,,,,,,,,,,,,,
,2260,,,0,28.099764,,,,,,,176,64,114,,,,,1,1,0,,,,,,,,,,,,,,,,,,,,,
307,2261,1,4371,0,28.102368,0.0,0.0,0,A3,,5,144,57,26,,6010,,,1,1,0,,0.5767195767195767,,0.33333333333333337,1,0.0,0.0,0.0,0.0,1.9,4.725,3.399166675000001,0.6847490363568753,0.0,0.0,0.0,0.0,0.0,3.428571,0.7324712,0.9595280308338365
,2262,,,0,28.110180,,,,,,,176,64,115,,,,,1,1,0,,,,,,,,,,,,,,,,,,,,,
,2263,,,0,28.117992,,,,,,,128,66,0,,,,,1,1,0,,,,,,,,,,,,,,,,,,,,,
,2264,,,0,28.131012,,,,,,,176,64,114,,,,,1,1,0,,,,,,,,,,,,,,,,,,,,,
,2265,,,0,28.141428,,,,,,,176,64,115,,,,,1,1,0,,,,,,,,,,,,,,,,,,,,,
,2266,,,0,28.159656,,,,,,,176,64,114,,,,,1,1,0,,,,,,,,,,,,,,,,,,,,,
,2267,,,0,28.190904,,,,,,,176,64,115,,,,,1,1,0,,,,,,,,,,,,,,,,,,,,,
,2268,,,0,28.209132,,,,,,,176,64,114,,,,,1,1,0,,,,,,,,,,,,,,,,,,,,,
,2269,,,0,28.229964,,,,,,,176,64,115,,,,,1,1,0,,,,,,,,,,,,,,,,,,,,,
307,2270,1,4372,0,28.237776,0.0,0.0,0,G#3,,12,144,56,64,,6010,,,1,1,0,,0.5767195767195767,,0.33333333333333337,1,0.0,0.0,0.0,0.0,1.9,4.725,3.399166675000001,0.6847490363568753,0.0,0.0,0.0,0.0,0.0,3.428571,0.7324712,0.9595280308338365
,2271,,,0,28.269024,,,,,,,176,64,114,,,,,1,1,0,,,,,,,,,,,,,,,,,,,,,
,2272,,,0,28.279440,,,,,,,176,64,115,,,,,1,1,0,,,,,,,,,,,,,,,,,,,,,
,2273,,,0,28.282044,,,,,,,176,67,121,,,,,1,1,0,,,,,,,,,,,,,,,,,,,,,
,2274,,,0,28.282044,,,,,,,128,85,0,,,,,1,1,0,,,,,,,,,,,,,,,,,,,,,
,2275,,,0,28.310688,,,,,,,176,67,118,,,,,1,1,0,,,,,,,,,,,,,,,,,,,,,
,2276,,,0,28.321104,,,,,,,176,64,114,,,,,1,1,0,,,,,,,,,,,,,,,,,,,,,
,2277,,,0,28.321104,,,,,,,176,67,116,,,,,1,1,0,,,,,,,,,,,,,,,,,,,,,
,2278,,,0,28.331520,,,,,,,176,67,114,,,,,1,1,0,,,,,,,,,,,,,,,,,,,,,
,2279,,,0,28.339332,,,,,,,176,64,115,,,,,1,1,0,,,,,,,,,,,,,,,,,,,,,
,2280,,,0,28.357560,,,,,,,128,57,0,,,,,1,1,0,,,,,,,,,,,,,,,,,,,,,
,2281,,,0,28.360164,,,,,,,128,57,0,,,,,1,1,0,,,,,,,,,,,,,,,,,,,,,
,2282,,,0,28.360164,,,,,,,176,64,114,,,,,1,1,0,,,,,,,,,,,,,,,,,,,,,
,2283,,,0,28.360164,,,,,,,176,67,111,,,,,1,1,0,,,,,,,,,,,,,,,,,,,,,
,2284,,,0,28.370580,,,,,,,176,64,115,,,,,1,1,0,,,,,,,,,,,,,,,,,,,,,
,2285,,,0,28.370580,,,,,,,176,67,108,,,,,1,1,0,,,,,,,,,,,,,,,,,,,,,
,2286,,,0,28.380996,,,,,,,176,67,107,,,,,1,1,0,,,,,,,,,,,,,,,,,,,,,
,2287,,,0,28.391412,,,,,,,176,64,114,,,,,1,1,0,,,,,,,,,,,,,,,,,,,,,
,2288,,,0,28.409640,,,,,,,176,64,115,,,,,1,1,0,,,,,,,,,,,,,,,,,,,,,
,2289,,,0,28.430472,,,,,,,176,64,114,,,,,1,1,0,,,,,,,,,,,,,,,,,,,,,
,2290,,,0,28.440888,,,,,,,176,64,115,,,,,1,1,0,,,,,,,,,,,,,,,,,,,,,
,2291,,,0,28.469532,,,,,,,176,67,104,,,,,1,1,0,,,,,,,,,,,,,,,,,,,,,
,2292,,,0,28.479948,,,,,,,176,67,103,,,,,1,1,0,,,,,,,,,,,,,,,,,,,,,
,2293,,,0,28.500780,,,,,,,176,67,101,,,,,1,1,0,,,,,,,,,,,,,,,,,,,,,
307,2294,1,4373,0,28.503384,0.0,0.0,0,C#6,,5,144,85,26,,6010,,,1,1,0,,0.5767195767195767,,0.33333333333333337,1,0.0,0.0,0.0,0.0,1.9,4.725,3.399166675000001,0.6847490363568753,0.0,0.0,0.0,0.0,0.0,3.428571,0.7324712,0.9595280308338365
,2295,,,0,28.511196,,,,,,,176,64,114,,,,,1,1,0,,,,,,,,,,,,,,,,,,,,,
,2296,,,0,28.511196,,,,,,,176,67,100,,,,,1,1,0,,,,,,,,,,,,,,,,,,,,,
,2297,,,0,28.519008,,,,,,,176,64,115,,,,,1,1,0,,,,,,,,,,,,,,,,,,,,,
,2298,,,0,28.539840,,,,,,,176,64,114,,,,,1,1,0,,,,,,,,,,,,,,,,,,,,,
,2299,,,0,28.550256,,,,,,,176,64,115,,,,,1,1,0,,,,,,,,,,,,,,,,,,,,,
,2300,,,0,28.560672,,,,,,,176,64,114,,,,,1,1,0,,,,,,,,,,,,,,,,,,,,,
,2301,,,0,28.560672,,,,,,,176,67,101,,,,,1,1,0,,,,,,,,,,,,,,,,,,,,,
,2302,,,0,28.571088,,,,,,,176,64,115,,,,,1,1,0,,,,,,,,,,,,,,,,,,,,,
,2303,,,0,28.571088,,,,,,,176,67,99,,,,,1,1,0,,,,,,,,,,,,,,,,,,,,,
,2304,,,0,28.581504,,,,,,,176,67,96,,,,,1,1,0,,,,,,,,,,,,,,,,,,,,,
,2305,,,0,28.589316,,,,,,,176,64,114,,,,,1,1,0,,,,,,,,,,,,,,,,,,,,,
,2306,,,0,28.591920,,,,,,,176,67,94,,,,,1,1,0,,,,,,,,,,,,,,,,,,,,,
,2307,,,0,28.597128,,,,,,,128,85,0,,,,,1,1,0,,,,,,,,,,,,,,,,,,,,,
,2308,,,0,28.599732,,,,,,,176,64,115,,,,,1,1,0,,,,,,,,,,,,,,,,,,,,,
,2309,,,0,28.630980,,,,,,,176,64,114,,,,,1,1,0,,,,,,,,,,,,,,,,,,,,,
307,2310,1,4374,0,28.638792,0.0,0.0,0,F#4,,5,144,66,26,,6010,,,1,1,0,,0.5767195767195767,,0.33333333333333337,1,0.0,0.0,0.0,0.0,1.9,4.725,3.399166675000001,0.6847490363568753,0.0,0.0,0.0,0.0,0.0,3.428571,0.7324712,0.9595280308338365
,2311,,,0,28.641396,,,,,,,176,64,115,,,,,1,1,0,,,,,,,,,,,,,,,,,,,,,
,2312,,,0,28.641396,,,,,,,176,67,91,,,,,1,1,0,,,,,,,,,,,,,,,,,,,,,
,2313,,,0,28.649208,,,,,,,176,64,114,,,,,1,1,0,,,,,,,,,,,,,,,,,,,,,
,2314,,,0,28.651812,,,,,,,176,67,88,,,,,1,1,0,,,,,,,,,,,,,,,,,,,,,
,2315,,,0,28.659624,,,,,,,176,64,115,,,,,1,1,0,,,,,,,,,,,,,,,,,,,,,
,2316,,,0,28.662228,,,,,,,176,67,87,,,,,1,1,0,,,,,,,,,,,,,,,,,,,,,
,2317,,,0,28.677852,,,,,,,128,56,0,,,,,1,1,0,,,,,,,,,,,,,,,,,,,,,
,2318,,,0,28.680456,,,,,,,176,64,114,,,,,1,1,0,,,,,,,,,,,,,,,,,,,,,
,2319,,,0,28.690872,,,,,,,176,64,115,,,,,1,1,0,,,,,,,,,,,,,,,,,,,,,
,2320,,,0,28.693476,,,,,,,176,67,85,,,,,1,1,0,,,,,,,,,,,,,,,,,,,,,
,2321,,,0,28.701288,,,,,,,176,64,114,,,,,1,1,0,,,,,,,,,,,,,,,,,,,,,
,2322,,,0,28.701288,,,,,,,176,67,81,,,,,1,1,0,,,,,,,,,,,,,,,,,,,,,
,2323,,,0,28.709100,,,,,,,176,67,80,,,,,1,1,0,,,,,,,,,,,,,,,,,,,,,
,2324,,,0,28.719516,,,,,,,176,64,115,,,,,1,1,0,,,,,,,,,,,,,,,,,,,,,
,2325,,,0,28.729932,,,,,,,176,64,114,,,,,1,1,0,,,,,,,,,,,,,,,,,,,,,
,2326,,,0,28.740348,,,,,,,176,67,79,,,,,1,1,0,,,,,,,,,,,,,,,,,,,,,
,2327,,,0,28.750764,,,,,,,176,64,115,,,,,1,1,0,,,,,,,,,,,,,,,,,,,,,
,2328,,,0,28.750764,,,,,,,176,67,74,,,,,1,1,0,,,,,,,,,,,,,,,,,,,,,
307,2329,1,4375,0,28.763784,0.0,0.0,0,C#6,,5,144,85,26,,6010,,,1,1,0,,0.5767195767195767,,0.33333333333333337,1,0.0,0.0,0.0,0.0,1.9,4.725,3.399166675000001,0.6847490363568753,0.0,0.0,0.0,0.0,0.0,3.428571,0.7324712,0.9595280308338365
307,2330,1,4377,0,28.768992,0.0,0.0,0,A3,,5,144,57,26,,6010,,,1,1,0,,0.5767195767195767,,0.33333333333333337,1,0.0,0.0,0.0,0.0,1.9,4.725,3.399166675000001,0.6847490363568753,0.0,0.0,0.0,0.0,0.0,3.428571,0.7324712,0.9595280308338365
,2331,,,0,28.771596,,,,,,,176,64,114,,,,,1,1,0,,,,,,,,,,,,,,,,,,,,,
,2332,,,0,28.779408,,,,,,,176,64,115,,,,,1,1,0,,,,,,,,,,,,,,,,,,,,,
,2333,,,0,28.782012,,,,,,,176,67,70,,,,,1,1,0,,,,,,,,,,,,,,,,,,,,,
,2334,,,0,28.789824,,,,,,,176,67,67,,,,,1,1,0,,,,,,,,,,,,,,,,,,,,,
,2335,,,0,28.810656,,,,,,,176,67,61,,,,,1,0,0,,,,,,,,,,,,,,,,,,,,,
,2336,,,0,28.821072,,,,,,,176,64,114,,,,,1,0,0,,,,,,,,,,,,,,,,,,,,,
,2337,,,0,28.821072,,,,,,,176,67,60,,,,,1,0,0,,,,,,,,,,,,,,,,,,,,,
,2338,,,0,28.831488,,,,,,,176,64,115,,,,,1,0,0,,,,,,,,,,,,,,,,,,,,,
,2339,,,0,28.831488,,,,,,,176,67,54,,,,,1,0,0,,,,,,,,,,,,,,,,,,,,,
,2340,,,0,28.836696,,,,,,,128,57,0,,,,,1,0,0,,,,,,,,,,,,,,,,,,,,,
,2341,,,0,28.839300,,,,,,,128,66,0,,,,,1,0,0,,,,,,,,,,,,,,,,,,,,,
,2342,,,0,28.839300,,,,,,,176,67,53,,,,,1,0,0,,,,,,,,,,,,,,,,,,,,,
,2343,,,0,28.849716,,,,,,,176,67,47,,,,,1,0,0,,,,,,,,,,,,,,,,,,,,,
,2344,,,0,28.860132,,,,,,,176,67,45,,,,,1,0,0,,,,,,,,,,,,,,,,,,,,,
,2345,,,0,28.870548,,,,,,,176,67,41,,,,,1,0,0,,,,,,,,,,,,,,,,,,,,,
,2346,,,0,28.880964,,,,,,,176,64,114,,,,,1,0,0,,,,,,,,,,,,,,,,,,,,,
,2347,,,0,28.880964,,,,,,,176,67,40,,,,,1,0,0,,,,,,,,,,,,,,,,,,,,,
,2348,,,0,28.891380,,,,,,,176,64,115,,,,,1,0,0,,,,,,,,,,,,,,,,,,,,,
,2349,,,0,28.891380,,,,,,,176,67,34,,,,,1,0,0,,,,,,,,,,,,,,,,,,,,,
,2350,,,0,28.899192,,,,,,,176,67,33,,,,,1,0,0,,,,,,,,,,,,,,,,,,,,,
,2351,,,0,28.909608,,,,,,,176,64,114,,,,,1,0,0,,,,,,,,,,,,,,,,,,,,,
,2352,,,0,28.920024,,,,,,,176,64,115,,,,,1,0,0,,,,,,,,,,,,,,,,,,,,,
,2353,,,0,28.940856,,,,,,,176,67,29,,,,,1,0,0,,,,,,,,,,,,,,,,,,,,,
,2354,,,0,28.951272,,,,,,,176,67,28,,,,,1,0,0,,,,,,,,,,,,,,,,,,,,,
307,2355,1,4378,0,28.956480,0.0,0.0,0,F5,,5,144,77,26,,6010,,,1,0,0,,0.5767195767195767,,0.33333333333333337,1,0.0,0.0,0.0,0.0,1.9,4.725,3.399166675000001,0.6847490363568753,0.0,0.0,0.0,0.0,0.0,3.428571,0.7324712,0.9595280308338365
,2356,,,0,28.959084,,,,,,,176,67,27,,,,,1,0,0,,,,,,,,,,,,,,,,,,,,,
,2357,,,0,28.969500,,,,,,,176,64,114,,,,,1,0,0,,,,,,,,,,,,,,,,,,,,,
,2358,,,0,28.972104,,,,,,,176,67,28,,,,,1,0,0,,,,,,,,,,,,,,,,,,,,,
,2359,,,0,28.979916,,,,,,,176,64,115,,,,,1,0,0,,,,,,,,,,,,,,,,,,,,,
,2360,,,0,28.990332,,,,,,,176,67,27,,,,,1,0,0,,,,,,,,,,,,,,,,,,,,,
,2361,,,0,29.029392,,,,,,,176,67,26,,,,,1,0,0,,,,,,,,,,,,,,,,,,,,,
,2362,,,0,29.039808,,,,,,,176,67,27,,,,,1,0,0,,,,,,,,,,,,,,,,,,,,,
,2363,,,0,29.042412,,,,,,,128,85,0,,,,,1,0,0,,,,,,,,,,,,,,,,,,,,,
,2364,,,0,29.060640,,,,,,,176,67,26,,,,,1,0,0,,,,,,,,,,,,,,,,,,,,,
,2365,,,0,29.071056,,,,,,,176,67,27,,,,,1,0,0,,,,,,,,,,,,,,,,,,,,,
,2366,,,0,29.081472,,,,,,,176,64,114,,,,,1,0,0,,,,,,,,,,,,,,,,,,,,,
307,2367,1,4379,0,29.089284,0.0,0.0,0,G#3,,17,144,56,90,,6010,,,1,0,0,,0.5767195767195767,,0.33333333333333337,1,0.0,0.0,0.0,0.0,1.9,4.725,3.399166675000001,0.6847490363568753,0.0,0.0,0.0,0.0,0.0,3.428571,0.7324712,0.9595280308338365
307,2368,1,4379,0,29.091888,0.0,0.0,0,F4,,17,144,65,90,,6010,,,1,0,0,,0.5767195767195767,,0.33333333333333337,1,0.0,0.0,0.0,0.0,1.9,4.725,3.399166675000001,0.6847490363568753,0.0,0.0,0.0,0.0,0.0,3.428571,0.7324712,0.9595280308338365
,2369,,,0,29.091888,,,,,,,176,64,115,,,,,1,0,0,,,,,,,,,,,,,,,,,,,,,
307,2370,1,4379,0,29.094492,0.0,0.0,0,C4,,17,144,60,90,,6010,,,1,0,0,,0.5767195767195767,,0.33333333333333337,1,0.0,0.0,0.0,0.0,1.9,4.725,3.399166675000001,0.6847490363568753,0.0,0.0,0.0,0.0,0.0,3.428571,0.7324712,0.9595280308338365
,2371,,,0,29.099700,,,,,,,176,64,114,,,,,1,0,0,,,,,,,,,,,,,,,,,,,,,
,2372,,,0,29.102304,,,,,,,176,67,26,,,,,1,0,0,,,,,,,,,,,,,,,,,,,,,
,2373,,,0,29.110116,,,,,,,176,67,27,,,,,1,0,0,,,,,,,,,,,,,,,,,,,,,
,2374,,,0,29.120532,,,,,,,176,64,115,,,,,1,0,0,,,,,,,,,,,,,,,,,,,,,
,2375,,,0,29.128344,,,,,,,128,65,0,,,,,1,0,0,,,,,,,,,,,,,,,,,,,,,
,2376,,,0,29.149176,,,,,,,176,64,114,,,,,1,0,0,,,,,,,,,,,,,,,,,,,,,
,2377,,,0,29.162196,,,,,,,176,64,115,,,,,1,0,0,,,,,,,,,,,,,,,,,,,,,
,2378,,,0,29.170008,,,,,,,176,64,114,,,,,1,0,0,,,,,,,,,,,,,,,,,,,,,
,2379,,,0,29.175216,,,,,,,176,67,29,,,,,1,0,0,,,,,,,,,,,,,,,,,,,,,
,2380,,,0,29.175216,,,,,,,128,60,0,,,,,1,0,0,,,,,,,,,,,,,,,,,,,,,
,2381,,,0,29.180424,,,,,,,176,64,113,,,,,1,0,0,,,,,,,,,,,,,,,,,,,,,
,2382,,,0,29.180424,,,,,,,176,67,27,,,,,1,0,0,,,,,,,,,,,,,,,,,,,,,
,2383,,,0,29.190840,,,,,,,176,64,111,,,,,1,0,0,,,,,,,,,,,,,,,,,,,,,
,2384,,,0,29.190840,,,,,,,176,67,29,,,,,1,0,0,,,,,,,,,,,,,,,,,,,,,
,2385,,,0,29.201256,,,,,,,176,67,31,,,,,1,0,0,,,,,,,,,,,,,,,,,,,,,
,2386,,,0,29.209068,,,,,,,176,64,104,,,,,1,0,0,,,,,,,,,,,,,,,,,,,,,
,2387,,,0,29.211672,,,,,,,176,67,33,,,,,1,0,0,,,,,,,,,,,,,,,,,,,,,
,2388,,,0,29.219484,,,,,,,128,56,0,,,,,1,0,0,,,,,,,,,,,,,,,,,,,,,
,2389,,,0,29.219484,,,,,,,176,64,91,,,,,1,0,0,,,,,,,,,,,,,,,,,,,,,
,2390,,,0,29.229900,,,,,,,176,64,68,,,,,1,0,0,,,,,,,,,,,,,,,,,,,,,
,2391,,,0,29.242920,,,,,,,176,64,40,,,,,0,0,0,,,,,,,,,,,,,,,,,,,,,
,2392,,,0,29.250732,,,,,,,176,64,15,,,,,0,0,0,,,,,,,,,,,,,,,,,,,,,
,2393,,,0,29.261148,,,,,,,176,64,8,,,,,0,0,0,,,,,,,,,,,,,,,,,,,,,
,2394,,,0,29.279376,,,,,,,176,64,7,,,,,0,0,0,,,,,,,,,,,,,,,,,,,,,
,2395,,,0,29.289792,,,,,,,176,64,8,,,,,0,0,0,,,,,,,,,,,,,,,,,,,,,
,2396,,,0,29.300208,,,,,,,176,67,34,,,,,0,0,0,,,,,,,,,,,,,,,,,,,,,
,2397,,,0,29.313228,,,,,,,176,64,7,,,,,0,0,0,,,,,,,,,,,,,,,,,,,,,
,2398,,,0,29.321040,,,,,,,176,64,8,,,,,0,0,0,,,,,,,,,,,,,,,,,,,,,
,2399,,,0,29.321040,,,,,,,176,67,33,,,,,0,0,0,,,,,,,,,,,,,,,,,,,,,
,2400,,,0,29.323644,,,,,,,128,77,0,,,,,0,0,0,,,,,,,,,,,,,,,,,,,,,
,2401,,,0,29.328852,,,,,,,176,64,7,,,,,0,0,0,,,,,,,,,,,,,,,,,,,,,
,2402,,,0,29.331456,,,,,,,176,67,34,,,,,0,0,0,,,,,,,,,,,,,,,,,,,,,
,2403,,,0,29.341872,,,,,,,176,64,8,,,,,0,0,0,,,,,,,,,,,,,,,,,,,,,
,2404,,,0,29.341872,,,,,,,176,67,33,,,,,0,0,0,,,,,,,,,,,,,,,,,,,,,
,2405,,,0,29.349684,,,,,,,176,64,7,,,,,0,0,0,,,,,,,,,,,,,,,,,,,,,
307,2406,1,4380,0,29.357496,0.0,0.0,0,G3,,5,144,55,26,,6010,,,0,0,0,,0.5767195767195767,,0.33333333333333337,1,0.0,0.0,0.0,0.0,1.9,4.725,3.399166675000001,0.6847490363568753,0.0,0.0,0.0,0.0,0.0,3.428571,0.7324712,0.9595280308338365
,2407,,,0,29.360100,,,,,,,176,67,34,,,,,0,0,0,,,,,,,,,,,,,,,,,,,,,
,2408,,,0,29.380932,,,,,,,176,64,8,,,,,0,0,0,,,,,,,,,,,,,,,,,,,,,
,2409,,,0,29.399160,,,,,,,176,64,7,,,,,0,0,0,,,,,,,,,,,,,,,,,,,,,
,2410,,,0,29.409576,,,,,,,176,64,11,,,,,0,0,0,,,,,,,,,,,,,,,,,,,,,
,2411,,,0,29.412180,,,,,,,176,67,33,,,,,0,0,0,,,,,,,,,,,,,,,,,,,,,
,2412,,,0,29.430408,,,,,,,176,64,12,,,,,0,0,0,,,,,,,,,,,,,,,,,,,,,
,2413,,,0,29.430408,,,,,,,176,67,34,,,,,0,0,0,,,,,,,,,,,,,,,,,,,,,
,2414,,,0,29.440824,,,,,,,176,67,36,,,,,0,0,0,,,,,,,,,,,,,,,,,,,,,
,2415,,,0,29.451240,,,,,,,176,67,35,,,,,0,0,0,,,,,,,,,,,,,,,,,,,,,
,2416,,,0,29.459052,,,,,,,176,64,15,,,,,0,0,0,,,,,,,,,,,,,,,,,,,,,
,2417,,,0,29.461656,,,,,,,176,67,37,,,,,0,0,0,,,,,,,,,,,,,,,,,,,,,
307,2418,1,4381,0,29.461656,0.0,0.0,0,F#3,,5,144,54,26,,6010,,,0,0,0,,0.5767195767195767,,0.33333333333333337,1,0.0,0.0,0.0,0.0,1.9,4.725,3.399166675000001,0.6847490363568753,0.0,0.0,0.0,0.0,0.0,3.428571,0.7324712,0.9595280308338365
,2419,,,0,29.469468,,,,,,,176,64,16,,,,,0,0,0,,,,,,,,,,,,,,,,,,,,,
,2420,,,0,29.472072,,,,,,,176,67,35,,,,,0,0,0,,,,,,,,,,,,,,,,,,,,,
,2421,,,0,29.479884,,,,,,,176,64,19,,,,,0,0,0,,,,,,,,,,,,,,,,,,,,,
,2422,,,0,29.479884,,,,,,,176,67,37,,,,,0,0,0,,,,,,,,,,,,,,,,,,,,,
,2423,,,0,29.490300,,,,,,,176,67,40,,,,,0,0,0,,,,,,,,,,,,,,,,,,,,,
,2424,,,0,29.490300,,,,,,,128,55,0,,,,,0,0,0,,,,,,,,,,,,,,,,,,,,,
,2425,,,0,29.500716,,,,,,,176,64,20,,,,,0,0,0,,,,,,,,,,,,,,,,,,,,,
,2426,,,0,29.511132,,,,,,,176,64,23,,,,,0,0,0,,,,,,,,,,,,,,,,,,,,,
,2427,,,0,29.511132,,,,,,,176,67,41,,,,,0,0,0,,,,,,,,,,,,,,,,,,,,,
,2428,,,0,29.518944,,,,,,,176,67,44,,,,,0,0,0,,,,,,,,,,,,,,,,,,,,,
,2429,,,0,29.529360,,,,,,,176,64,24,,,,,0,0,0,,,,,,,,,,,,,,,,,,,,,
,2430,,,0,29.531964,,,,,,,176,67,47,,,,,0,0,0,,,,,,,,,,,,,,,,,,,,,
,2431,,,0,29.539776,,,,,,,176,64,26,,,,,0,0,0,,,,,,,,,,,,,,,,,,,,,
,2432,,,0,29.550192,,,,,,,176,64,27,,,,,0,0,0,,,,,,,,,,,,,,,,,,,,,
,2433,,,0,29.560608,,,,,,,176,67,52,,,,,0,0,0,,,,,,,,,,,,,,,,,,,,,
,2434,,,0,29.571024,,,,,,,176,67,53,,,,,0,0,0,,,,,,,,,,,,,,,,,,,,,
,2435,,,0,29.578836,,,,,,,176,64,29,,,,,0,0,0,,,,,,,,,,,,,,,,,,,,,
,2436,,,0,29.589252,,,,,,,176,64,32,,,,,0,0,0,,,,,,,,,,,,,,,,,,,,,
,2437,,,0,29.591856,,,,,,,176,67,54,,,,,0,0,0,,,,,,,,,,,,,,,,,,,,,
,2438,,,0,29.599668,,,,,,,176,64,35,,,,,0,0,0,,,,,,,,,,,,,,,,,,,,,
,2439,,,0,29.602272,,,,,,,176,67,53,,,,,0,0,0,,,,,,,,,,,,,,,,,,,,,
,2440,,,0,29.610084,,,,,,,176,64,41,,,,,0,0,0,,,,,,,,,,,,,,,,,,,,,
,2441,,,0,29.610084,,,,,,,176,67,54,,,,,0,0,0,,,,,,,,,,,,,,,,,,,,,
307,2442,1,4382,0,29.615292,0.0,0.0,0,D4,,5,144,62,26,,6010,,,0,0,0,,0.5767195767195767,,0.33333333333333337,1,0.0,0.0,0.0,0.0,1.9,4.725,3.399166675000001,0.6847490363568753,0.0,0.0,0.0,0.0,0.0,3.428571,0.7324712,0.9595280308338365
,2443,,,0,29.620500,,,,,,,176,64,47,,,,,0,0,0,,,,,,,,,,,,,,,,,,,,,
,2444,,,0,29.620500,,,,,,,176,67,53,,,,,0,0,0,,,,,,,,,,,,,,,,,,,,,
,2445,,,0,29.630916,,,,,,,176,64,55,,,,,0,0,0,,,,,,,,,,,,,,,,,,,,,
,2446,,,0,29.641332,,,,,,,176,64,64,,,,,1,0,0,,,,,,,,,,,,,,,,,,,,,
,2447,,,0,29.649144,,,,,,,176,64,73,,,,,1,0,0,,,,,,,,,,,,,,,,,,,,,
,2448,,,0,29.651748,,,,,,,176,67,54,,,,,1,0,0,,,,,,,,,,,,,,,,,,,,,
,2449,,,0,29.659560,,,,,,,176,64,85,,,,,1,0,0,,,,,,,,,,,,,,,,,,,,,
,2450,,,0,29.669976,,,,,,,176,64,94,,,,,1,0,0,,,,,,,,,,,,,,,,,,,,,
,2451,,,0,29.669976,,,,,,,176,67,53,,,,,1,0,0,,,,,,,,,,,,,,,,,,,,,
,2452,,,0,29.680392,,,,,,,176,64,104,,,,,1,0,0,,,,,,,,,,,,,,,,,,,,,
,2453,,,0,29.690808,,,,,,,176,64,110,,,,,1,0,0,,,,,,,,,,,,,,,,,,,,,
,2454,,,0,29.701224,,,,,,,176,64,111,,,,,1,0,0,,,,,,,,,,,,,,,,,,,,,
307,2455,1,4383,0,29.701224,0.0,0.0,0,A#5,,6,144,82,32,,6010,,,1,0,0,,0.5767195767195767,,0.33333333333333337,1,0.0,0.0,0.0,0.0,1.9,4.725,3.399166675000001,0.6847490363568753,0.0,0.0,0.0,0.0,0.0,3.428571,0.7324712,0.9595280308338365
,2456,,,0,29.709036,,,,,,,176,64,110,,,,,1,0,0,,,,,,,,,,,,,,,,,,,,,
,2457,,,0,29.719452,,,,,,,176,64,111,,,,,1,0,0,,,,,,,,,,,,,,,,,,,,,
,2458,,,0,29.740284,,,,,,,176,67,54,,,,,1,0,0,,,,,,,,,,,,,,,,,,,,,
,2459,,,0,29.750700,,,,,,,128,54,0,,,,,1,0,0,,,,,,,,,,,,,,,,,,,,,
,2460,,,0,29.750700,,,,,,,176,67,53,,,,,1,0,0,,,,,,,,,,,,,,,,,,,,,
,2461,,,0,29.779344,,,,,,,128,62,0,,,,,1,0,0,,,,,,,,,,,,,,,,,,,,,
,2462,,,0,29.779344,,,,,,,176,67,54,,,,,1,0,0,,,,,,,,,,,,,,,,,,,,,
,2463,,,0,29.781948,,,,,,,128,82,0,,,,,1,0,0,,,,,,,,,,,,,,,,,,,,,
,2464,,,0,29.789760,,,,,,,176,64,110,,,,,1,0,0,,,,,,,,,,,,,,,,,,,,,
,2465,,,0,29.792364,,,,,,,176,67,53,,,,,1,0,0,,,,,,,,,,,,,,,,,,,,,
,2466,,,0,29.800176,,,,,,,176,64,111,,,,,1,0,0,,,,,,,,,,,,,,,,,,,,,
,2467,,,0,29.810592,,,,,,,176,67,52,,,,,1,0,0,,,,,,,,,,,,,,,,,,,,,
,2468,,,0,29.821008,,,,,,,176,67,53,,,,,1,0,0,,,,,,,,,,,,,,,,,,,,,
,2469,,,0,29.828820,,,,,,,176,67,52,,,,,1,0,0,,,,,,,,,,,,,,,,,,,,,
307,2470,1,4384,0,29.836632,0.0,0.0,0,F#3,,6,144,54,32,,6010,,,1,0,0,,0.5767195767195767,,0.33333333333333337,1,0.0,0.0,0.0,0.0,1.9,4.725,3.399166675000001,0.6847490363568753,0.0,0.0,0.0,0.0,0.0,3.428571,0.7324712,0.9595280308338365
,2471,,,0,29.849652,,,,,,,176,67,53,,,,,1,0,0,,,,,,,,,,,,,,,,,,,,,
,2472,,,0,29.860068,,,,,,,176,67,52,,,,,1,0,0,,,,,,,,,,,,,,,,,,,,,
,2473,,,0,29.930376,,,,,,,176,67,51,,,,,1,0,0,,,,,,,,,,,,,,,,,,,,,
,2474,,,0,29.940792,,,,,,,176,64,110,,,,,1,0,0,,,,,,,,,,,,,,,,,,,,,
,2475,,,0,29.940792,,,,,,,176,67,53,,,,,1,0,0,,,,,,,,,,,,,,,,,,,,,
307,2476,1,4385,0,29.940792,0.0,0.0,0,D4,,7,144,62,37,,6010,,,1,0,0,,0.5767195767195767,,0.33333333333333337,1,0.0,0.0,0.0,0.0,1.9,4.725,3.399166675000001,0.6847490363568753,0.0,0.0,0.0,0.0,0.0,3.428571,0.7324712,0.9595280308338365
,2477,,,0,29.951208,,,,,,,176,64,111,,,,,1,0,0,,,,,,,,,,,,,,,,,,,,,
,2478,,,0,29.951208,,,,,,,176,67,51,,,,,1,0,0,,,,,,,,,,,,,,,,,,,,,
,2479,,,0,29.959020,,,,,,,176,67,52,,,,,1,0,0,,,,,,,,,,,,,,,,,,,,,
,2480,,,0,29.969436,,,,,,,176,67,51,,,,,1,0,0,,,,,,,,,,,,,,,,,,,,,
,2481,,,0,29.979852,,,,,,,176,67,50,,,,,1,0,0,,,,,,,,,,,,,,,,,,,,,
,2482,,,0,30.000684,,,,,,,176,67,49,,,,,1,0,0,,,,,,,,,,,,,,,,,,,,,
,2483,,,0,30.003288,,,,,,,128,54,0,,,,,1,0,0,,,,,,,,,,,,,,,,,,,,,
,2484,,,0,30.011100,,,,,,,176,67,48,,,,,1,0,0,,,,,,,,,,,,,,,,,,,,,
307,2485,1,4386,0,30.029328,0.0,0.0,0,A#5,,8,144,82,42,,6010,,,1,0,0,,0.5767195767195767,,0.33333333333333337,1,0.0,0.0,0.0,0.0,1.9,4.725,3.399166675000001,0.6847490363568753,0.0,0.0,0.0,0.0,0.0,3.428571,0.7324712,0.9595280308338365
,2486,,,0,30.029328,,,,,,,176,64,110,,,,,1,0,0,,,,,,,,,,,,,,,,,,,,,
,2487,,,0,30.031932,,,,,,,176,67,47,,,,,1,0,0,,,,,,,,,,,,,,,,,,,,,
,2488,,,0,30.039744,,,,,,,176,64,111,,,,,1,0,0,,,,,,,,,,,,,,,,,,,,,
,2489,,,0,30.039744,,,,,,,176,67,48,,,,,1,0,0,,,,,,,,,,,,,,,,,,,,,
,2490,,,0,30.047556,,,,,,,128,62,0,,,,,1,0,0,,,,,,,,,,,,,,,,,,,,,
,2491,,,0,30.050160,,,,,,,176,67,47,,,,,1,0,0,,,,,,,,,,,,,,,,,,,,,
,2492,,,0,30.078804,,,,,,,176,67,50,,,,,1,0,0,,,,,,,,,,,,,,,,,,,,,
,2493,,,0,30.089220,,,,,,,176,67,47,,,,,1,0,0,,,,,,,,,,,,,,,,,,,,,
,2494,,,0,30.120468,,,,,,,176,67,48,,,,,1,0,0,,,,,,,,,,,,,,,,,,,,,
,2495,,,0,30.130884,,,,,,,176,67,47,,,,,1,0,0,,,,,,,,,,,,,,,,,,,,,
,2496,,,0,30.149112,,,,,,,176,67,48,,,,,1,0,0,,,,,,,,,,,,,,,,,,,,,
,2497,,,0,30.159528,,,,,,,176,67,47,,,,,1,0,0,,,,,,,,,,,,,,,,,,,,,
307,2498,1,4387,0,30.164736,0.0,0.0,0,G#5,,8,144,80,42,,6010,,,1,0,0,,0.5767195767195767,,0.33333333333333337,1,0.0,0.0,0.0,0.0,1.9,4.725,3.399166675000001,0.6847490363568753,0.0,0.0,0.0,0.0,0.0,3.428571,0.7324712,0.9595280308338365
,2499,,,0,30.167340,,,,,,,128,82,0,,,,,1,0,0,,,,,,,,,,,,,,,,,,,,,
,2500,,,0,30.169944,,,,,,,176,67,48,,,,,1,0,0,,,,,,,,,,,,,,,,,,,,,
,2501,,,0,30.180360,,,,,,,176,67,47,,,,,1,0,0,,,,,,,,,,,,,,,,,,,,,
,2502,,,0,30.190776,,,,,,,176,67,48,,,,,1,0,0,,,,,,,,,,,,,,,,,,,,,
,2503,,,0,30.201192,,,,,,,176,67,47,,,,,1,0,0,,,,,,,,,,,,,,,,,,,,,
,2504,,,0,30.209004,,,,,,,176,67,50,,,,,1,0,0,,,,,,,,,,,,,,,,,,,,,
,2505,,,0,30.219420,,,,,,,176,67,47,,,,,1,0,0,,,,,,,,,,,,,,,,,,,,,
307,2506,1,4388,0,30.224628,0.0,0.0,0,D4,,9,144,62,48,,6010,,,1,0,0,,0.5767195767195767,,0.33333333333333337,1,0.0,0.0,0.0,0.0,1.9,4.725,3.399166675000001,0.6847490363568753,0.0,0.0,0.0,0.0,0.0,3.428571,0.7324712,0.9595280308338365
307,2507,1,4388,0,30.224628,0.0,0.0,0,F#3,,9,144,54,48,,6010,,,1,0,0,,0.5767195767195767,,0.33333333333333337,1,0.0,0.0,0.0,0.0,1.9,4.725,3.399166675000001,0.6847490363568753,0.0,0.0,0.0,0.0,0.0,3.428571,0.7324712,0.9595280308338365
,2508,,,0,30.240252,,,,,,,176,67,48,,,,,1,0,0,,,,,,,,,,,,,,,,,,,,,
,2509,,,0,30.250668,,,,,,,176,67,47,,,,,1,0,0,,,,,,,,,,,,,,,,,,,,,
,2510,,,0,30.279312,,,,,,,176,67,46,,,,,1,0,0,,,,,,,,,,,,,,,,,,,,,
,2511,,,0,30.289728,,,,,,,176,67,47,,,,,1,0,0,,,,,,,,,,,,,,,,,,,,,
307,2512,1,4389,0,30.344412,0.0,0.0,0,G#4,,13,144,68,69,,6010,,,1,0,0,,0.5767195767195767,,0.33333333333333337,1,0.0,0.0,0.0,0.0,1.9,4.725,3.399166675000001,0.6847490363568753,0.0,0.0,0.0,0.0,0.0,3.428571,0.7324712,0.9595280308338365
,2513,,,0,30.349620,,,,,,,128,54,0,,,,,1,0,0,,,,,,,,,,,,,,,,,,,,,
,2514,,,0,30.360036,,,,,,,128,62,0,,,,,1,0,0,,,,,,,,,,,,,,,,,,,,,
,2515,,,0,30.380868,,,,,,,176,64,110,,,,,1,0,0,,,,,,,,,,,,,,,,,,,,,
,2516,,,0,30.383472,,,,,,,128,80,0,,,,,1,0,0,,,,,,,,,,,,,,,,,,,,,
,2517,,,0,30.391284,,,,,,,176,64,111,,,,,1,0,0,,,,,,,,,,,,,,,,,,,,,
,2518,,,0,30.432948,,,,,,,176,64,110,,,,,1,0,0,,,,,,,,,,,,,,,,,,,,,
,2519,,,0,30.440760,,,,,,,176,64,111,,,,,1,0,0,,,,,,,,,,,,,,,,,,,,,
307,2520,1,4390,0,30.495444,0.0,0.0,0,F#3,,17,144,54,90,,6010,,,1,0,0,,0.5767195767195767,,0.33333333333333337,1,0.0,0.0,0.0,0.0,1.9,4.725,3.399166675000001,0.6847490363568753,0.0,0.0,0.0,0.0,0.0,3.428571,0.7324712,0.9595280308338365
,2521,,,0,30.498048,,,,,,,128,68,0,,,,,1,0,0,,,,,,,,,,,,,,,,,,,,,
307,2522,1,4390,0,30.500652,0.0,0.0,0,D4,,17,144,62,90,,6010,,,1,0,0,,0.5767195767195767,,0.33333333333333337,1,0.0,0.0,0.0,0.0,1.9,4.725,3.399166675000001,0.6847490363568753,0.0,0.0,0.0,0.0,0.0,3.428571,0.7324712,0.9595280308338365
,2523,,,0,30.503256,,,,,,,176,67,46,,,,,1,0,0,,,,,,,,,,,,,,,,,,,,,
,2524,,,0,30.513672,,,,,,,176,67,47,,,,,1,0,0,,,,,,,,,,,,,,,,,,,,,
,2525,,,0,30.578772,,,,,,,128,62,0,,,,,1,0,0,,,,,,,,,,,,,,,,,,,,,
,2526,,,0,30.602208,,,,,,,128,54,0,,,,,1,0,0,,,,,,,,,,,,,,,,,,,,,
,2527,,,0,30.651684,,,,,,,176,67,46,,,,,1,0,0,,,,,,,,,,,,,,,,,,,,,
,2528,,,0,30.662100,,,,,,,176,67,47,,,,,1,0,0,,,,,,,,,,,,,,,,,,,,,
307,2529,1,4391,0,30.675120,0.0,0.0,0,A#5,,8,144,82,42,,6010,,,1,0,0,,0.5767195767195767,,0.33333333333333337,1,0.0,0.0,0.0,0.0,1.9,4.725,3.399166675000001,0.6847490363568753,0.0,0.0,0.0,0.0,0.0,3.428571,0.7324712,0.9595280308338365
,2530,,,0,30.701160,,,,,,,176,64,110,,,,,1,0,0,,,,,,,,,,,,,,,,,,,,,
,2531,,,0,30.711576,,,,,,,176,64,111,,,,,1,0,0,,,,,,,,,,,,,,,,,,,,,
,2532,,,0,30.750636,,,,,,,176,67,46,,,,,1,0,0,,,,,,,,,,,,,,,,,,,,,
,2533,,,0,30.761052,,,,,,,176,67,47,,,,,1,0,0,,,,,,,,,,,,,,,,,,,,,
,2534,,,0,30.779280,,,,,,,176,67,46,,,,,1,0,0,,,,,,,,,,,,,,,,,,,,,
,2535,,,0,30.789696,,,,,,,176,67,47,,,,,1,0,0,,,,,,,,,,,,,,,,,,,,,
307,2536,1,4392,0,30.807924,0.0,0.0,0,G#4,,9,144,68,48,,6010,,,1,0,0,,0.5767195767195767,,0.33333333333333337,1,0.0,0.0,0.0,0.0,1.9,4.725,3.399166675000001,0.6847490363568753,0.0,0.0,0.0,0.0,0.0,3.428571,0.7324712,0.9595280308338365
,2537,,,0,30.810528,,,,,,,176,64,110,,,,,1,0,0,,,,,,,,,,,,,,,,,,,,,
,2538,,,0,30.820944,,,,,,,176,64,111,,,,,1,0,0,,,,,,,,,,,,,,,,,,,,,
,2539,,,0,30.852192,,,,,,,128,82,0,,,,,1,0,0,,,,,,,,,,,,,,,,,,,,,
307,2540,1,4393,0,30.883440,0.0,0.0,0,D3,,9,144,50,48,,6010,,,1,0,0,,0.5767195767195767,,0.33333333333333337,1,0.0,0.0,0.0,0.0,1.9,4.725,3.399166675000001,0.6847490363568753,0.0,0.0,0.0,0.0,0.0,3.428571,0.7324712,0.9595280308338365
,2541,,,0,30.958956,,,,,,,128,68,0,,,,,1,0,0,,,,,,,,,,,,,,,,,,,,,
,2542,,,0,31.011036,,,,,,,176,64,110,,,,,1,0,0,,,,,,,,,,,,,,,,,,,,,
,2543,,,0,31.021452,,,,,,,176,64,111,,,,,1,0,0,,,,,,,,,,,,,,,,,,,,,
,2544,,,0,31.031868,,,,,,,176,67,46,,,,,1,0,0,,,,,,,,,,,,,,,,,,,,,
307,2545,1,4394,0,31.037076,0.0,0.0,0,F#2,,10,144,42,53,,6010,,,1,0,0,,0.5767195767195767,,0.33333333333333337,1,0.0,0.0,0.0,0.0,1.9,4.725,3.399166675000001,0.6847490363568753,0.0,0.0,0.0,0.0,0.0,3.428571,0.7324712,0.9595280308338365
,2546,,,0,31.050096,,,,,,,176,67,47,,,,,1,0,0,,,,,,,,,,,,,,,,,,,,,
,2547,,,0,31.091760,,,,,,,176,64,110,,,,,1,0,0,,,,,,,,,,,,,,,,,,,,,
,2548,,,0,31.091760,,,,,,,176,67,46,,,,,1,0,0,,,,,,,,,,,,,,,,,,,,,
,2549,,,0,31.094364,,,,,,,128,50,0,,,,,1,0,0,,,,,,,,,,,,,,,,,,,,,
307,2550,1,4395,0,31.099572,0.0,0.0,0,G#4,,11,144,68,58,,6010,,,1,0,0,,0.5767195767195767,,0.33333333333333337,1,0.0,0.0,0.0,0.0,1.9,4.725,3.399166675000001,0.6847490363568753,0.0,0.0,0.0,0.0,0.0,3.428571,0.7324712,0.9595280308338365
,2551,,,0,31.102176,,,,,,,176,64,111,,,,,1,0,0,,,,,,,,,,,,,,,,,,,,,
,2552,,,0,31.102176,,,,,,,176,67,47,,,,,1,0,0,,,,,,,,,,,,,,,,,,,,,
,2553,,,0,31.201128,,,,,,,128,42,0,,,,,1,0,0,,,,,,,,,,,,,,,,,,,,,
,2554,,,0,31.216752,,,,,,,128,68,0,,,,,1,0,0,,,,,,,,,,,,,,,,,,,,,
307,2555,1,4396,0,31.276644,0.0,0.0,0,F#2,,20,144,42,106,,6010,,,1,0,0,,0.5767195767195767,,0.33333333333333337,1,0.0,0.0,0.0,0.0,1.9,4.725,3.399166675000001,0.6847490363568753,0.0,0.0,0.0,0.0,0.0,3.428571,0.7324712,0.9595280308338365
307,2556,1,4396,0,31.276644,0.0,0.0,0,D3,,20,144,50,106,,6010,,,1,0,0,,0.5767195767195767,,0.33333333333333337,1,0.0,0.0,0.0,0.0,1.9,4.725,3.399166675000001,0.6847490363568753,0.0,0.0,0.0,0.0,0.0,3.428571,0.7324712,0.9595280308338365
,2557,,,0,31.331328,,,,,,,176,64,110,,,,,1,0,0,,,,,,,,,,,,,,,,,,,,,
,2558,,,0,31.341744,,,,,,,176,64,111,,,,,1,0,0,,,,,,,,,,,,,,,,,,,,,
,2559,,,0,31.352160,,,,,,,176,64,110,,,,,1,0,0,,,,,,,,,,,,,,,,,,,,,
,2560,,,0,31.359972,,,,,,,176,64,111,,,,,1,0,0,,,,,,,,,,,,,,,,,,,,,
,2561,,,0,31.370388,,,,,,,176,67,46,,,,,1,0,0,,,,,,,,,,,,,,,,,,,,,
,2562,,,0,31.380804,,,,,,,176,67,47,,,,,1,0,0,,,,,,,,,,,,,,,,,,,,,
,2563,,,0,31.380804,,,,,,,128,42,0,,,,,1,0,0,,,,,,,,,,,,,,,,,,,,,
,2564,,,0,31.383408,,,,,,,128,50,0,,,,,1,0,0,,,,,,,,,,,,,,,,,,,,,
,2565,,,0,31.391220,,,,,,,176,64,110,,,,,1,0,0,,,,,,,,,,,,,,,,,,,,,
307,2566,1,4397,0,31.391220,0.0,0.0,0,A#5,,11,144,82,58,,6010,,,1,0,0,,0.5767195767195767,,0.33333333333333337,1,0.0,0.0,0.0,0.0,1.9,4.725,3.399166675000001,0.6847490363568753,0.0,0.0,0.0,0.0,0.0,3.428571,0.7324712,0.9595280308338365
,2567,,,0,31.401636,,,,,,,176,64,111,,,,,1,0,0,,,,,,,,,,,,,,,,,,,,,
,2568,,,0,31.412052,,,,,,,176,67,46,,,,,1,0,0,,,,,,,,,,,,,,,,,,,,,
,2569,,,0,31.419864,,,,,,,176,67,47,,,,,1,0,0,,,,,,,,,,,,,,,,,,,,,
,2570,,,0,31.430280,,,,,,,176,64,110,,,,,1,0,0,,,,,,,,,,,,,,,,,,,,,
,2571,,,0,31.440696,,,,,,,176,64,111,,,,,1,0,0,,,,,,,,,,,,,,,,,,,,,
,2572,,,0,31.471944,,,,,,,176,64,110,,,,,1,0,0,,,,,,,,,,,,,,,,,,,,,
,2573,,,0,31.479756,,,,,,,176,64,111,,,,,1,0,0,,,,,,,,,,,,,,,,,,,,,
308,2574,1,4398,0,31.547460,0.0,0.0,0,G#5,,12,144,80,64,,6010,,,1,0,0,,0.5767195767195767,,0.33333333333333337,1,0.0,0.0,0.0,0.0,1.9,4.725,3.399166675000001,0.6847490363568753,0.0,0.0,0.0,0.0,0.0,3.428571,0.7324712,0.9595280308338365
,2575,,,0,31.550064,,,,,,,176,64,110,,,,,1,0,0,,,,,,,,,,,,,,,,,,,,,
,2576,,,0,31.560480,,,,,,,176,64,111,,,,,1,0,0,,,,,,,,,,,,,,,,,,,,,
,2577,,,0,31.581312,,,,,,,176,67,46,,,,,1,0,0,,,,,,,,,,,,,,,,,,,,,
,2578,,,0,31.586520,,,,,,,128,82,0,,,,,1,0,0,,,,,,,,,,,,,,,,,,,,,
,2579,,,0,31.591728,,,,,,,176,67,47,,,,,1,0,0,,,,,,,,,,,,,,,,,,,,,
,2580,,,0,31.596936,,,,,,,128,80,0,,,,,1,0,0,,,,,,,,,,,,,,,,,,,,,
,2581,,,0,31.651620,,,,,,,176,67,46,,,,,1,0,0,,,,,,,,,,,,,,,,,,,,,
,2582,,,0,31.662036,,,,,,,176,67,47,,,,,1,0,0,,,,,,,,,,,,,,,,,,,,,
,2583,,,0,31.669848,,,,,,,176,64,110,,,,,1,0,0,,,,,,,,,,,,,,,,,,,,,
,2584,,,0,31.672452,,,,,,,128,73,0,,,,,1,0,0,,,,,,,,,,,,,,,,,,,,,
,2585,,,0,31.680264,,,,,,,176,64,111,,,,,1,0,0,,,,,,,,,,,,,,,,,,,,,
,2586,,,0,31.682868,,,,,,,176,67,46,,,,,1,0,0,,,,,,,,,,,,,,,,,,,,,
,2587,,,0,31.690680,,,,,,,176,67,47,,,,,1,0,0,,,,,,,,,,,,,,,,,,,,,
308,2588,1,4399,0,31.690680,0.0,0.0,0,G6,,12,144,91,64,,6010,,,1,0,0,,0.5767195767195767,,0.33333333333333337,1,0.0,0.0,0.0,0.0,1.9,4.725,3.399166675000001,0.6847490363568753,0.0,0.0,0.0,0.0,0.0,3.428571,0.7324712,0.9595280308338365
,2589,,,0,31.701096,,,,,,,176,67,46,,,,,1,0,0,,,,,,,,,,,,,,,,,,,,,
,2590,,,0,31.711512,,,,,,,176,67,47,,,,,1,0,0,,,,,,,,,,,,,,,,,,,,,
,2591,,,0,31.771404,,,,,,,176,64,110,,,,,1,0,0,,,,,,,,,,,,,,,,,,,,,
,2592,,,0,31.774008,,,,,,,128,91,0,,,,,1,0,0,,,,,,,,,,,,,,,,,,,,,
,2593,,,0,31.789632,,,,,,,176,64,111,,,,,1,0,0,,,,,,,,,,,,,,,,,,,,,
,2594,,,0,31.810464,,,,,,,176,64,110,,,,,1,0,0,,,,,,,,,,,,,,,,,,,,,
,2595,,,0,31.813068,,,,,,,176,67,46,,,,,1,0,0,,,,,,,,,,,,,,,,,,,,,
,2596,,,0,31.820880,,,,,,,176,64,111,,,,,1,0,0,,,,,,,,,,,,,,,,,,,,,
308,2597,1,4400,0,31.828692,0.0,0.0,0,D4,,13,144,62,69,,6010,,,1,0,0,,0.5767195767195767,,0.33333333333333337,1,0.0,0.0,0.0,0.0,1.9,4.725,3.399166675000001,0.6847490363568753,0.0,0.0,0.0,0.0,0.0,3.428571,0.7324712,0.9595280308338365
,2598,,,0,31.841712,,,,,,,176,64,110,,,,,1,0,0,,,,,,,,,,,,,,,,,,,,,
,2599,,,0,31.844316,,,,,,,176,67,47,,,,,1,0,0,,,,,,,,,,,,,,,,,,,,,
,2600,,,0,31.852128,,,,,,,176,64,111,,,,,1,0,0,,,,,,,,,,,,,,,,,,,,,
,2601,,,0,31.854732,,,,,,,176,67,46,,,,,1,0,0,,,,,,,,,,,,,,,,,,,,,
,2602,,,0,31.870356,,,,,,,176,67,47,,,,,1,0,0,,,,,,,,,,,,,,,,,,,,,
,2603,,,0,31.880772,,,,,,,176,67,45,,,,,1,0,0,,,,,,,,,,,,,,,,,,,,,
,2604,,,0,31.888584,,,,,,,176,67,43,,,,,1,0,0,,,,,,,,,,,,,,,,,,,,,
,2605,,,0,31.899000,,,,,,,176,64,110,,,,,1,0,0,,,,,,,,,,,,,,,,,,,,,
,2606,,,0,31.901604,,,,,,,176,67,45,,,,,1,0,0,,,,,,,,,,,,,,,,,,,,,
,2607,,,0,31.909416,,,,,,,176,64,111,,,,,1,0,0,,,,,,,,,,,,,,,,,,,,,
,2608,,,0,31.912020,,,,,,,176,67,43,,,,,1,0,0,,,,,,,,,,,,,,,,,,,,,
,2609,,,0,31.922436,,,,,,,176,67,45,,,,,1,0,0,,,,,,,,,,,,,,,,,,,,,
,2610,,,0,31.930248,,,,,,,128,62,0,,,,,1,0,0,,,,,,,,,,,,,,,,,,,,,
,2611,,,0,31.932852,,,,,,,176,67,43,,,,,1,0,0,,,,,,,,,,,,,,,,,,,,,
,2612,,,0,31.951080,,,,,,,176,64,110,,,,,1,0,0,,,,,,,,,,,,,,,,,,,,,
,2613,,,0,31.951080,,,,,,,176,67,44,,,,,1,0,0,,,,,,,,,,,,,,,,,,,,,
308,2614,1,4401,0,31.971912,0.0,0.0,0,G#5,,13,144,80,69,,6010,,,1,0,0,,0.5767195767195767,,0.33333333333333337,1,0.0,0.0,0.0,0.0,1.9,4.725,3.399166675000001,0.6847490363568753,0.0,0.0,0.0,0.0,0.0,3.428571,0.7324712,0.9595280308338365
,2615,,,0,31.979724,,,,,,,176,64,111,,,,,1,0,0,,,,,,,,,,,,,,,,,,,,,
,2616,,,0,31.979724,,,,,,,176,67,42,,,,,1,0,0,,,,,,,,,,,,,,,,,,,,,
,2617,,,0,31.990140,,,,,,,176,67,44,,,,,1,0,0,,,,,,,,,,,,,,,,,,,,,
,2618,,,0,32.000556,,,,,,,176,67,43,,,,,1,0,0,,,,,,,,,,,,,,,,,,,,,
308,2619,1,4402,0,32.005764,0.0,0.0,0,D5,,14,144,74,74,,6010,,,1,0,0,,0.5767195767195767,,0.33333333333333337,1,0.0,0.0,0.0,0.0,1.9,4.725,3.399166675000001,0.6847490363568753,0.0,0.0,0.0,0.0,0.0,3.428571,0.7324712,0.9595280308338365
,2620,,,0,32.010972,,,,,,,176,67,44,,,,,1,0,0,,,,,,,,,,,,,,,,,,,,,
,2621,,,0,32.021388,,,,,,,176,67,43,,,,,1,0,0,,,,,,,,,,,,,,,,,,,,,
,2622,,,0,32.039616,,,,,,,176,67,40,,,,,1,0,0,,,,,,,,,,,,,,,,,,,,,
,2623,,,0,32.070864,,,,,,,176,64,110,,,,,1,0,0,,,,,,,,,,,,,,,,,,,,,
,2624,,,0,32.073468,,,,,,,128,80,0,,,,,1,0,0,,,,,,,,,,,,,,,,,,,,,
,2625,,,0,32.078676,,,,,,,176,64,111,,,,,1,0,0,,,,,,,,,,,,,,,,,,,,,
,2626,,,0,32.083884,,,,,,,128,74,0,,,,,1,0,0,,,,,,,,,,,,,,,,,,,,,
,2627,,,0,32.089092,,,,,,,176,64,110,,,,,1,0,0,,,,,,,,,,,,,,,,,,,,,
,2628,,,0,32.091696,,,,,,,176,67,41,,,,,1,0,0,,,,,,,,,,,,,,,,,,,,,
,2629,,,0,32.099508,,,,,,,176,67,40,,,,,1,0,0,,,,,,,,,,,,,,,,,,,,,
,2630,,,0,32.109924,,,,,,,176,64,111,,,,,1,0,0,,,,,,,,,,,,,,,,,,,,,
,2631,,,0,32.109924,,,,,,,176,67,42,,,,,1,0,0,,,,,,,,,,,,,,,,,,,,,
,2632,,,0,32.120340,,,,,,,176,64,110,,,,,1,0,0,,,,,,,,,,,,,,,,,,,,,
,2633,,,0,32.120340,,,,,,,176,67,44,,,,,1,0,0,,,,,,,,,,,,,,,,,,,,,
,2634,,,0,32.130756,,,,,,,176,64,111,,,,,1,0,0,,,,,,,,,,,,,,,,,,,,,
,2635,,,0,32.130756,,,,,,,176,67,46,,,,,1,0,0,,,,,,,,,,,,,,,,,,,,,
308,2636,1,4403,0,32.133360,0.0,0.0,0,G#5,,15,144,80,80,,6010,,,1,0,0,,0.5767195767195767,,0.33333333333333337,1,0.0,0.0,0.0,0.0,1.9,4.725,3.399166675000001,0.6847490363568753,0.0,0.0,0.0,0.0,0.0,3.428571,0.7324712,0.9595280308338365
,2637,,,0,32.141172,,,,,,,176,67,47,,,,,1,0,0,,,,,,,,,,,,,,,,,,,,,
308,2638,1,4403,0,32.159400,0.0,0.0,0,G6,,15,144,91,80,,6010,,,1,0,0,,0.5767195767195767,,0.33333333333333337,1,0.0,0.0,0.0,0.0,1.9,4.725,3.399166675000001,0.6847490363568753,0.0,0.0,0.0,0.0,0.0,3.428571,0.7324712,0.9595280308338365
0,2639,1,0,0,32.180232,0.0,0.0,0,D6,,-1,144,86,32,,,,,1,0,0,,,,,,,,,,,,,,,,,,,,,
,2640,,,0,32.190648,,,,,,,176,64,110,,,,,1,0,0,,,,,,,,,,,,,,,,,,,,,
,2641,,,0,32.198460,,,,,,,128,80,0,,,,,1,0,0,,,,,,,,,,,,,,,,,,,,,
,2642,,,0,32.201064,,,,,,,176,64,111,,,,,1,0,0,,,,,,,,,,,,,,,,,,,,,
,2643,,,0,32.240124,,,,,,,128,86,0,,,,,1,0,0,,,,,,,,,,,,,,,,,,,,,
,2644,,,0,32.258352,,,,,,,128,91,0,,,,,1,0,0,,,,,,,,,,,,,,,,,,,,,
308,2645,1,4404,0,32.281788,0.0,0.0,0,D3,,11,144,50,58,,6010,,,1,0,0,,0.5767195767195767,,0.33333333333333337,1,0.0,0.0,0.0,0.0,1.9,4.725,3.399166675000001,0.6847490363568753,0.0,0.0,0.0,0.0,0.0,3.428571,0.7324712,0.9595280308338365
,2646,,,0,32.341680,,,,,,,176,67,46,,,,,1,0,0,,,,,,,,,,,,,,,,,,,,,
,2647,,,0,32.352096,,,,,,,176,67,47,,,,,1,0,0,,,,,,,,,,,,,,,,,,,,,
,2648,,,0,32.359908,,,,,,,176,64,110,,,,,1,0,0,,,,,,,,,,,,,,,,,,,,,
,2649,,,0,32.370324,,,,,,,176,64,111,,,,,1,0,0,,,,,,,,,,,,,,,,,,,,,
,2650,,,0,32.380740,,,,,,,176,67,46,,,,,1,0,0,,,,,,,,,,,,,,,,,,,,,
,2651,,,0,32.391156,,,,,,,176,67,45,,,,,1,0,0,,,,,,,,,,,,,,,,,,,,,
,2652,,,0,32.401572,,,,,,,176,67,46,,,,,1,0,0,,,,,,,,,,,,,,,,,,,,,
,2653,,,0,32.411988,,,,,,,176,67,43,,,,,1,0,0,,,,,,,,,,,,,,,,,,,,,
,2654,,,0,32.419800,,,,,,,176,67,44,,,,,1,0,0,,,,,,,,,,,,,,,,,,,,,
308,2655,1,4405,0,32.425008,0.0,0.0,0,F#2,,12,144,42,64,,6010,,,1,0,0,,0.5767195767195767,,0.33333333333333337,1,0.0,0.0,0.0,0.0,1.9,4.725,3.399166675000001,0.6847490363568753,0.0,0.0,0.0,0.0,0.0,3.428571,0.7324712,0.9595280308338365
,2656,,,0,32.430216,,,,,,,176,67,43,,,,,1,0,0,,,,,,,,,,,,,,,,,,,,,
,2657,,,0,32.445840,,,,,,,128,50,0,,,,,1,0,0,,,,,,,,,,,,,,,,,,,,,
,2658,,,0,32.451048,,,,,,,176,67,44,,,,,1,0,0,,,,,,,,,,,,,,,,,,,,,
,2659,,,0,32.461464,,,,,,,176,67,42,,,,,1,0,0,,,,,,,,,,,,,,,,,,,,,
,2660,,,0,32.471880,,,,,,,176,67,43,,,,,1,0,0,,,,,,,,,,,,,,,,,,,,,
,2661,,,0,32.479692,,,,,,,176,64,110,,,,,1,0,0,,,,,,,,,,,,,,,,,,,,,
,2662,,,0,32.490108,,,,,,,176,64,111,,,,,1,0,0,,,,,,,,,,,,,,,,,,,,,
,2663,,,0,32.492712,,,,,,,176,67,45,,,,,1,0,0,,,,,,,,,,,,,,,,,,,,,
,2664,,,0,32.500524,,,,,,,176,67,43,,,,,1,0,0,,,,,,,,,,,,,,,,,,,,,
,2665,,,0,32.510940,,,,,,,176,67,42,,,,,1,0,0,,,,,,,,,,,,,,,,,,,,,
,2666,,,0,32.521356,,,,,,,176,67,41,,,,,1,0,0,,,,,,,,,,,,,,,,,,,,,
,2667,,,0,32.531772,,,,,,,176,67,42,,,,,1,0,0,,,,,,,,,,,,,,,,,,,,,
,2668,,,0,32.539584,,,,,,,176,67,40,,,,,1,0,0,,,,,,,,,,,,,,,,,,,,,
,2669,,,0,32.550000,,,,,,,176,67,41,,,,,1,0,0,,,,,,,,,,,,,,,,,,,,,
,2670,,,0,32.560416,,,,,,,176,64,110,,,,,1,0,0,,,,,,,,,,,,,,,,,,,,,
,2671,,,0,32.570832,,,,,,,176,64,111,,,,,1,0,0,,,,,,,,,,,,,,,,,,,,,
,2672,,,0,32.570832,,,,,,,176,67,40,,,,,1,0,0,,,,,,,,,,,,,,,,,,,,,
,2673,,,0,32.620308,,,,,,,176,64,110,,,,,1,0,0,,,,,,,,,,,,,,,,,,,,,
,2674,,,0,32.625516,,,,,,,128,42,0,,,,,1,0,0,,,,,,,,,,,,,,,,,,,,,
,2675,,,0,32.630724,,,,,,,176,64,111,,,,,1,0,0,,,,,,,,,,,,,,,,,,,,,
308,2676,1,4406,0,32.651556,0.0,0.0,0,D3,,12,144,50,64,,6010,,,1,0,0,,0.5767195767195767,,0.33333333333333337,1,0.0,0.0,0.0,0.0,1.9,4.725,3.399166675000001,0.6847490363568753,0.0,0.0,0.0,0.0,0.0,3.428571,0.7324712,0.9595280308338365
308,2677,1,4406,0,32.656764,0.0,0.0,0,D5,,12,144,74,64,,6010,,,1,0,0,,0.5767195767195767,,0.33333333333333337,1,0.0,0.0,0.0,0.0,1.9,4.725,3.399166675000001,0.6847490363568753,0.0,0.0,0.0,0.0,0.0,3.428571,0.7324712,0.9595280308338365
0,2678,1,0,0,32.656764,0.0,0.0,0,C#5,,-1,144,73,24,,,,,1,0,0,,,,,,,,,,,,,,,,,,,,,
,2679,,,0,32.685408,,,,,,,128,50,0,,,,,1,0,0,,,,,,,,,,,,,,,,,,,,,
,2680,,,0,32.740092,,,,,,,128,73,0,,,,,1,0,0,,,,,,,,,,,,,,,,,,,,,
,2681,,,0,32.760924,,,,,,,176,64,110,,,,,1,0,0,,,,,,,,,,,,,,,,,,,,,
,2682,,,0,32.760924,,,,,,,176,67,41,,,,,1,0,0,,,,,,,,,,,,,,,,,,,,,
,2683,,,0,32.771340,,,,,,,176,64,111,,,,,1,0,0,,,,,,,,,,,,,,,,,,,,,
,2684,,,0,32.771340,,,,,,,176,67,40,,,,,1,0,0,,,,,,,,,,,,,,,,,,,,,
,2685,,,0,32.880708,,,,,,,176,64,110,,,,,1,0,0,,,,,,,,,,,,,,,,,,,,,
,2686,,,0,32.891124,,,,,,,176,64,111,,,,,1,0,0,,,,,,,,,,,,,,,,,,,,,
,2687,,,0,32.940600,,,,,,,176,64,110,,,,,1,0,0,,,,,,,,,,,,,,,,,,,,,
,2688,,,0,32.951016,,,,,,,176,64,111,,,,,1,0,0,,,,,,,,,,,,,,,,,,,,,
0,2689,1,0,0,32.958828,0.0,0.0,0,F#1,,-1,144,30,54,,,,,1,0,0,,,,,,,,,,,,,,,,,,,,,
308,2690,1,4407,0,33.081216,0.0,0.0,0,A#5,,14,144,82,74,,6010,,,1,0,0,,0.5767195767195767,,0.33333333333333337,1,0.0,0.0,0.0,0.0,1.9,4.725,3.399166675000001,0.6847490363568753,0.0,0.0,0.0,0.0,0.0,3.428571,0.7324712,0.9595280308338365
,2691,,,0,33.141108,,,,,,,176,67,39,,,,,1,0,0,,,,,,,,,,,,,,,,,,,,,
,2692,,,0,33.151524,,,,,,,176,67,40,,,,,1,0,0,,,,,,,,,,,,,,,,,,,,,
,2693,,,0,33.151524,,,,,,,128,30,0,,,,,1,0,0,,,,,,,,,,,,,,,,,,,,,
,2694,,,0,33.182772,,,,,,,176,67,39,,,,,1,0,0,,,,,,,,,,,,,,,,,,,,,
,2695,,,0,33.193188,,,,,,,176,64,110,,,,,1,0,0,,,,,,,,,,,,,,,,,,,,,
,2696,,,0,33.193188,,,,,,,176,67,36,,,,,1,0,0,,,,,,,,,,,,,,,,,,,,,
,2697,,,0,33.201000,,,,,,,176,64,111,,,,,1,0,0,,,,,,,,,,,,,,,,,,,,,
,2698,,,0,33.201000,,,,,,,176,67,34,,,,,1,0,0,,,,,,,,,,,,,,,,,,,,,
,2699,,,0,33.211416,,,,,,,176,67,35,,,,,1,0,0,,,,,,,,,,,,,,,,,,,,,
,2700,,,0,33.221832,,,,,,,176,67,36,,,,,1,0,0,,,,,,,,,,,,,,,,,,,,,
,2701,,,0,33.221832,,,,,,,128,82,0,,,,,1,0,0,,,,,,,,,,,,,,,,,,,,,
,2702,,,0,33.229644,,,,,,,176,67,35,,,,,1,0,0,,,,,,,,,,,,,,,,,,,,,
,2703,,,0,33.250476,,,,,,,176,67,34,,,,,1,0,0,,,,,,,,,,,,,,,,,,,,,
,2704,,,0,33.263496,,,,,,,176,67,36,,,,,1,0,0,,,,,,,,,,,,,,,,,,,,,
,2705,,,0,33.273912,,,,,,,176,67,34,,,,,1,0,0,,,,,,,,,,,,,,,,,,,,,
,2706,,,0,33.281724,,,,,,,176,67,33,,,,,1,0,0,,,,,,,,,,,,,,,,,,,,,
,2707,,,0,33.289536,,,,,,,176,67,34,,,,,1,0,0,,,,,,,,,,,,,,,,,,,,,
308,2708,1,4409,0,33.294744,0.0,0.0,0,A#5,,15,144,82,80,,6010,,,1,0,0,,0.5767195767195767,,0.33333333333333337,1,0.0,0.0,0.0,0.0,1.9,4.725,3.399166675000001,0.6847490363568753,0.0,0.0,0.0,0.0,0.0,3.428571,0.7324712,0.9595280308338365
,2709,,,0,33.310368,,,,,,,176,67,33,,,,,1,0,0,,,,,,,,,,,,,,,,,,,,,
,2710,,,0,33.320784,,,,,,,128,74,0,,,,,1,0,0,,,,,,,,,,,,,,,,,,,,,
,2711,,,0,33.333804,,,,,,,176,67,34,,,,,1,0,0,,,,,,,,,,,,,,,,,,,,,
,2712,,,0,33.346824,,,,,,,128,82,0,,,,,1,0,0,,,,,,,,,,,,,,,,,,,,,
,2713,,,0,33.349428,,,,,,,176,67,33,,,,,1,0,0,,,,,,,,,,,,,,,,,,,,,
,2714,,,0,33.359844,,,,,,,176,67,34,,,,,1,0,0,,,,,,,,,,,,,,,,,,,,,
,2715,,,0,33.372864,,,,,,,176,67,33,,,,,1,0,0,,,,,,,,,,,,,,,,,,,,,
,2716,,,0,33.380676,,,,,,,176,64,110,,,,,1,0,0,,,,,,,,,,,,,,,,,,,,,
,2717,,,0,33.380676,,,,,,,176,67,34,,,,,1,0,0,,,,,,,,,,,,,,,,,,,,,
,2718,,,0,33.391092,,,,,,,176,64,111,,,,,1,0,0,,,,,,,,,,,,,,,,,,,,,
,2719,,,0,33.401508,,,,,,,176,67,35,,,,,1,0,0,,,,,,,,,,,,,,,,,,,,,
,2720,,,0,33.411924,,,,,,,176,67,34,,,,,1,0,0,,,,,,,,,,,,,,,,,,,,,
308,2721,1,4411,0,33.427548,0.0,0.0,0,G#5,,17,144,80,90,,6010,,,1,0,0,,0.5767195767195767,,0.33333333333333337,1,0.0,0.0,0.0,0.0,1.9,4.725,3.399166675000001,0.6847490363568753,0.0,0.0,0.0,0.0,0.0,3.428571,0.7324712,0.9595280308338365
,2722,,,0,33.440568,,,,,,,176,67,35,,,,,1,0,0,,,,,,,,,,,,,,,,,,,,,
,2723,,,0,33.461400,,,,,,,176,67,34,,,,,1,0,0,,,,,,,,,,,,,,,,,,,,,
0,2724,1,0,0,33.464004,0.0,0.0,0,A#5,,-1,144,82,41,,,,,1,0,0,,,,,,,,,,,,,,,,,,,,,
,2725,,,0,33.490044,,,,,,,176,67,33,,,,,1,0,0,,,,,,,,,,,,,,,,,,,,,
,2726,,,0,33.516084,,,,,,,128,82,0,,,,,1,0,0,,,,,,,,,,,,,,,,,,,,,
,2727,,,0,33.536916,,,,,,,128,80,0,,,,,1,0,0,,,,,,,,,,,,,,,,,,,,,
,2728,,,0,33.539520,,,,,,,176,67,34,,,,,1,0,0,,,,,,,,,,,,,,,,,,,,,
,2729,,,0,33.549936,,,,,,,176,67,33,,,,,1,0,0,,,,,,,,,,,,,,,,,,,,,
308,2730,1,4412,0,33.565560,0.0,0.0,0,A#6,,18,144,94,96,,6010,,,1,0,0,,0.5767195767195767,,0.33333333333333337,1,0.0,0.0,0.0,0.0,1.9,4.725,3.399166675000001,0.6847490363568753,0.0,0.0,0.0,0.0,0.0,3.428571,0.7324712,0.9595280308338365
,2731,,,0,33.641076,,,,,,,176,67,32,,,,,1,0,0,,,,,,,,,,,,,,,,,,,,,
0,2732,1,0,0,33.643680,0.0,0.0,0,G#6,,-1,144,92,1,,,,,1,0,0,,,,,,,,,,,,,,,,,,,,,
,2733,,,0,33.651492,,,,,,,176,67,33,,,,,1,0,0,,,,,,,,,,,,,,,,,,,,,
,2734,,,0,33.669720,,,,,,,176,67,27,,,,,1,0,0,,,,,,,,,,,,,,,,,,,,,
308,2735,1,4413,0,33.677532,0.0,0.0,0,G#5,,19,144,80,101,,6010,,,1,0,0,,0.5767195767195767,,0.33333333333333337,1,0.0,0.0,0.0,0.0,1.9,4.725,3.399166675000001,0.6847490363568753,0.0,0.0,0.0,0.0,0.0,3.428571,0.7324712,0.9595280308338365
,2736,,,0,33.685344,,,,,,,128,94,0,,,,,1,0,0,,,,,,,,,,,,,,,,,,,,,
,2737,,,0,33.753048,,,,,,,128,92,0,,,,,1,0,0,,,,,,,,,,,,,,,,,,,,,
0,2738,1,0,0,33.773880,0.0,0.0,0,A5,,-1,144,81,9,,,,,1,0,0,,,,,,,,,,,,,,,,,,,,,
,2739,,,0,33.776484,,,,,,,128,90,0,,,,,1,0,0,,,,,,,,,,,,,,,,,,,,,
,2740,,,0,33.784296,,,,,,,128,80,0,,,,,1,0,0,,,,,,,,,,,,,,,,,,,,,
,2741,,,0,33.789504,,,,,,,176,67,26,,,,,1,0,0,,,,,,,,,,,,,,,,,,,,,
308,2742,1,4415,0,33.812940,0.0,0.0,0,F#3,,20,144,54,106,,6010,,,1,0,0,,0.5767195767195767,,0.33333333333333337,1,0.0,0.0,0.0,0.0,1.9,4.725,3.399166675000001,0.6847490363568753,0.0,0.0,0.0,0.0,0.0,3.428571,0.7324712,0.9595280308338365
308,2743,1,4415,0,33.818148,0.0,0.0,0,D4,,20,144,62,106,,6010,,,1,0,0,,0.5767195767195767,,0.33333333333333337,1,0.0,0.0,0.0,0.0,1.9,4.725,3.399166675000001,0.6847490363568753,0.0,0.0,0.0,0.0,0.0,3.428571,0.7324712,0.9595280308338365
,2744,,,0,33.831168,,,,,,,176,64,110,,,,,1,0,0,,,,,,,,,,,,,,,,,,,,,
,2745,,,0,33.841584,,,,,,,176,64,111,,,,,1,0,0,,,,,,,,,,,,,,,,,,,,,
,2746,,,0,33.844188,,,,,,,128,81,0,,,,,1,0,0,,,,,,,,,,,,,,,,,,,,,
,2747,,,0,33.849396,,,,,,,176,64,110,,,,,1,0,0,,,,,,,,,,,,,,,,,,,,,
,2748,,,0,33.852000,,,,,,,176,67,27,,,,,1,0,0,,,,,,,,,,,,,,,,,,,,,
,2749,,,0,33.859812,,,,,,,176,64,111,,,,,1,0,0,,,,,,,,,,,,,,,,,,,,,
0,2750,1,0,0,33.945744,0.0,0.0,0,G7,,-1,144,103,63,,,,,1,0,0,,,,,,,,,,,,,,,,,,,,,
,2751,,,0,33.950952,,,,,,,176,67,26,,,,,1,0,0,,,,,,,,,,,,,,,,,,,,,
,2752,,,0,33.961368,,,,,,,176,67,27,,,,,1,0,0,,,,,,,,,,,,,,,,,,,,,
,2753,,,0,33.987408,,,,,,,128,54,0,,,,,1,0,0,,,,,,,,,,,,,,,,,,,,,
,2754,,,0,33.990012,,,,,,,176,67,26,,,,,1,0,0,,,,,,,,,,,,,,,,,,,,,
,2755,,,0,34.000428,,,,,,,128,62,0,,,,,1,0,0,,,,,,,,,,,,,,,,,,,,,
,2756,,,0,34.000428,,,,,,,176,67,27,,,,,1,0,0,,,,,,,,,,,,,,,,,,,,,
,2757,,,0,34.021260,,,,,,,176,67,26,,,,,1,0,0,,,,,,,,,,,,,,,,,,,,,
,2758,,,0,34.031676,,,,,,,176,67,27,,,,,1,0,0,,,,,,,,,,,,,,,,,,,,,
,2759,,,0,34.060320,,,,,,,176,64,110,,,,,1,0,0,,,,,,,,,,,,,,,,,,,,,
,2760,,,0,34.062924,,,,,,,176,67,26,,,,,1,0,0,,,,,,,,,,,,,,,,,,,,,
,2761,,,0,34.070736,,,,,,,176,64,111,,,,,1,0,0,,,,,,,,,,,,,,,,,,,,,
,2762,,,0,34.070736,,,,,,,176,67,27,,,,,1,0,0,,,,,,,,,,,,,,,,,,,,,
,2763,,,0,34.151460,,,,,,,128,103,0,,,,,1,0,0,,,,,,,,,,,,,,,,,,,,,
,2764,,,0,34.172292,,,,,,,176,64,110,,,,,1,0,0,,,,,,,,,,,,,,,,,,,,,
,2765,,,0,34.180104,,,,,,,176,64,111,,,,,1,0,0,,,,,,,,,,,,,,,,,,,,,
308,2766,1,4416,0,34.187916,0.0,0.0,0,G#4,,11,144,68,58,,6010,,,1,0,0,,0.5767195767195767,,0.33333333333333337,1,0.0,0.0,0.0,0.0,1.9,4.725,3.399166675000001,0.6847490363568753,0.0,0.0,0.0,0.0,0.0,3.428571,0.7324712,0.9595280308338365
,2767,,,0,34.190520,,,,,,,176,67,26,,,,,1,0,0,,,,,,,,,,,,,,,,,,,,,
,2768,,,0,34.200936,,,,,,,176,67,27,,,,,1,0,0,,,,,,,,,,,,,,,,,,,,,
,2769,,,0,34.221768,,,,,,,176,64,110,,,,,1,0,0,,,,,,,,,,,,,,,,,,,,,
,2770,,,0,34.229580,,,,,,,176,64,111,,,,,1,0,0,,,,,,,,,,,,,,,,,,,,,
,2771,,,0,34.232184,,,,,,,176,67,26,,,,,1,0,0,,,,,,,,,,,,,,,,,,,,,
,2772,,,0,34.239996,,,,,,,176,67,27,,,,,1,0,0,,,,,,,,,,,,,,,,,,,,,
,2773,,,0,34.289472,,,,,,,176,64,110,,,,,1,0,0,,,,,,,,,,,,,,,,,,,,,
,2774,,,0,34.299888,,,,,,,176,64,111,,,,,1,0,0,,,,,,,,,,,,,,,,,,,,,
,2775,,,0,34.331136,,,,,,,176,67,26,,,,,1,0,0,,,,,,,,,,,,,,,,,,,,,
,2776,,,0,34.341552,,,,,,,128,68,0,,,,,1,0,0,,,,,,,,,,,,,,,,,,,,,
,2777,,,0,34.349364,,,,,,,176,67,27,,,,,1,0,0,,,,,,,,,,,,,,,,,,,,,
308,2778,1,4417,0,34.362384,0.0,0.0,0,D4,,12,144,62,64,,6010,,,1,0,0,,0.5767195767195767,,0.33333333333333337,1,0.0,0.0,0.0,0.0,1.9,4.725,3.399166675000001,0.6847490363568753,0.0,0.0,0.0,0.0,0.0,3.428571,0.7324712,0.9595280308338365
,2779,,,0,34.380612,,,,,,,176,64,110,,,,,1,0,0,,,,,,,,,,,,,,,,,,,,,
,2780,,,0,34.391028,,,,,,,176,64,111,,,,,1,0,0,,,,,,,,,,,,,,,,,,,,,
,2781,,,0,34.411860,,,,,,,176,67,26,,,,,1,0,0,,,,,,,,,,,,,,,,,,,,,
,2782,,,0,34.422276,,,,,,,176,67,27,,,,,1,0,0,,,,,,,,,,,,,,,,,,,,,
308,2783,1,4419,0,34.445712,0.0,0.0,0,A#5,,13,144,82,69,,6010,,,1,0,0,,0.5767195767195767,,0.33333333333333337,1,0.0,0.0,0.0,0.0,1.9,4.725,3.399166675000001,0.6847490363568753,0.0,0.0,0.0,0.0,0.0,3.428571,0.7324712,0.9595280308338365
,2784,,,0,34.450920,,,,,,,176,67,26,,,,,1,0,0,,,,,,,,,,,,,,,,,,,,,
,2785,,,0,34.461336,,,,,,,176,67,27,,,,,1,0,0,,,,,,,,,,,,,,,,,,,,,
308,2786,1,4420,0,34.489980,0.0,0.0,0,G#4,,13,144,68,69,,6010,,,1,0,0,,0.5767195767195767,,0.33333333333333337,1,0.0,0.0,0.0,0.0,1.9,4.725,3.399166675000001,0.6847490363568753,0.0,0.0,0.0,0.0,0.0,3.428571,0.7324712,0.9595280308338365
,2787,,,0,34.500396,,,,,,,176,67,26,,,,,1,0,0,,,,,,,,,,,,,,,,,,,,,
,2788,,,0,34.510812,,,,,,,176,64,110,,,,,1,0,0,,,,,,,,,,,,,,,,,,,,,
,2789,,,0,34.521228,,,,,,,176,64,111,,,,,1,0,0,,,,,,,,,,,,,,,,,,,,,
,2790,,,0,34.523832,,,,,,,176,67,27,,,,,1,0,0,,,,,,,,,,,,,,,,,,,,,
,2791,,,0,34.565496,,,,,,,128,62,0,,,,,1,0,0,,,,,,,,,,,,,,,,,,,,,
,2792,,,0,34.570704,,,,,,,176,67,26,,,,,1,0,0,,,,,,,,,,,,,,,,,,,,,
,2793,,,0,34.581120,,,,,,,176,67,27,,,,,1,0,0,,,,,,,,,,,,,,,,,,,,,
,2794,,,0,34.586328,,,,,,,128,68,0,,,,,1,0,0,,,,,,,,,,,,,,,,,,,,,
,2795,,,0,34.599348,,,,,,,176,67,26,,,,,1,0,0,,,,,,,,,,,,,,,,,,,,,
,2796,,,0,34.609764,,,,,,,176,67,27,,,,,1,0,0,,,,,,,,,,,,,,,,,,,,,
,2797,,,0,34.630596,,,,,,,176,67,26,,,,,1,0,0,,,,,,,,,,,,,,,,,,,,,
0,2798,1,0,0,34.630596,0.0,0.0,0,G#5,,-1,144,80,47,,,,,1,0,0,,,,,,,,,,,,,,,,,,,,,
,2799,,,0,34.641012,,,,,,,176,64,110,,,,,1,0,0,,,,,,,,,,,,,,,,,,,,,
,2800,,,0,34.641012,,,,,,,176,67,27,,,,,1,0,0,,,,,,,,,,,,,,,,,,,,,
,2801,,,0,34.651428,,,,,,,176,64,111,,,,,1,0,0,,,,,,,,,,,,,,,,,,,,,
,2802,,,0,34.651428,,,,,,,176,67,28,,,,,1,0,0,,,,,,,,,,,,,,,,,,,,,
,2803,,,0,34.661844,,,,,,,176,67,29,,,,,1,0,0,,,,,,,,,,,,,,,,,,,,,
,2804,,,0,34.669656,,,,,,,176,67,32,,,,,1,0,0,,,,,,,,,,,,,,,,,,,,,
0,2805,1,0,0,34.672260,0.0,0.0,0,F#5,,-1,144,78,2,,,,,1,0,0,,,,,,,,,,,,,,,,,,,,,
,2806,,,0,34.682676,,,,,,,176,67,33,,,,,1,0,0,,,,,,,,,,,,,,,,,,,,,
,2807,,,0,34.734756,,,,,,,128,82,0,,,,,1,0,0,,,,,,,,,,,,,,,,,,,,,
,2808,,,0,34.739964,,,,,,,176,67,35,,,,,1,0,0,,,,,,,,,,,,,,,,,,,,,
,2809,,,0,34.750380,,,,,,,176,67,36,,,,,1,0,0,,,,,,,,,,,,,,,,,,,,,
,2810,,,0,34.752984,,,,,,,128,80,0,,,,,1,0,0,,,,,,,,,,,,,,,,,,,,,
,2811,,,0,34.760796,,,,,,,176,67,40,,,,,1,0,0,,,,,,,,,,,,,,,,,,,,,
,2812,,,0,34.831104,,,,,,,128,78,0,,,,,1,0,0,,,,,,,,,,,,,,,,,,,,,
,2813,,,0,34.831104,,,,,,,176,64,110,,,,,1,0,0,,,,,,,,,,,,,,,,,,,,,
,2814,,,0,34.841520,,,,,,,176,64,111,,,,,1,0,0,,,,,,,,,,,,,,,,,,,,,
,2815,,,0,34.901412,,,,,,,176,67,38,,,,,1,0,0,,,,,,,,,,,,,,,,,,,,,
,2816,,,0,34.911828,,,,,,,176,67,34,,,,,1,0,0,,,,,,,,,,,,,,,,,,,,,
,2817,,,0,34.919640,,,,,,,176,67,36,,,,,1,0,0,,,,,,,,,,,,,,,,,,,,,
308,2818,1,4421,0,34.924848,0.0,0.0,0,E2,,11,144,40,58,,6010,,,1,0,0,,0.5767195767195767,,0.33333333333333337,1,0.0,0.0,0.0,0.0,1.9,4.725,3.399166675000001,0.6847490363568753,0.0,0.0,0.0,0.0,0.0,3.428571,0.7324712,0.9595280308338365
,2819,,,0,34.930056,,,,,,,176,67,35,,,,,1,0,0,,,,,,,,,,,,,,,,,,,,,
,2820,,,0,34.940472,,,,,,,176,64,110,,,,,1,0,0,,,,,,,,,,,,,,,,,,,,,
,2821,,,0,34.950888,,,,,,,176,64,111,,,,,1,0,0,,,,,,,,,,,,,,,,,,,,,
,2822,,,0,34.950888,,,,,,,176,67,34,,,,,1,0,0,,,,,,,,,,,,,,,,,,,,,
,2823,,,0,34.961304,,,,,,,176,67,36,,,,,1,0,0,,,,,,,,,,,,,,,,,,,,,
,2824,,,0,34.971720,,,,,,,176,64,110,,,,,1,0,0,,,,,,,,,,,,,,,,,,,,,
,2825,,,0,34.971720,,,,,,,176,67,34,,,,,1,0,0,,,,,,,,,,,,,,,,,,,,,
,2826,,,0,34.979532,,,,,,,176,64,111,,,,,1,0,0,,,,,,,,,,,,,,,,,,,,,
,2827,,,0,34.982136,,,,,,,176,67,33,,,,,1,0,0,,,,,,,,,,,,,,,,,,,,,
308,2828,1,4421,0,34.992552,0.0,0.0,0,F#2,,13,144,42,69,,6010,,,1,0,0,,0.5767195767195767,,0.33333333333333337,1,0.0,0.0,0.0,0.0,1.9,4.725,3.399166675000001,0.6847490363568753,0.0,0.0,0.0,0.0,0.0,3.428571,0.7324712,0.9595280308338365
308,2829,1,4422,0,35.013384,0.0,0.0,0,F#5,,11,144,78,58,,6010,,,1,0,0,,0.5767195767195767,,0.33333333333333337,1,0.0,0.0,0.0,0.0,1.9,4.725,3.399166675000001,0.6847490363568753,0.0,0.0,0.0,0.0,0.0,3.428571,0.7324712,0.9595280308338365
,2830,,,0,35.049840,,,,,,,176,67,34,,,,,1,0,0,,,,,,,,,,,,,,,,,,,,,
,2831,,,0,35.060256,,,,,,,176,67,33,,,,,1,0,0,,,,,,,,,,,,,,,,,,,,,
,2832,,,0,35.091504,,,,,,,176,64,110,,,,,1,0,0,,,,,,,,,,,,,,,,,,,,,
,2833,,,0,35.099316,,,,,,,176,64,111,,,,,1,0,0,,,,,,,,,,,,,,,,,,,,,
,2834,,,0,35.101920,,,,,,,128,78,0,,,,,1,0,0,,,,,,,,,,,,,,,,,,,,,
,2835,,,0,35.120148,,,,,,,128,40,0,,,,,1,0,0,,,,,,,,,,,,,,,,,,,,,
308,2836,1,4423,0,35.177436,0.0,0.0,0,G#5,,15,144,80,80,,6010,,,1,0,0,,0.5767195767195767,,0.33333333333333337,1,0.0,0.0,0.0,0.0,1.9,4.725,3.399166675000001,0.6847490363568753,0.0,0.0,0.0,0.0,0.0,3.428571,0.7324712,0.9595280308338365
,2837,,,0,35.190456,,,,,,,128,42,0,,,,,1,0,0,,,,,,,,,,,,,,,,,,,,,
,2838,,,0,35.221704,,,,,,,176,64,112,,,,,1,0,0,,,,,,,,,,,,,,,,,,,,,
,2839,,,0,35.229516,,,,,,,176,64,111,,,,,1,0,0,,,,,,,,,,,,,,,,,,,,,
,2840,,,0,35.370132,,,,,,,128,80,0,,,,,1,0,0,,,,,,,,,,,,,,,,,,,,,
308,2841,1,4424,0,35.398776,0.0,0.0,0,F#2,,16,144,42,85,,6010,,,1,0,0,,0.5767195767195767,,0.33333333333333337,1,0.0,0.0,0.0,0.0,1.9,4.725,3.399166675000001,0.6847490363568753,0.0,0.0,0.0,0.0,0.0,3.428571,0.7324712,0.9595280308338365
,2842,,,0,35.411796,,,,,,,176,64,110,,,,,1,0,0,,,,,,,,,,,,,,,,,,,,,
,2843,,,0,35.419608,,,,,,,176,64,111,,,,,1,0,0,,,,,,,,,,,,,,,,,,,,,
,2844,,,0,35.484708,,,,,,,128,42,0,,,,,1,0,0,,,,,,,,,,,,,,,,,,,,,
,2845,,,0,35.510748,,,,,,,176,67,34,,,,,1,0,0,,,,,,,,,,,,,,,,,,,,,
,2846,,,0,35.521164,,,,,,,176,64,112,,,,,1,0,0,,,,,,,,,,,,,,,,,,,,,
,2847,,,0,35.521164,,,,,,,176,67,33,,,,,1,0,0,,,,,,,,,,,,,,,,,,,,,
,2848,,,0,35.531580,,,,,,,176,64,111,,,,,1,0,0,,,,,,,,,,,,,,,,,,,,,
,2849,,,0,35.531580,,,,,,,176,67,32,,,,,1,0,0,,,,,,,,,,,,,,,,,,,,,
,2850,,,0,35.560224,,,,,,,176,67,33,,,,,1,0,0,,,,,,,,,,,,,,,,,,,,,
,2851,,,0,35.570640,,,,,,,176,67,30,,,,,1,0,0,,,,,,,,,,,,,,,,,,,,,
,2852,,,0,35.591472,,,,,,,176,67,32,,,,,1,0,0,,,,,,,,,,,,,,,,,,,,,
308,2853,1,4425,0,35.591472,0.0,0.0,0,G#5,,16,144,80,85,,6010,,,1,0,0,,0.5767195767195767,,0.33333333333333337,1,0.0,0.0,0.0,0.0,1.9,4.725,3.399166675000001,0.6847490363568753,0.0,0.0,0.0,0.0,0.0,3.428571,0.7324712,0.9595280308338365
,2854,,,0,35.599284,,,,,,,176,67,28,,,,,1,0,0,,,,,,,,,,,,,,,,,,,,,
308,2855,1,4425,0,35.601888,0.0,0.0,0,A#5,,16,144,82,85,,6010,,,1,0,0,,0.5767195767195767,,0.33333333333333337,1,0.0,0.0,0.0,0.0,1.9,4.725,3.399166675000001,0.6847490363568753,0.0,0.0,0.0,0.0,0.0,3.428571,0.7324712,0.9595280308338365
,2856,,,0,35.609700,,,,,,,176,67,32,,,,,1,0,0,,,,,,,,,,,,,,,,,,,,,
,2857,,,0,35.620116,,,,,,,176,67,29,,,,,1,0,0,,,,,,,,,,,,,,,,,,,,,
,2858,,,0,35.651364,,,,,,,176,67,27,,,,,1,0,0,,,,,,,,,,,,,,,,,,,,,
,2859,,,0,35.661780,,,,,,,176,67,29,,,,,1,0,0,,,,,,,,,,,,,,,,,,,,,
,2860,,,0,35.669592,,,,,,,176,67,28,,,,,1,0,0,,,,,,,,,,,,,,,,,,,,,
,2861,,,0,35.700840,,,,,,,176,67,27,,,,,1,0,0,,,,,,,,,,,,,,,,,,,,,
,2862,,,0,35.739900,,,,,,,176,67,26,,,,,1,0,0,,,,,,,,,,,,,,,,,,,,,
,2863,,,0,35.750316,,,,,,,176,67,27,,,,,1,0,0,,,,,,,,,,,,,,,,,,,,,
,2864,,,0,35.781564,,,,,,,176,64,110,,,,,1,0,0,,,,,,,,,,,,,,,,,,,,,
,2865,,,0,35.791980,,,,,,,176,64,111,,,,,1,0,0,,,,,,,,,,,,,,,,,,,,,
,2866,,,0,35.791980,,,,,,,176,67,26,,,,,1,0,0,,,,,,,,,,,,,,,,,,,,,
,2867,,,0,35.810208,,,,,,,176,64,110,,,,,1,0,0,,,,,,,,,,,,,,,,,,,,,
,2868,,,0,35.820624,,,,,,,176,64,111,,,,,1,0,0,,,,,,,,,,,,,,,,,,,,,
,2869,,,0,35.831040,,,,,,,176,67,24,,,,,1,0,0,,,,,,,,,,,,,,,,,,,,,
,2870,,,0,35.841456,,,,,,,176,67,21,,,,,1,0,0,,,,,,,,,,,,,,,,,,,,,
,2871,,,0,35.851872,,,,,,,176,67,20,,,,,1,0,0,,,,,,,,,,,,,,,,,,,,,
308,2872,1,4426,0,35.857080,0.0,0.0,0,F4,,14,144,65,74,,6010,,,1,0,0,,0.5767195767195767,,0.33333333333333337,1,0.0,0.0,0.0,0.0,1.9,4.725,3.399166675000001,0.6847490363568753,0.0,0.0,0.0,0.0,0.0,3.428571,0.7324712,0.9595280308338365
,2873,,,0,35.862288,,,,,,,176,67,21,,,,,1,0,0,,,,,,,,,,,,,,,,,,,,,
,2874,,,0,35.864892,,,,,,,128,80,0,,,,,1,0,0,,,,,,,,,,,,,,,,,,,,,
,2875,,,0,35.872704,,,,,,,176,67,20,,,,,1,0,0,,,,,,,,,,,,,,,,,,,,,
308,2876,1,4426,0,35.875308,0.0,0.0,0,F#5,,14,144,78,74,,6010,,,1,0,0,,0.5767195767195767,,0.33333333333333337,1,0.0,0.0,0.0,0.0,1.9,4.725,3.399166675000001,0.6847490363568753,0.0,0.0,0.0,0.0,0.0,3.428571,0.7324712,0.9595280308338365
,2877,,,0,35.880516,,,,,,,128,82,0,,,,,1,0,0,,,,,,,,,,,,,,,,,,,,,
,2878,,,0,35.903952,,,,,,,128,65,0,,,,,1,0,0,,,,,,,,,,,,,,,,,,,,,
,2879,,,0,35.919576,,,,,,,176,64,110,,,,,1,0,0,,,,,,,,,,,,,,,,,,,,,
,2880,,,0,35.929992,,,,,,,176,64,111,,,,,1,0,0,,,,,,,,,,,,,,,,,,,,,
,2881,,,0,36.010716,,,,,,,176,64,113,,,,,1,0,0,,,,,,,,,,,,,,,,,,,,,
,2882,,,0,36.021132,,,,,,,176,64,111,,,,,1,0,0,,,,,,,,,,,,,,,,,,,,,
,2883,,,0,36.023736,,,,,,,176,67,21,,,,,1,0,0,,,,,,,,,,,,,,,,,,,,,
,2884,,,0,36.031548,,,,,,,176,64,114,,,,,1,0,0,,,,,,,,,,,,,,,,,,,,,
,2885,,,0,36.031548,,,,,,,176,67,20,,,,,1,0,0,,,,,,,,,,,,,,,,,,,,,
,2886,,,0,36.039360,,,,,,,176,64,111,,,,,1,0,0,,,,,,,,,,,,,,,,,,,,,
,2887,,,0,36.049776,,,,,,,176,64,113,,,,,1,0,0,,,,,,,,,,,,,,,,,,,,,
,2888,,,0,36.060192,,,,,,,176,64,111,,,,,1,0,0,,,,,,,,,,,,,,,,,,,,,
,2889,,,0,36.070608,,,,,,,176,64,114,,,,,1,0,0,,,,,,,,,,,,,,,,,,,,,
,2890,,,0,36.081024,,,,,,,176,64,112,,,,,1,0,0,,,,,,,,,,,,,,,,,,,,,
,2891,,,0,36.088836,,,,,,,128,78,0,,,,,1,0,0,,,,,,,,,,,,,,,,,,,,,
,2892,,,0,36.091440,,,,,,,176,64,113,,,,,1,0,0,,,,,,,,,,,,,,,,,,,,,
,2893,,,0,36.099252,,,,,,,176,64,114,,,,,1,0,0,,,,,,,,,,,,,,,,,,,,,
308,2894,1,4427,0,36.104460,0.0,0.0,0,G6,,17,144,91,90,,6010,,,1,0,0,,0.5767195767195767,,0.33333333333333337,1,0.0,0.0,0.0,0.0,1.9,4.725,3.399166675000001,0.6847490363568753,0.0,0.0,0.0,0.0,0.0,3.428571,0.7324712,0.9595280308338365
,2895,,,0,36.109668,,,,,,,176,64,111,,,,,1,0,0,,,,,,,,,,,,,,,,,,,,,
,2896,,,0,36.120084,,,,,,,176,64,114,,,,,1,0,0,,,,,,,,,,,,,,,,,,,,,
,2897,,,0,36.130500,,,,,,,176,64,112,,,,,1,0,0,,,,,,,,,,,,,,,,,,,,,
,2898,,,0,36.140916,,,,,,,176,64,113,,,,,1,0,0,,,,,,,,,,,,,,,,,,,,,
,2899,,,0,36.151332,,,,,,,176,64,111,,,,,1,0,0,,,,,,,,,,,,,,,,,,,,,
,2900,,,0,36.159144,,,,,,,176,64,114,,,,,1,0,0,,,,,,,,,,,,,,,,,,,,,
,2901,,,0,36.169560,,,,,,,176,64,111,,,,,1,0,0,,,,,,,,,,,,,,,,,,,,,
,2902,,,0,36.179976,,,,,,,176,64,113,,,,,1,0,0,,,,,,,,,,,,,,,,,,,,,
,2903,,,0,36.190392,,,,,,,176,64,111,,,,,1,0,0,,,,,,,,,,,,,,,,,,,,,
,2904,,,0,36.200808,,,,,,,176,64,113,,,,,1,0,0,,,,,,,,,,,,,,,,,,,,,
,2905,,,0,36.211224,,,,,,,176,64,112,,,,,1,0,0,,,,,,,,,,,,,,,,,,,,,
,2906,,,0,36.221640,,,,,,,176,64,111,,,,,1,0,0,,,,,,,,,,,,,,,,,,,,,
,2907,,,0,36.229452,,,,,,,176,64,113,,,,,1,0,0,,,,,,,,,,,,,,,,,,,,,
,2908,,,0,36.239868,,,,,,,176,64,111,,,,,1,0,0,,,,,,,,,,,,,,,,,,,,,
,2909,,,0,36.250284,,,,,,,176,64,114,,,,,1,0,0,,,,,,,,,,,,,,,,,,,,,
,2910,,,0,36.260700,,,,,,,176,64,112,,,,,1,0,0,,,,,,,,,,,,,,,,,,,,,
,2911,,,0,36.271116,,,,,,,176,64,114,,,,,1,0,0,,,,,,,,,,,,,,,,,,,,,
,2912,,,0,36.281532,,,,,,,176,64,111,,,,,1,0,0,,,,,,,,,,,,,,,,,,,,,
,2913,,,0,36.289344,,,,,,,176,64,114,,,,,1,0,0,,,,,,,,,,,,,,,,,,,,,
,2914,,,0,36.299760,,,,,,,176,64,112,,,,,1,0,0,,,,,,,,,,,,,,,,,,,,,
,2915,,,0,36.310176,,,,,,,176,64,114,,,,,1,0,0,,,,,,,,,,,,,,,,,,,,,
308,2916,1,4428,0,36.320592,0.0,0.0,0,F#5,,20,144,78,106,,6010,,,1,0,0,,0.5767195767195767,,0.33333333333333337,1,0.0,0.0,0.0,0.0,1.9,4.725,3.399166675000001,0.6847490363568753,0.0,0.0,0.0,0.0,0.0,3.428571,0.7324712,0.9595280308338365
308,2917,1,4428,0,36.323196,0.0,0.0,0,C2,,22,144,36,117,,6010,,,1,0,0,,0.5767195767195767,,0.33333333333333337,1,0.0,0.0,0.0,0.0,1.9,4.725,3.399166675000001,0.6847490363568753,0.0,0.0,0.0,0.0,0.0,3.428571,0.7324712,0.9595280308338365
308,2918,1,4428,0,36.323196,0.0,0.0,0,F2,,22,144,41,117,,6010,,,1,0,0,,0.5767195767195767,,0.33333333333333337,1,0.0,0.0,0.0,0.0,1.9,4.725,3.399166675000001,0.6847490363568753,0.0,0.0,0.0,0.0,0.0,3.428571,0.7324712,0.9595280308338365
,2919,,,0,36.341424,,,,,,,176,64,115,,,,,1,0,0,,,,,,,,,,,,,,,,,,,,,
,2920,,,0,36.349236,,,,,,,128,91,0,,,,,1,0,0,,,,,,,,,,,,,,,,,,,,,
,2921,,,0,36.349236,,,,,,,176,64,111,,,,,1,0,0,,,,,,,,,,,,,,,,,,,,,
,2922,,,0,36.370068,,,,,,,176,64,108,,,,,1,0,0,,,,,,,,,,,,,,,,,,,,,
,2923,,,0,36.380484,,,,,,,176,64,104,,,,,1,0,0,,,,,,,,,,,,,,,,,,,,,
,2924,,,0,36.390900,,,,,,,176,64,91,,,,,1,0,0,,,,,,,,,,,,,,,,,,,,,
,2925,,,0,36.398712,,,,,,,128,78,0,,,,,1,0,0,,,,,,,,,,,,,,,,,,,,,
,2926,,,0,36.401316,,,,,,,176,64,70,,,,,1,0,0,,,,,,,,,,,,,,,,,,,,,
,2927,,,0,36.403920,,,,,,,128,36,0,,,,,1,0,0,,,,,,,,,,,,,,,,,,,,,
,2928,,,0,36.409128,,,,,,,176,64,45,,,,,0,0,0,,,,,,,,,,,,,,,,,,,,,
,2929,,,0,36.411732,,,,,,,128,41,0,,,,,0,0,0,,,,,,,,,,,,,,,,,,,,,
,2930,,,0,36.419544,,,,,,,176,64,23,,,,,0,0,0,,,,,,,,,,,,,,,,,,,,,
,2931,,,0,36.429960,,,,,,,176,64,11,,,,,0,0,0,,,,,,,,,,,,,,,,,,,,,
,2932,,,0,36.440376,,,,,,,176,64,7,,,,,0,0,0,,,,,,,,,,,,,,,,,,,,,
,2933,,,0,36.471624,,,,,,,176,64,8,,,,,0,0,0,,,,,,,,,,,,,,,,,,,,,
,2934,,,0,36.489852,,,,,,,176,64,7,,,,,0,0,0,,,,,,,,,,,,,,,,,,,,,
,2935,,,0,36.500268,,,,,,,176,64,8,,,,,0,0,0,,,,,,,,,,,,,,,,,,,,,
,2936,,,0,36.539328,,,,,,,176,64,7,,,,,0,0,0,,,,,,,,,,,,,,,,,,,,,
,2937,,,0,36.560160,,,,,,,176,64,8,,,,,0,0,0,,,,,,,,,,,,,,,,,,,,,
,2938,,,0,36.591408,,,,,,,176,64,7,,,,,0,0,0,,,,,,,,,,,,,,,,,,,,,
,2939,,,0,36.599220,,,,,,,176,64,8,,,,,0,0,0,,,,,,,,,,,,,,,,,,,,,
,2940,,,0,36.750252,,,,,,,176,64,7,,,,,0,0,0,,,,,,,,,,,,,,,,,,,,,
,2941,,,0,36.760668,,,,,,,176,64,8,,,,,0,0,0,,,,,,,,,,,,,,,,,,,,,
,2942,,,0,36.799728,,,,,,,176,64,7,,,,,0,0,0,,,,,,,,,,,,,,,,,,,,,
,2943,,,0,36.810144,,,,,,,176,64,8,,,,,0,0,0,,,,,,,,,,,,,,,,,,,,,
,2944,,,0,36.820560,,,,,,,176,64,7,,,,,0,0,0,,,,,,,,,,,,,,,,,,,,,
,2945,,,0,36.841392,,,,,,,176,64,8,,,,,0,0,0,,,,,,,,,,,,,,,,,,,,,
,2946,,,0,36.849204,,,,,,,176,64,7,,,,,0,0,0,,,,,,,,,,,,,,,,,,,,,
308,2947,1,4429,0,36.885660,0.0,0.0,0,G#1,,11,144,32,58,,6010,,,0,0,0,,0.5767195767195767,,0.33333333333333337,1,0.0,0.0,0.0,0.0,1.9,4.725,3.399166675000001,0.6847490363568753,0.0,0.0,0.0,0.0,0.0,3.428571,0.7324712,0.9595280308338365
308,2948,1,4429,0,36.888264,0.0,0.0,0,F#4,,11,144,66,58,,6010,,,0,0,0,,0.5767195767195767,,0.33333333333333337,1,0.0,0.0,0.0,0.0,1.9,4.725,3.399166675000001,0.6847490363568753,0.0,0.0,0.0,0.0,0.0,3.428571,0.7324712,0.9595280308338365
,2949,,,0,36.890868,,,,,,,176,64,8,,,,,0,0,0,,,,,,,,,,,,,,,,,,,,,
308,2950,1,4429,0,36.890868,0.0,0.0,0,C2,,11,144,36,58,,6010,,,0,0,0,,0.5767195767195767,,0.33333333333333337,1,0.0,0.0,0.0,0.0,1.9,4.725,3.399166675000001,0.6847490363568753,0.0,0.0,0.0,0.0,0.0,3.428571,0.7324712,0.9595280308338365
308,2951,1,4429,0,36.893472,0.0,0.0,0,F2,,11,144,41,58,,6010,,,0,0,0,,0.5767195767195767,,0.33333333333333337,1,0.0,0.0,0.0,0.0,1.9,4.725,3.399166675000001,0.6847490363568753,0.0,0.0,0.0,0.0,0.0,3.428571,0.7324712,0.9595280308338365
,2952,,,0,36.922116,,,,,,,176,64,7,,,,,0,0,0,,,,,,,,,,,,,,,,,,,,,
,2953,,,0,36.929928,,,,,,,176,64,8,,,,,0,0,0,,,,,,,,,,,,,,,,,,,,,
,2954,,,0,36.950760,,,,,,,176,64,7,,,,,0,0,0,,,,,,,,,,,,,,,,,,,,,
,2955,,,0,36.971592,,,,,,,176,64,8,,,,,0,0,0,,,,,,,,,,,,,,,,,,,,,
,2956,,,0,37.010652,,,,,,,176,64,7,,,,,0,0,0,,,,,,,,,,,,,,,,,,,,,
,2957,,,0,37.021068,,,,,,,176,64,8,,,,,0,0,0,,,,,,,,,,,,,,,,,,,,,
,2958,,,0,37.070544,,,,,,,176,64,7,,,,,0,0,0,,,,,,,,,,,,,,,,,,,,,
,2959,,,0,37.080960,,,,,,,176,64,8,,,,,0,0,0,,,,,,,,,,,,,,,,,,,,,
,2960,,,0,37.109604,,,,,,,176,64,7,,,,,0,0,0,,,,,,,,,,,,,,,,,,,,,
,2961,,,0,37.122624,,,,,,,176,64,8,,,,,0,0,0,,,,,,,,,,,,,,,,,,,,,
,2962,,,0,37.133040,,,,,,,176,64,7,,,,,0,0,0,,,,,,,,,,,,,,,,,,,,,
,2963,,,0,37.140852,,,,,,,176,64,8,,,,,0,0,0,,,,,,,,,,,,,,,,,,,,,
,2964,,,0,37.161684,,,,,,,176,64,7,,,,,0,0,0,,,,,,,,,,,,,,,,,,,,,
,2965,,,0,37.169496,,,,,,,176,64,8,,,,,0,0,0,,,,,,,,,,,,,,,,,,,,,
,2966,,,0,37.221576,,,,,,,176,64,7,,,,,0,0,0,,,,,,,,,,,,,,,,,,,,,
,2967,,,0,37.229388,,,,,,,176,64,8,,,,,0,0,0,,,,,,,,,,,,,,,,,,,,,
,2968,,,0,37.250220,,,,,,,176,66,127,,,,,0,0,1,,,,,,,,,,,,,,,,,,,,,
,2969,,,0,37.250220,,,,,,,176,64,7,,,,,0,0,1,,,,,,,,,,,,,,,,,,,,,
,2970,,,0,37.260636,,,,,,,176,64,8,,,,,0,0,1,,,,,,,,,,,,,,,,,,,,,
,2971,,,0,37.281468,,,,,,,176,64,7,,,,,0,0,1,,,,,,,,,,,,,,,,,,,,,
,2972,,,0,37.289280,,,,,,,176,64,8,,,,,0,0,1,,,,,,,,,,,,,,,,,,,,,
,2973,,,0,37.302300,,,,,,,176,64,7,,,,,0,0,1,,,,,,,,,,,,,,,,,,,,,
,2974,,,0,37.310112,,,,,,,176,64,8,,,,,0,0,1,,,,,,,,,,,,,,,,,,,,,
,2975,,,0,37.362192,,,,,,,176,64,7,,,,,0,0,1,,,,,,,,,,,,,,,,,,,,,
,2976,,,0,37.370004,,,,,,,176,64,8,,,,,0,0,1,,,,,,,,,,,,,,,,,,,,,
,2977,,,0,37.390836,,,,,,,176,64,7,,,,,0,0,1,,,,,,,,,,,,,,,,,,,,,
,2978,,,0,37.401252,,,,,,,176,64,8,,,,,0,0,1,,,,,,,,,,,,,,,,,,,,,
,2979,,,0,37.429896,,,,,,,176,64,7,,,,,0,0,1,,,,,,,,,,,,,,,,,,,,,
,2980,,,0,37.440312,,,,,,,176,64,8,,,,,0,0,1,,,,,,,,,,,,,,,,,,,,,
,2981,,,0,37.450728,,,,,,,176,64,7,,,,,0,0,1,,,,,,,,,,,,,,,,,,,,,
,2982,,,0,37.453332,,,,,,,128,66,0,,,,,0,0,1,,,,,,,,,,,,,,,,,,,,,
,2983,,,0,37.461144,,,,,,,176,64,8,,,,,0,0,1,,,,,,,,,,,,,,,,,,,,,
,2984,,,0,37.471560,,,,,,,176,64,7,,,,,0,0,1,,,,,,,,,,,,,,,,,,,,,
,2985,,,0,37.479372,,,,,,,176,64,8,,,,,0,0,1,,,,,,,,,,,,,,,,,,,,,
,2986,,,0,37.487184,,,,,,,128,41,0,,,,,0,0,1,,,,,,,,,,,,,,,,,,,,,
,2987,,,0,37.487184,,,,,,,128,36,0,,,,,0,0,1,,,,,,,,,,,,,,,,,,,,,
,2988,,,0,37.502808,,,,,,,128,32,0,,,,,0,0,1,,,,,,,,,,,,,,,,,,,,,
,2989,,,0,37.510620,,,,,,,176,64,7,,,,,0,0,1,,,,,,,,,,,,,,,,,,,,,
,2990,,,0,37.521036,,,,,,,176,64,8,,,,,0,0,1,,,,,,,,,,,,,,,,,,,,,
,2991,,,0,37.539264,,,,,,,176,64,7,,,,,0,0,1,,,,,,,,,,,,,,,,,,,,,
,2992,,,0,37.549680,,,,,,,176,64,8,,,,,0,0,1,,,,,,,,,,,,,,,,,,,,,
,2993,,,0,37.580928,,,,,,,176,64,7,,,,,0,0,1,,,,,,,,,,,,,,,,,,,,,
,2994,,,0,37.591344,,,,,,,176,64,8,,,,,0,0,1,,,,,,,,,,,,,,,,,,,,,
,2995,,,0,37.599156,,,,,,,176,64,7,,,,,0,0,1,,,,,,,,,,,,,,,,,,,,,
,2996,,,0,37.609572,,,,,,,176,64,8,,,,,0,0,1,,,,,,,,,,,,,,,,,,,,,
,2997,,,0,37.651236,,,,,,,176,64,7,,,,,0,0,1,,,,,,,,,,,,,,,,,,,,,
,2998,,,0,37.659048,,,,,,,176,64,8,,,,,0,0,1,,,,,,,,,,,,,,,,,,,,,
,2999,,,0,37.711128,,,,,,,176,64,7,,,,,0,0,1,,,,,,,,,,,,,,,,,,,,,
,3000,,,0,37.721544,,,,,,,176,64,8,,,,,0,0,1,,,,,,,,,,,,,,,,,,,,,
,3001,,,0,37.789248,,,,,,,176,64,10,,,,,0,0,1,,,,,,,,,,,,,,,,,,,,,
,3002,,,0,37.799664,,,,,,,176,64,11,,,,,0,0,1,,,,,,,,,,,,,,,,,,,,,
,3003,,,0,37.810080,,,,,,,176,64,15,,,,,0,0,1,,,,,,,,,,,,,,,,,,,,,
,3004,,,0,37.820496,,,,,,,176,64,19,,,,,0,0,1,,,,,,,,,,,,,,,,,,,,,
,3005,,,0,37.830912,,,,,,,176,64,22,,,,,0,0,1,,,,,,,,,,,,,,,,,,,,,
,3006,,,0,37.841328,,,,,,,176,64,23,,,,,0,0,1,,,,,,,,,,,,,,,,,,,,,
,3007,,,0,37.849140,,,,,,,176,64,27,,,,,0,0,1,,,,,,,,,,,,,,,,,,,,,
,3008,,,0,37.869972,,,,,,,176,64,31,,,,,0,0,1,,,,,,,,,,,,,,,,,,,,,
309,3009,1,4430,0,37.877784,0.0,0.0,0,D5,,8,144,74,42,,6010,,,0,0,1,,0.5767195767195767,,0.33333333333333337,1,0.0,0.0,0.0,0.0,1.9,4.725,3.399166675000001,0.6847490363568753,0.0,0.0,0.0,0.0,0.0,3.428571,0.7324712,0.9595280308338365
,3010,,,0,37.880388,,,,,,,176,64,35,,,,,0,0,1,,,,,,,,,,,,,,,,,,,,,
,3011,,,0,37.890804,,,,,,,176,64,41,,,,,0,0,1,,,,,,,,,,,,,,,,,,,,,
,3012,,,0,37.901220,,,,,,,176,64,49,,,,,0,0,1,,,,,,,,,,,,,,,,,,,,,
,3013,,,0,37.909032,,,,,,,176,64,57,,,,,0,0,1,,,,,,,,,,,,,,,,,,,,,
,3014,,,0,37.919448,,,,,,,176,64,66,,,,,1,0,1,,,,,,,,,,,,,,,,,,,,,
,3015,,,0,37.929864,,,,,,,176,64,70,,,,,1,0,1,,,,,,,,,,,,,,,,,,,,,
,3016,,,0,37.940280,,,,,,,176,64,75,,,,,1,0,1,,,,,,,,,,,,,,,,,,,,,
,3017,,,0,37.950696,,,,,,,176,64,79,,,,,1,0,1,,,,,,,,,,,,,,,,,,,,,
,3018,,,0,37.961112,,,,,,,176,64,83,,,,,1,0,1,,,,,,,,,,,,,,,,,,,,,
,3019,,,0,37.971528,,,,,,,176,64,85,,,,,1,0,1,,,,,,,,,,,,,,,,,,,,,
,3020,,,0,37.979340,,,,,,,176,64,87,,,,,1,0,1,,,,,,,,,,,,,,,,,,,,,
309,3021,1,4431,0,37.984548,0.0,0.0,0,F#2,,9,144,42,48,,6010,,,1,0,1,,0.5767195767195767,,0.33333333333333337,1,0.0,0.0,0.0,0.0,1.9,4.725,3.399166675000001,0.6847490363568753,0.0,0.0,0.0,0.0,0.0,3.428571,0.7324712,0.9595280308338365
,3022,,,0,38.000172,,,,,,,176,64,90,,,,,1,0,1,,,,,,,,,,,,,,,,,,,,,
,3023,,,0,38.000172,,,,,,,128,74,0,,,,,1,0,1,,,,,,,,,,,,,,,,,,,,,
,3024,,,0,38.010588,,,,,,,176,64,91,,,,,1,0,1,,,,,,,,,,,,,,,,,,,,,
309,3025,1,4432,0,38.125164,0.0,0.0,0,A#1,,10,144,34,53,,6010,,,1,0,1,,0.5767195767195767,,0.33333333333333337,1,0.0,0.0,0.0,0.0,1.9,4.725,3.399166675000001,0.6847490363568753,0.0,0.0,0.0,0.0,0.0,3.428571,0.7324712,0.9595280308338365
,3026,,,0,38.130372,,,,,,,176,64,93,,,,,1,0,1,,,,,,,,,,,,,,,,,,,,,
,3027,,,0,38.140788,,,,,,,176,64,91,,,,,1,0,1,,,,,,,,,,,,,,,,,,,,,
,3028,,,0,38.151204,,,,,,,176,64,93,,,,,1,0,1,,,,,,,,,,,,,,,,,,,,,
,3029,,,0,38.156412,,,,,,,128,42,0,,,,,1,0,1,,,,,,,,,,,,,,,,,,,,,
,3030,,,0,38.159016,,,,,,,176,64,91,,,,,1,0,1,,,,,,,,,,,,,,,,,,,,,
,3031,,,0,38.169432,,,,,,,176,64,92,,,,,1,0,1,,,,,,,,,,,,,,,,,,,,,
,3032,,,0,38.179848,,,,,,,176,64,91,,,,,1,0,1,,,,,,,,,,,,,,,,,,,,,
,3033,,,0,38.190264,,,,,,,176,64,93,,,,,1,0,1,,,,,,,,,,,,,,,,,,,,,
,3034,,,0,38.200680,,,,,,,176,64,91,,,,,1,0,1,,,,,,,,,,,,,,,,,,,,,
,3035,,,0,38.211096,,,,,,,176,64,92,,,,,1,0,1,,,,,,,,,,,,,,,,,,,,,
,3036,,,0,38.221512,,,,,,,176,64,91,,,,,1,0,1,,,,,,,,,,,,,,,,,,,,,
,3037,,,0,38.229324,,,,,,,176,64,92,,,,,1,0,1,,,,,,,,,,,,,,,,,,,,,
,3038,,,0,38.239740,,,,,,,176,64,91,,,,,1,0,1,,,,,,,,,,,,,,,,,,,,,
309,3039,1,4433,0,38.242344,0.0,0.0,0,D5,,11,144,74,58,,6010,,,1,0,1,,0.5767195767195767,,0.33333333333333337,1,0.0,0.0,0.0,0.0,1.9,4.725,3.399166675000001,0.6847490363568753,0.0,0.0,0.0,0.0,0.0,3.428571,0.7324712,0.9595280308338365
,3040,,,0,38.260572,,,,,,,176,64,94,,,,,1,0,1,,,,,,,,,,,,,,,,,,,,,
,3041,,,0,38.270988,,,,,,,176,64,92,,,,,1,0,1,,,,,,,,,,,,,,,,,,,,,
,3042,,,0,38.276196,,,,,,,128,34,0,,,,,1,0,1,,,,,,,,,,,,,,,,,,,,,
,3043,,,0,38.281404,,,,,,,176,64,93,,,,,1,0,1,,,,,,,,,,,,,,,,,,,,,
,3044,,,0,38.289216,,,,,,,176,64,91,,,,,1,0,1,,,,,,,,,,,,,,,,,,,,,
,3045,,,0,38.299632,,,,,,,176,64,94,,,,,1,0,1,,,,,,,,,,,,,,,,,,,,,
,3046,,,0,38.310048,,,,,,,176,64,91,,,,,1,0,1,,,,,,,,,,,,,,,,,,,,,
,3047,,,0,38.320464,,,,,,,176,64,94,,,,,1,0,1,,,,,,,,,,,,,,,,,,,,,
,3048,,,0,38.330880,,,,,,,176,64,91,,,,,1,0,1,,,,,,,,,,,,,,,,,,,,,
309,3049,1,4434,0,38.338692,0.0,0.0,0,F#2,,12,144,42,64,,6010,,,1,0,1,,0.5767195767195767,,0.33333333333333337,1,0.0,0.0,0.0,0.0,1.9,4.725,3.399166675000001,0.6847490363568753,0.0,0.0,0.0,0.0,0.0,3.428571,0.7324712,0.9595280308338365
,3050,,,0,38.341296,,,,,,,176,64,93,,,,,1,0,1,,,,,,,,,,,,,,,,,,,,,
,3051,,,0,38.349108,,,,,,,176,64,94,,,,,1,0,1,,,,,,,,,,,,,,,,,,,,,
,3052,,,0,38.359524,,,,,,,176,64,93,,,,,1,0,1,,,,,,,,,,,,,,,,,,,,,
,3053,,,0,38.364732,,,,,,,128,76,0,,,,,1,0,1,,,,,,,,,,,,,,,,,,,,,
,3054,,,0,38.369940,,,,,,,176,64,94,,,,,1,0,1,,,,,,,,,,,,,,,,,,,,,
,3055,,,0,38.380356,,,,,,,176,64,93,,,,,1,0,1,,,,,,,,,,,,,,,,,,,,,
,3056,,,0,38.390772,,,,,,,176,64,95,,,,,1,0,1,,,,,,,,,,,,,,,,,,,,,
,3057,,,0,38.401188,,,,,,,176,64,94,,,,,1,0,1,,,,,,,,,,,,,,,,,,,,,
,3058,,,0,38.409000,,,,,,,176,64,95,,,,,1,0,1,,,,,,,,,,,,,,,,,,,,,
,3059,,,0,38.419416,,,,,,,176,64,94,,,,,1,0,1,,,,,,,,,,,,,,,,,,,,,
,3060,,,0,38.429832,,,,,,,176,64,95,,,,,1,0,1,,,,,,,,,,,,,,,,,,,,,
,3061,,,0,38.432436,,,,,,,128,42,0,,,,,1,0,1,,,,,,,,,,,,,,,,,,,,,
,3062,,,0,38.437644,,,,,,,128,74,0,,,,,1,0,1,,,,,,,,,,,,,,,,,,,,,
,3063,,,0,38.531388,,,,,,,176,64,96,,,,,1,0,1,,,,,,,,,,,,,,,,,,,,,
,3064,,,0,38.539200,,,,,,,176,64,95,,,,,1,0,1,,,,,,,,,,,,,,,,,,,,,
309,3065,1,4435,0,38.599092,0.0,0.0,0,D6,,13,144,86,69,,6010,,,1,0,1,,0.5767195767195767,,0.33333333333333337,1,0.0,0.0,0.0,0.0,1.9,4.725,3.399166675000001,0.6847490363568753,0.0,0.0,0.0,0.0,0.0,3.428571,0.7324712,0.9595280308338365
,3066,,,0,38.599092,,,,,,,176,64,96,,,,,1,0,1,,,,,,,,,,,,,,,,,,,,,
,3067,,,0,38.609508,,,,,,,176,64,98,,,,,1,0,1,,,,,,,,,,,,,,,,,,,,,
,3068,,,0,38.619924,,,,,,,176,64,96,,,,,1,0,1,,,,,,,,,,,,,,,,,,,,,
,3069,,,0,38.632944,,,,,,,176,64,98,,,,,1,0,1,,,,,,,,,,,,,,,,,,,,,
,3070,,,0,38.640756,,,,,,,176,64,96,,,,,1,0,1,,,,,,,,,,,,,,,,,,,,,
,3071,,,0,38.651172,,,,,,,176,64,98,,,,,1,0,1,,,,,,,,,,,,,,,,,,,,,
,3072,,,0,38.658984,,,,,,,176,64,97,,,,,1,0,1,,,,,,,,,,,,,,,,,,,,,
,3073,,,0,38.679816,,,,,,,176,64,95,,,,,1,0,1,,,,,,,,,,,,,,,,,,,,,
,3074,,,0,38.690232,,,,,,,176,64,89,,,,,1,0,1,,,,,,,,,,,,,,,,,,,,,
,3075,,,0,38.700648,,,,,,,176,64,78,,,,,1,0,1,,,,,,,,,,,,,,,,,,,,,
,3076,,,0,38.711064,,,,,,,176,64,58,,,,,0,0,1,,,,,,,,,,,,,,,,,,,,,
,3077,,,0,38.721480,,,,,,,176,64,36,,,,,0,0,1,,,,,,,,,,,,,,,,,,,,,
,3078,,,0,38.731896,,,,,,,176,64,17,,,,,0,0,1,,,,,,,,,,,,,,,,,,,,,
,3079,,,0,38.739708,,,,,,,176,64,10,,,,,0,0,1,,,,,,,,,,,,,,,,,,,,,
,3080,,,0,38.750124,,,,,,,176,64,8,,,,,0,0,1,,,,,,,,,,,,,,,,,,,,,
,3081,,,0,38.760540,,,,,,,176,64,11,,,,,0,0,1,,,,,,,,,,,,,,,,,,,,,
,3082,,,0,38.781372,,,,,,,176,64,12,,,,,0,0,1,,,,,,,,,,,,,,,,,,,,,
309,3083,1,4436,0,38.783976,0.0,0.0,0,F#2,,14,144,42,74,,6010,,,0,0,1,,0.5767195767195767,,0.33333333333333337,1,0.0,0.0,0.0,0.0,1.9,4.725,3.399166675000001,0.6847490363568753,0.0,0.0,0.0,0.0,0.0,3.428571,0.7324712,0.9595280308338365
,3084,,,0,38.789184,,,,,,,176,64,15,,,,,0,0,1,,,,,,,,,,,,,,,,,,,,,
,3085,,,0,38.799600,,,,,,,176,64,18,,,,,0,0,1,,,,,,,,,,,,,,,,,,,,,
,3086,,,0,38.810016,,,,,,,176,64,21,,,,,0,0,1,,,,,,,,,,,,,,,,,,,,,
,3087,,,0,38.820432,,,,,,,176,64,23,,,,,0,0,1,,,,,,,,,,,,,,,,,,,,,
,3088,,,0,38.828244,,,,,,,128,86,0,,,,,0,0,1,,,,,,,,,,,,,,,,,,,,,
,3089,,,0,38.830848,,,,,,,176,64,27,,,,,0,0,1,,,,,,,,,,,,,,,,,,,,,
,3090,,,0,38.841264,,,,,,,176,64,31,,,,,0,0,1,,,,,,,,,,,,,,,,,,,,,
,3091,,,0,38.849076,,,,,,,176,64,37,,,,,0,0,1,,,,,,,,,,,,,,,,,,,,,
,3092,,,0,38.859492,,,,,,,176,64,47,,,,,0,0,1,,,,,,,,,,,,,,,,,,,,,
309,3093,1,4437,0,38.867304,0.0,0.0,0,A#1,,15,144,34,80,,6010,,,0,0,1,,0.5767195767195767,,0.33333333333333337,1,0.0,0.0,0.0,0.0,1.9,4.725,3.399166675000001,0.6847490363568753,0.0,0.0,0.0,0.0,0.0,3.428571,0.7324712,0.9595280308338365
,3094,,,0,38.869908,,,,,,,176,64,58,,,,,0,0,1,,,,,,,,,,,,,,,,,,,,,
,3095,,,0,38.880324,,,,,,,176,64,69,,,,,1,0,1,,,,,,,,,,,,,,,,,,,,,
,3096,,,0,38.890740,,,,,,,176,64,80,,,,,1,0,1,,,,,,,,,,,,,,,,,,,,,
,3097,,,0,38.901156,,,,,,,176,64,88,,,,,1,0,1,,,,,,,,,,,,,,,,,,,,,
,3098,,,0,38.908968,,,,,,,176,64,92,,,,,1,0,1,,,,,,,,,,,,,,,,,,,,,
,3099,,,0,38.919384,,,,,,,176,64,95,,,,,1,0,1,,,,,,,,,,,,,,,,,,,,,
,3100,,,0,38.927196,,,,,,,128,42,0,,,,,1,0,1,,,,,,,,,,,,,,,,,,,,,
,3101,,,0,38.971464,,,,,,,128,34,0,,,,,1,0,1,,,,,,,,,,,,,,,,,,,,,
,3102,,,0,39.010524,,,,,,,176,64,96,,,,,1,0,1,,,,,,,,,,,,,,,,,,,,,
,3103,,,0,39.020940,,,,,,,176,64,95,,,,,1,0,1,,,,,,,,,,,,,,,,,,,,,
,3104,,,0,39.119892,,,,,,,176,67,19,,,,,1,0,1,,,,,,,,,,,,,,,,,,,,,
,3105,,,0,39.130308,,,,,,,176,67,20,,,,,1,0,1,,,,,,,,,,,,,,,,,,,,,
309,3106,1,4438,0,39.140724,0.0,0.0,0,B2,,16,144,47,85,,6010,,,1,0,1,,0.5767195767195767,,0.33333333333333337,1,0.0,0.0,0.0,0.0,1.9,4.725,3.399166675000001,0.6847490363568753,0.0,0.0,0.0,0.0,0.0,3.428571,0.7324712,0.9595280308338365
309,3107,1,4439,0,39.216240,0.0,0.0,0,C3,,16,144,48,85,,6010,,,1,0,1,,0.5767195767195767,,0.33333333333333337,1,0.0,0.0,0.0,0.0,1.9,4.725,3.399166675000001,0.6847490363568753,0.0,0.0,0.0,0.0,0.0,3.428571,0.7324712,0.9595280308338365
,3108,,,0,39.231864,,,,,,,128,47,0,,,,,1,0,1,,,,,,,,,,,,,,,,,,,,,
309,3109,1,4440,0,39.278736,0.0,0.0,0,B2,,17,144,47,90,,6010,,,1,0,1,,0.5767195767195767,,0.33333333333333337,1,0.0,0.0,0.0,0.0,1.9,4.725,3.399166675000001,0.6847490363568753,0.0,0.0,0.0,0.0,0.0,3.428571,0.7324712,0.9595280308338365
,3110,,,0,39.320400,,,,,,,176,64,91,,,,,1,0,1,,,,,,,,,,,,,,,,,,,,,
,3111,,,0,39.341232,,,,,,,176,64,87,,,,,1,0,1,,,,,,,,,,,,,,,,,,,,,
,3112,,,0,39.349044,,,,,,,128,48,0,,,,,1,0,1,,,,,,,,,,,,,,,,,,,,,
,3113,,,0,39.349044,,,,,,,176,64,83,,,,,1,0,1,,,,,,,,,,,,,,,,,,,,,
309,3114,1,4441,0,39.359460,0.0,0.0,0,F#2,,17,144,42,90,,6010,,,1,0,1,,0.5767195767195767,,0.33333333333333337,1,0.0,0.0,0.0,0.0,1.9,4.725,3.399166675000001,0.6847490363568753,0.0,0.0,0.0,0.0,0.0,3.428571,0.7324712,0.9595280308338365
,3115,,,0,39.359460,,,,,,,176,64,73,,,,,1,0,1,,,,,,,,,,,,,,,,,,,,,
,3116,,,0,39.369876,,,,,,,176,64,62,,,,,0,0,1,,,,,,,,,,,,,,,,,,,,,
,3117,,,0,39.380292,,,,,,,176,64,52,,,,,0,0,1,,,,,,,,,,,,,,,,,,,,,
,3118,,,0,39.382896,,,,,,,128,47,0,,,,,0,0,1,,,,,,,,,,,,,,,,,,,,,
,3119,,,0,39.390708,,,,,,,176,64,41,,,,,0,0,1,,,,,,,,,,,,,,,,,,,,,
,3120,,,0,39.401124,,,,,,,176,64,29,,,,,0,0,1,,,,,,,,,,,,,,,,,,,,,
,3121,,,0,39.408936,,,,,,,176,64,19,,,,,0,0,1,,,,,,,,,,,,,,,,,,,,,
,3122,,,0,39.419352,,,,,,,176,64,12,,,,,0,0,1,,,,,,,,,,,,,,,,,,,,,
,3123,,,0,39.429768,,,,,,,176,64,11,,,,,0,0,1,,,,,,,,,,,,,,,,,,,,,
,3124,,,0,39.440184,,,,,,,176,64,9,,,,,0,0,1,,,,,,,,,,,,,,,,,,,,,
,3125,,,0,39.450600,,,,,,,176,64,8,,,,,0,0,1,,,,,,,,,,,,,,,,,,,,,
,3126,,,0,39.461016,,,,,,,176,64,7,,,,,0,0,1,,,,,,,,,,,,,,,,,,,,,
,3127,,,0,39.468828,,,,,,,176,64,8,,,,,0,0,1,,,,,,,,,,,,,,,,,,,,,
,3128,,,0,39.489660,,,,,,,176,64,7,,,,,0,0,1,,,,,,,,,,,,,,,,,,,,,
,3129,,,0,39.500076,,,,,,,176,64,8,,,,,0,0,1,,,,,,,,,,,,,,,,,,,,,
,3130,,,0,39.510492,,,,,,,176,64,7,,,,,0,0,1,,,,,,,,,,,,,,,,,,,,,
,3131,,,0,39.531324,,,,,,,176,64,8,,,,,0,0,1,,,,,,,,,,,,,,,,,,,,,
,3132,,,0,39.599028,,,,,,,176,64,7,,,,,0,0,1,,,,,,,,,,,,,,,,,,,,,
,3133,,,0,39.630276,,,,,,,176,64,8,,,,,0,0,1,,,,,,,,,,,,,,,,,,,,,
,3134,,,0,39.661524,,,,,,,128,42,0,,,,,0,0,1,,,,,,,,,,,,,,,,,,,,,
,3135,,,0,39.669336,,,,,,,176,64,7,,,,,0,0,1,,,,,,,,,,,,,,,,,,,,,
,3136,,,0,39.679752,,,,,,,176,64,8,,,,,0,0,1,,,,,,,,,,,,,,,,,,,,,
,3137,,,0,39.690168,,,,,,,176,64,7,,,,,0,0,1,,,,,,,,,,,,,,,,,,,,,
,3138,,,0,39.700584,,,,,,,176,64,8,,,,,0,0,1,,,,,,,,,,,,,,,,,,,,,
,3139,,,0,39.729228,,,,,,,176,64,7,,,,,0,0,1,,,,,,,,,,,,,,,,,,,,,
,3140,,,0,39.739644,,,,,,,176,64,8,,,,,0,0,1,,,,,,,,,,,,,,,,,,,,,
,3141,,,0,39.750060,,,,,,,176,64,7,,,,,0,0,1,,,,,,,,,,,,,,,,,,,,,
,3142,,,0,39.760476,,,,,,,176,64,8,,,,,0,0,1,,,,,,,,,,,,,,,,,,,,,
,3143,,,0,39.781308,,,,,,,176,64,7,,,,,0,0,1,,,,,,,,,,,,,,,,,,,,,
,3144,,,0,39.791724,,,,,,,176,64,8,,,,,0,0,1,,,,,,,,,,,,,,,,,,,,,
309,3145,1,4442,0,39.822972,0.0,0.0,0,C3,,8,144,48,42,,6010,,,0,0,1,,0.5767195767195767,,0.33333333333333337,1,0.0,0.0,0.0,0.0,1.9,4.725,3.399166675000001,0.6847490363568753,0.0,0.0,0.0,0.0,0.0,3.428571,0.7324712,0.9595280308338365
,3146,,,0,39.830784,,,,,,,176,64,7,,,,,0,0,1,,,,,,,,,,,,,,,,,,,,,
,3147,,,0,39.851616,,,,,,,176,64,11,,,,,0,0,1,,,,,,,,,,,,,,,,,,,,,
,3148,,,0,39.882864,,,,,,,176,64,12,,,,,0,0,1,,,,,,,,,,,,,,,,,,,,,
,3149,,,0,39.885468,,,,,,,128,48,0,,,,,0,0,1,,,,,,,,,,,,,,,,,,,,,
,3150,,,0,39.890676,,,,,,,176,64,11,,,,,0,0,1,,,,,,,,,,,,,,,,,,,,,
309,3151,1,4443,0,39.895884,0.0,0.0,0,B2,,8,144,47,42,,6010,,,0,0,1,,0.5767195767195767,,0.33333333333333337,1,0.0,0.0,0.0,0.0,1.9,4.725,3.399166675000001,0.6847490363568753,0.0,0.0,0.0,0.0,0.0,3.428571,0.7324712,0.9595280308338365
,3152,,,0,39.901092,,,,,,,176,64,12,,,,,0,0,1,,,,,,,,,,,,,,,,,,,,,
,3153,,,0,39.919320,,,,,,,176,64,11,,,,,0,0,1,,,,,,,,,,,,,,,,,,,,,
,3154,,,0,39.929736,,,,,,,176,64,12,,,,,0,0,1,,,,,,,,,,,,,,,,,,,,,
,3155,,,0,39.953172,,,,,,,176,64,10,,,,,0,0,1,,,,,,,,,,,,,,,,,,,,,
,3156,,,0,39.960984,,,,,,,176,64,12,,,,,0,0,1,,,,,,,,,,,,,,,,,,,,,
,3157,,,0,39.963588,,,,,,,128,47,0,,,,,0,0,1,,,,,,,,,,,,,,,,,,,,,
,3158,,,0,39.971400,,,,,,,176,64,9,,,,,0,0,1,,,,,,,,,,,,,,,,,,,,,
,3159,,,0,39.981816,,,,,,,176,64,10,,,,,0,0,1,,,,,,,,,,,,,,,,,,,,,
,3160,,,0,39.989628,,,,,,,176,64,9,,,,,0,0,1,,,,,,,,,,,,,,,,,,,,,
309,3161,1,4444,0,39.997440,0.0,0.0,0,C3,,9,144,48,48,,6010,,,0,0,1,,0.5767195767195767,,0.33333333333333337,1,0.0,0.0,0.0,0.0,1.9,4.725,3.399166675000001,0.6847490363568753,0.0,0.0,0.0,0.0,0.0,3.428571,0.7324712,0.9595280308338365
,3162,,,0,40.000044,,,,,,,176,64,8,,,,,0,0,1,,,,,,,,,,,,,,,,,,,,,
,3163,,,0,40.031292,,,,,,,176,64,10,,,,,0,0,1,,,,,,,,,,,,,,,,,,,,,
,3164,,,0,40.039104,,,,,,,176,64,8,,,,,0,0,1,,,,,,,,,,,,,,,,,,,,,
,3165,,,0,40.059936,,,,,,,128,48,0,,,,,0,0,1,,,,,,,,,,,,,,,,,,,,,
309,3166,1,4445,0,40.067748,0.0,0.0,0,B2,,9,144,47,48,,6010,,,0,0,1,,0.5767195767195767,,0.33333333333333337,1,0.0,0.0,0.0,0.0,1.9,4.725,3.399166675000001,0.6847490363568753,0.0,0.0,0.0,0.0,0.0,3.428571,0.7324712,0.9595280308338365
,3167,,,0,40.119828,,,,,,,176,64,7,,,,,0,0,1,,,,,,,,,,,,,,,,,,,,,
,3168,,,0,40.130244,,,,,,,128,47,0,,,,,0,0,1,,,,,,,,,,,,,,,,,,,,,
,3169,,,0,40.130244,,,,,,,176,64,8,,,,,0,0,1,,,,,,,,,,,,,,,,,,,,,
,3170,,,0,40.151076,,,,,,,176,64,7,,,,,0,0,1,,,,,,,,,,,,,,,,,,,,,
,3171,,,0,40.158888,,,,,,,176,64,8,,,,,0,0,1,,,,,,,,,,,,,,,,,,,,,
309,3172,1,4446,0,40.166700,0.0,0.0,0,C3,,10,144,48,53,,6010,,,0,0,1,,0.5767195767195767,,0.33333333333333337,1,0.0,0.0,0.0,0.0,1.9,4.725,3.399166675000001,0.6847490363568753,0.0,0.0,0.0,0.0,0.0,3.428571,0.7324712,0.9595280308338365
,3173,,,0,40.210968,,,,,,,176,64,7,,,,,0,0,1,,,,,,,,,,,,,,,,,,,,,
,3174,,,0,40.218780,,,,,,,176,64,8,,,,,0,0,1,,,,,,,,,,,,,,,,,,,,,
,3175,,,0,40.229196,,,,,,,176,64,7,,,,,0,0,1,,,,,,,,,,,,,,,,,,,,,
,3176,,,0,40.231800,,,,,,,128,48,0,,,,,0,0,1,,,,,,,,,,,,,,,,,,,,,
309,3177,1,4447,0,40.237008,0.0,0.0,0,B2,,11,144,47,58,,6010,,,0,0,1,,0.5767195767195767,,0.33333333333333337,1,0.0,0.0,0.0,0.0,1.9,4.725,3.399166675000001,0.6847490363568753,0.0,0.0,0.0,0.0,0.0,3.428571,0.7324712,0.9595280308338365
,3178,,,0,40.250028,,,,,,,176,64,8,,,,,0,0,1,,,,,,,,,,,,,,,,,,,,,
,3179,,,0,40.270860,,,,,,,176,64,7,,,,,0,0,1,,,,,,,,,,,,,,,,,,,,,
,3180,,,0,40.281276,,,,,,,176,64,8,,,,,0,0,1,,,,,,,,,,,,,,,,,,,,,
,3181,,,0,40.289088,,,,,,,176,64,7,,,,,0,0,1,,,,,,,,,,,,,,,,,,,,,
,3182,,,0,40.309920,,,,,,,176,64,8,,,,,0,0,1,,,,,,,,,,,,,,,,,,,,,
,3183,,,0,40.312524,,,,,,,128,47,0,,,,,0,0,1,,,,,,,,,,,,,,,,,,,,,
,3184,,,0,40.320336,,,,,,,176,64,7,,,,,0,0,1,,,,,,,,,,,,,,,,,,,,,
,3185,,,0,40.330752,,,,,,,176,64,8,,,,,0,0,1,,,,,,,,,,,,,,,,,,,,,
309,3186,1,4448,0,40.330752,0.0,0.0,0,C3,,11,144,48,58,,6010,,,0,0,1,,0.5767195767195767,,0.33333333333333337,1,0.0,0.0,0.0,0.0,1.9,4.725,3.399166675000001,0.6847490363568753,0.0,0.0,0.0,0.0,0.0,3.428571,0.7324712,0.9595280308338365
,3187,,,0,40.359396,,,,,,,176,64,9,,,,,0,0,1,,,,,,,,,,,,,,,,,,,,,
,3188,,,0,40.369812,,,,,,,176,64,8,,,,,0,0,1,,,,,,,,,,,,,,,,,,,,,
,3189,,,0,40.380228,,,,,,,176,64,9,,,,,0,0,1,,,,,,,,,,,,,,,,,,,,,
,3190,,,0,40.390644,,,,,,,176,64,8,,,,,0,0,1,,,,,,,,,,,,,,,,,,,,,
,3191,,,0,40.395852,,,,,,,128,48,0,,,,,0,0,1,,,,,,,,,,,,,,,,,,,,,
,3192,,,0,40.401060,,,,,,,176,64,7,,,,,0,0,1,,,,,,,,,,,,,,,,,,,,,
,3193,,,0,40.401060,,,,,,,176,67,19,,,,,0,0,1,,,,,,,,,,,,,,,,,,,,,
,3194,,,0,40.408872,,,,,,,176,67,20,,,,,0,0,1,,,,,,,,,,,,,,,,,,,,,
,3195,,,0,40.429704,,,,,,,176,64,8,,,,,0,0,1,,,,,,,,,,,,,,,,,,,,,
,3196,,,0,40.460952,,,,,,,176,64,7,,,,,0,0,1,,,,,,,,,,,,,,,,,,,,,
,3197,,,0,40.468764,,,,,,,176,67,19,,,,,0,0,1,,,,,,,,,,,,,,,,,,,,,
309,3198,1,4449,0,40.476576,0.0,0.0,0,F#1,,11,144,30,58,,6010,,,0,0,1,,0.5767195767195767,,0.33333333333333337,1,0.0,0.0,0.0,0.0,1.9,4.725,3.399166675000001,0.6847490363568753,0.0,0.0,0.0,0.0,0.0,3.428571,0.7324712,0.9595280308338365
,3199,,,0,40.479180,,,,,,,176,64,8,,,,,0,0,1,,,,,,,,,,,,,,,,,,,,,
,3200,,,0,40.481784,,,,,,,176,67,20,,,,,0,0,1,,,,,,,,,,,,,,,,,,,,,
,3201,,,0,40.520844,,,,,,,176,64,7,,,,,0,0,1,,,,,,,,,,,,,,,,,,,,,
,3202,,,0,40.531260,,,,,,,176,64,8,,,,,0,0,1,,,,,,,,,,,,,,,,,,,,,
,3203,,,0,40.640628,,,,,,,176,64,9,,,,,0,0,1,,,,,,,,,,,,,,,,,,,,,
,3204,,,0,40.651044,,,,,,,176,64,8,,,,,0,0,1,,,,,,,,,,,,,,,,,,,,,
,3205,,,0,40.669272,,,,,,,176,64,7,,,,,0,0,1,,,,,,,,,,,,,,,,,,,,,
,3206,,,0,40.679688,,,,,,,176,64,8,,,,,0,0,1,,,,,,,,,,,,,,,,,,,,,
,3207,,,0,40.700520,,,,,,,176,64,7,,,,,0,0,1,,,,,,,,,,,,,,,,,,,,,
,3208,,,0,40.729164,,,,,,,176,64,8,,,,,0,0,1,,,,,,,,,,,,,,,,,,,,,
,3209,,,0,40.760412,,,,,,,176,64,7,,,,,0,0,1,,,,,,,,,,,,,,,,,,,,,
,3210,,,0,40.770828,,,,,,,176,64,8,,,,,0,0,1,,,,,,,,,,,,,,,,,,,,,
,3211,,,0,40.781244,,,,,,,176,64,7,,,,,0,0,1,,,,,,,,,,,,,,,,,,,,,
,3212,,,0,40.799472,,,,,,,176,64,8,,,,,0,0,1,,,,,,,,,,,,,,,,,,,,,
,3213,,,0,40.809888,,,,,,,176,64,7,,,,,0,0,1,,,,,,,,,,,,,,,,,,,,,
,3214,,,0,40.820304,,,,,,,176,64,8,,,,,0,0,1,,,,,,,,,,,,,,,,,,,,,
,3215,,,0,40.830720,,,,,,,176,64,7,,,,,0,0,1,,,,,,,,,,,,,,,,,,,,,
,3216,,,0,40.861968,,,,,,,176,64,8,,,,,0,0,1,,,,,,,,,,,,,,,,,,,,,
,3217,,,0,40.869780,,,,,,,176,64,7,,,,,0,0,1,,,,,,,,,,,,,,,,,,,,,
,3218,,,0,40.880196,,,,,,,176,64,8,,,,,0,0,1,,,,,,,,,,,,,,,,,,,,,
,3219,,,0,40.929672,,,,,,,176,64,7,,,,,0,0,1,,,,,,,,,,,,,,,,,,,,,
,3220,,,0,40.940088,,,,,,,176,64,8,,,,,0,0,1,,,,,,,,,,,,,,,,,,,,,
,3221,,,0,40.999980,,,,,,,128,30,0,,,,,0,0,1,,,,,,,,,,,,,,,,,,,,,
309,3222,1,4450,0,41.007792,0.0,0.0,0,F#3,,11,144,54,58,,6010,,,0,0,1,,0.5767195767195767,,0.33333333333333337,1,0.0,0.0,0.0,0.0,1.9,4.725,3.399166675000001,0.6847490363568753,0.0,0.0,0.0,0.0,0.0,3.428571,0.7324712,0.9595280308338365
309,3223,1,4450,0,41.010396,0.0,0.0,0,F2,,11,144,41,58,,6010,,,0,0,1,,0.5767195767195767,,0.33333333333333337,1,0.0,0.0,0.0,0.0,1.9,4.725,3.399166675000001,0.6847490363568753,0.0,0.0,0.0,0.0,0.0,3.428571,0.7324712,0.9595280308338365
,3224,,,0,41.020812,,,,,,,176,64,7,,,,,0,0,1,,,,,,,,,,,,,,,,,,,,,
309,3225,1,4450,0,41.028624,0.0,0.0,0,G#1,,11,144,32,58,,6010,,,0,0,1,,0.5767195767195767,,0.33333333333333337,1,0.0,0.0,0.0,0.0,1.9,4.725,3.399166675000001,0.6847490363568753,0.0,0.0,0.0,0.0,0.0,3.428571,0.7324712,0.9595280308338365
,3226,,,0,41.031228,,,,,,,176,64,8,,,,,0,0,1,,,,,,,,,,,,,,,,,,,,,
,3227,,,0,41.039040,,,,,,,176,64,7,,,,,0,0,1,,,,,,,,,,,,,,,,,,,,,
309,3228,1,4450,0,41.046852,0.0,0.0,0,C2,,11,144,36,58,,6010,,,0,0,1,,0.5767195767195767,,0.33333333333333337,1,0.0,0.0,0.0,0.0,1.9,4.725,3.399166675000001,0.6847490363568753,0.0,0.0,0.0,0.0,0.0,3.428571,0.7324712,0.9595280308338365
,3229,,,0,41.049456,,,,,,,176,64,8,,,,,0,0,1,,,,,,,,,,,,,,,,,,,,,
,3230,,,0,41.098932,,,,,,,176,64,7,,,,,0,0,1,,,,,,,,,,,,,,,,,,,,,
,3231,,,0,41.109348,,,,,,,176,64,8,,,,,0,0,1,,,,,,,,,,,,,,,,,,,,,
,3232,,,0,41.140596,,,,,,,176,64,7,,,,,0,0,1,,,,,,,,,,,,,,,,,,,,,
,3233,,,0,41.151012,,,,,,,176,64,8,,,,,0,0,1,,,,,,,,,,,,,,,,,,,,,
,3234,,,0,41.169240,,,,,,,176,64,7,,,,,0,0,1,,,,,,,,,,,,,,,,,,,,,
,3235,,,0,41.179656,,,,,,,176,64,8,,,,,0,0,1,,,,,,,,,,,,,,,,,,,,,
,3236,,,0,41.190072,,,,,,,176,64,7,,,,,0,0,1,,,,,,,,,,,,,,,,,,,,,
,3237,,,0,41.210904,,,,,,,176,64,8,,,,,0,0,1,,,,,,,,,,,,,,,,,,,,,
,3238,,,0,41.270796,,,,,,,176,64,7,,,,,0,0,1,,,,,,,,,,,,,,,,,,,,,
,3239,,,0,41.281212,,,,,,,176,64,8,,,,,0,0,1,,,,,,,,,,,,,,,,,,,,,
,3240,,,0,41.312460,,,,,,,176,64,7,,,,,0,0,1,,,,,,,,,,,,,,,,,,,,,
,3241,,,0,41.322876,,,,,,,176,64,8,,,,,0,0,1,,,,,,,,,,,,,,,,,,,,,
,3242,,,0,41.330688,,,,,,,176,64,7,,,,,0,0,1,,,,,,,,,,,,,,,,,,,,,
,3243,,,0,41.348916,,,,,,,176,64,8,,,,,0,0,1,,,,,,,,,,,,,,,,,,,,,
,3244,,,0,41.359332,,,,,,,176,64,7,,,,,0,0,1,,,,,,,,,,,,,,,,,,,,,
,3245,,,0,41.369748,,,,,,,176,64,8,,,,,0,0,1,,,,,,,,,,,,,,,,,,,,,
,3246,,,0,41.380164,,,,,,,176,64,9,,,,,0,0,1,,,,,,,,,,,,,,,,,,,,,
,3247,,,0,41.390580,,,,,,,176,64,11,,,,,0,0,1,,,,,,,,,,,,,,,,,,,,,
,3248,,,0,41.393184,,,,,,,128,36,0,,,,,0,0,1,,,,,,,,,,,,,,,,,,,,,
,3249,,,0,41.400996,,,,,,,128,41,0,,,,,0,0,1,,,,,,,,,,,,,,,,,,,,,
,3250,,,0,41.400996,,,,,,,176,64,12,,,,,0,0,1,,,,,,,,,,,,,,,,,,,,,
,3251,,,0,41.403600,,,,,,,128,32,0,,,,,0,0,1,,,,,,,,,,,,,,,,,,,,,
,3252,,,0,41.411412,,,,,,,176,64,18,,,,,0,0,1,,,,,,,,,,,,,,,,,,,,,
,3253,,,0,41.419224,,,,,,,176,64,22,,,,,0,0,1,,,,,,,,,,,,,,,,,,,,,
,3254,,,0,41.429640,,,,,,,176,64,26,,,,,0,0,1,,,,,,,,,,,,,,,,,,,,,
,3255,,,0,41.440056,,,,,,,176,64,30,,,,,0,0,1,,,,,,,,,,,,,,,,,,,,,
,3256,,,0,41.450472,,,,,,,176,64,35,,,,,0,0,1,,,,,,,,,,,,,,,,,,,,,
,3257,,,0,41.460888,,,,,,,176,64,40,,,,,0,0,1,,,,,,,,,,,,,,,,,,,,,
,3258,,,0,41.468700,,,,,,,176,64,46,,,,,0,0,1,,,,,,,,,,,,,,,,,,,,,
,3259,,,0,41.479116,,,,,,,176,64,53,,,,,0,0,1,,,,,,,,,,,,,,,,,,,,,
,3260,,,0,41.484324,,,,,,,128,54,0,,,,,0,0,1,,,,,,,,,,,,,,,,,,,,,
,3261,,,0,41.489532,,,,,,,176,64,61,,,,,0,0,1,,,,,,,,,,,,,,,,,,,,,
,3262,,,0,41.499948,,,,,,,176,64,69,,,,,1,0,1,,,,,,,,,,,,,,,,,,,,,
,3263,,,0,41.510364,,,,,,,176,64,75,,,,,1,0,1,,,,,,,,,,,,,,,,,,,,,
,3264,,,0,41.520780,,,,,,,176,64,79,,,,,1,0,1,,,,,,,,,,,,,,,,,,,,,
,3265,,,0,41.539008,,,,,,,176,64,81,,,,,1,0,1,,,,,,,,,,,,,,,,,,,,,
,3266,,,0,41.559840,,,,,,,176,64,83,,,,,1,0,1,,,,,,,,,,,,,,,,,,,,,
,3267,,,0,41.658792,,,,,,,176,64,81,,,,,1,0,1,,,,,,,,,,,,,,,,,,,,,
,3268,,,0,41.669208,,,,,,,176,64,79,,,,,1,0,1,,,,,,,,,,,,,,,,,,,,,
,3269,,,0,41.700456,,,,,,,176,64,77,,,,,1,0,1,,,,,,,,,,,,,,,,,,,,,
,3270,,,0,41.710872,,,,,,,176,64,73,,,,,1,0,1,,,,,,,,,,,,,,,,,,,,,
,3271,,,0,41.721288,,,,,,,176,64,68,,,,,1,0,1,,,,,,,,,,,,,,,,,,,,,
,3272,,,0,41.729100,,,,,,,176,64,57,,,,,0,0,1,,,,,,,,,,,,,,,,,,,,,
,3273,,,0,41.739516,,,,,,,176,64,44,,,,,0,0,1,,,,,,,,,,,,,,,,,,,,,
,3274,,,0,41.749932,,,,,,,176,64,29,,,,,0,0,1,,,,,,,,,,,,,,,,,,,,,
,3275,,,0,41.760348,,,,,,,176,64,16,,,,,0,0,1,,,,,,,,,,,,,,,,,,,,,
,3276,,,0,41.770764,,,,,,,176,64,10,,,,,0,0,1,,,,,,,,,,,,,,,,,,,,,
,3277,,,0,41.781180,,,,,,,176,64,8,,,,,0,0,1,,,,,,,,,,,,,,,,,,,,,
,3278,,,0,41.788992,,,,,,,176,64,7,,,,,0,0,1,,,,,,,,,,,,,,,,,,,,,
,3279,,,0,41.799408,,,,,,,176,64,8,,,,,0,0,1,,,,,,,,,,,,,,,,,,,,,
,3280,,,0,41.820240,,,,,,,176,64,7,,,,,0,0,1,,,,,,,,,,,,,,,,,,,,,
310,3281,1,4451,0,41.828052,0.0,0.0,0,E1,,5,144,28,26,,6011,,,0,0,1,0.44686325906509394,0.3358803683651377,0.5559870543365241,0.41015966646221913,1,0.041919,0.2289,0.09024267500000001,0.04155842333894989,1.925714,5.733333,3.682004,1.0954653251605915,78.729412,160.941616,109.44357714999998,23.44368034567783,0.0,2.786371,0.9642255000000001,0.859774964132563
,3282,,,0,41.830656,,,,,,,176,64,8,,,,,0,0,1,,,,,,,,,,,,,,,,,,,,,
,3283,,,0,41.841072,,,,,,,176,64,7,,,,,0,0,1,,,,,,,,,,,,,,,,,,,,,
310,3284,1,4451,0,41.843676,0.0,0.0,0,F#1,,14,144,30,74,,6011,,,0,0,1,0.44686325906509394,0.3358803683651377,0.5559870543365241,0.41015966646221913,1,0.041919,0.2289,0.09024267500000001,0.04155842333894989,1.925714,5.733333,3.682004,1.0954653251605915,78.729412,160.941616,109.44357714999998,23.44368034567783,0.0,2.786371,0.9642255000000001,0.859774964132563
,3285,,,0,41.848884,,,,,,,176,64,8,,,,,0,0,1,,,,,,,,,,,,,,,,,,,,,
,3286,,,0,41.869716,,,,,,,176,64,7,,,,,0,0,1,,,,,,,,,,,,,,,,,,,,,
,3287,,,0,41.880132,,,,,,,176,64,8,,,,,0,0,1,,,,,,,,,,,,,,,,,,,,,
,3288,,,0,41.908776,,,,,,,176,64,7,,,,,0,0,1,,,,,,,,,,,,,,,,,,,,,
,3289,,,0,41.919192,,,,,,,176,64,9,,,,,0,0,1,,,,,,,,,,,,,,,,,,,,,
,3290,,,0,41.929608,,,,,,,176,64,11,,,,,0,0,1,,,,,,,,,,,,,,,,,,,,,
,3291,,,0,41.940024,,,,,,,176,64,12,,,,,0,0,1,,,,,,,,,,,,,,,,,,,,,
,3292,,,0,41.950440,,,,,,,176,64,15,,,,,0,0,1,,,,,,,,,,,,,,,,,,,,,
,3293,,,0,41.968668,,,,,,,176,64,19,,,,,0,0,1,,,,,,,,,,,,,,,,,,,,,
,3294,,,0,41.979084,,,,,,,176,64,20,,,,,0,0,1,,,,,,,,,,,,,,,,,,,,,
,3295,,,0,41.997312,,,,,,,176,66,0,,,,,0,0,0,,,,,,,,,,,,,,,,,,,,,
,3296,,,0,41.999916,,,,,,,176,64,22,,,,,0,0,0,,,,,,,,,,,,,,,,,,,,,
,3297,,,0,42.010332,,,,,,,176,64,23,,,,,0,0,0,,,,,,,,,,,,,,,,,,,,,
,3298,,,0,42.028560,,,,,,,176,64,27,,,,,0,0,0,,,,,,,,,,,,,,,,,,,,,
,3299,,,0,42.049392,,,,,,,176,64,31,,,,,0,0,0,,,,,,,,,,,,,,,,,,,,,
,3300,,,0,42.059808,,,,,,,176,64,34,,,,,0,0,0,,,,,,,,,,,,,,,,,,,,,
,3301,,,0,42.070224,,,,,,,176,64,35,,,,,0,0,0,,,,,,,,,,,,,,,,,,,,,
,3302,,,0,42.080640,,,,,,,176,64,39,,,,,0,0,0,,,,,,,,,,,,,,,,,,,,,
,3303,,,0,42.091056,,,,,,,176,64,43,,,,,0,0,0,,,,,,,,,,,,,,,,,,,,,
,3304,,,0,42.098868,,,,,,,176,64,47,,,,,0,0,0,,,,,,,,,,,,,,,,,,,,,
,3305,,,0,42.109284,,,,,,,176,64,51,,,,,0,0,0,,,,,,,,,,,,,,,,,,,,,
,3306,,,0,42.119700,,,,,,,176,64,56,,,,,0,0,0,,,,,,,,,,,,,,,,,,,,,
,3307,,,0,42.130116,,,,,,,176,64,62,,,,,0,0,0,,,,,,,,,,,,,,,,,,,,,
,3308,,,0,42.140532,,,,,,,176,64,67,,,,,1,0,0,,,,,,,,,,,,,,,,,,,,,
,3309,,,0,42.150948,,,,,,,176,64,73,,,,,1,0,0,,,,,,,,,,,,,,,,,,,,,
,3310,,,0,42.153552,,,,,,,128,30,0,,,,,1,0,0,,,,,,,,,,,,,,,,,,,,,
,3311,,,0,42.158760,,,,,,,176,64,80,,,,,1,0,0,,,,,,,,,,,,,,,,,,,,,
,3312,,,0,42.171780,,,,,,,176,64,88,,,,,1,0,0,,,,,,,,,,,,,,,,,,,,,
,3313,,,0,42.171780,,,,,,,176,67,19,,,,,1,0,0,,,,,,,,,,,,,,,,,,,,,
,3314,,,0,42.179592,,,,,,,176,64,95,,,,,1,0,0,,,,,,,,,,,,,,,,,,,,,
,3315,,,0,42.179592,,,,,,,176,67,20,,,,,1,0,0,,,,,,,,,,,,,,,,,,,,,
,3316,,,0,42.182196,,,,,,,128,28,0,,,,,1,0,0,,,,,,,,,,,,,,,,,,,,,
,3317,,,0,42.190008,,,,,,,176,64,102,,,,,1,0,0,,,,,,,,,,,,,,,,,,,,,
,3318,,,0,42.200424,,,,,,,176,64,107,,,,,1,0,0,,,,,,,,,,,,,,,,,,,,,
,3319,,,0,42.210840,,,,,,,176,64,110,,,,,1,0,0,,,,,,,,,,,,,,,,,,,,,
,3320,,,0,42.218652,,,,,,,176,64,108,,,,,1,0,0,,,,,,,,,,,,,,,,,,,,,
,3321,,,0,42.229068,,,,,,,176,64,110,,,,,1,0,0,,,,,,,,,,,,,,,,,,,,,
,3322,,,0,42.242088,,,,,,,176,64,111,,,,,1,0,0,,,,,,,,,,,,,,,,,,,,,
,3323,,,0,42.341040,,,,,,,176,64,110,,,,,1,0,0,,,,,,,,,,,,,,,,,,,,,
,3324,,,0,42.348852,,,,,,,176,64,111,,,,,1,0,0,,,,,,,,,,,,,,,,,,,,,
310,3325,1,4452,0,42.364476,0.0,0.0,0,F#1,,18,144,30,96,,6011,,,1,0,0,0.44686325906509394,0.3358803683651377,0.5559870543365241,0.41015966646221913,1,0.041919,0.2289,0.09024267500000001,0.04155842333894989,1.925714,5.733333,3.682004,1.0954653251605915,78.729412,160.941616,109.44357714999998,23.44368034567783,0.0,2.786371,0.9642255000000001,0.859774964132563
310,3326,1,4453,0,42.439992,0.0,0.0,0,B1,,19,144,35,101,,6011,,,1,0,0,0.44686325906509394,0.3358803683651377,0.5559870543365241,0.41015966646221913,1,0.041919,0.2289,0.09024267500000001,0.04155842333894989,1.925714,5.733333,3.682004,1.0954653251605915,78.729412,160.941616,109.44357714999998,23.44368034567783,0.0,2.786371,0.9642255000000001,0.859774964132563
310,3327,1,4454,0,42.460824,0.0,0.0,0,C2,,20,144,36,106,,6011,,,1,0,0,0.44686325906509394,0.3358803683651377,0.5559870543365241,0.41015966646221913,1,0.041919,0.2289,0.09024267500000001,0.04155842333894989,1.925714,5.733333,3.682004,1.0954653251605915,78.729412,160.941616,109.44357714999998,23.44368034567783,0.0,2.786371,0.9642255000000001,0.859774964132563
,3328,,,0,42.510300,,,,,,,176,64,110,,,,,1,0,0,,,,,,,,,,,,,,,,,,,,,
,3329,,,0,42.510300,,,,,,,128,30,0,,,,,1,0,0,,,,,,,,,,,,,,,,,,,,,
,3330,,,0,42.520716,,,,,,,176,64,111,,,,,1,0,0,,,,,,,,,,,,,,,,,,,,,
,3331,,,0,42.531132,,,,,,,128,35,0,,,,,1,0,0,,,,,,,,,,,,,,,,,,,,,
,3332,,,0,42.598836,,,,,,,176,64,110,,,,,1,0,0,,,,,,,,,,,,,,,,,,,,,
,3333,,,0,42.609252,,,,,,,176,64,111,,,,,1,0,0,,,,,,,,,,,,,,,,,,,,,
,3334,,,0,42.617064,,,,,,,128,36,0,,,,,1,0,0,,,,,,,,,,,,,,,,,,,,,
,3335,,,0,42.650916,,,,,,,176,64,110,,,,,1,0,0,,,,,,,,,,,,,,,,,,,,,
,3336,,,0,42.661332,,,,,,,176,64,111,,,,,1,0,0,,,,,,,,,,,,,,,,,,,,,
310,3337,1,4456,0,42.726432,0.0,0.0,0,B1,,21,144,35,112,,6011,,,1,0,0,0.44686325906509394,0.3358803683651377,0.5559870543365241,0.41015966646221913,1,0.041919,0.2289,0.09024267500000001,0.04155842333894989,1.925714,5.733333,3.682004,1.0954653251605915,78.729412,160.941616,109.44357714999998,23.44368034567783,0.0,2.786371,0.9642255000000001,0.859774964132563
,3338,,,0,42.729036,,,,,,,176,67,19,,,,,1,0,0,,,,,,,,,,,,,,,,,,,,,
,3339,,,0,42.739452,,,,,,,176,67,20,,,,,1,0,0,,,,,,,,,,,,,,,,,,,,,
,3340,,,0,42.801948,,,,,,,128,35,0,,,,,1,0,0,,,,,,,,,,,,,,,,,,,,,
,3341,,,0,42.861840,,,,,,,176,64,110,,,,,1,0,0,,,,,,,,,,,,,,,,,,,,,
,3342,,,0,42.869652,,,,,,,176,64,111,,,,,1,0,0,,,,,,,,,,,,,,,,,,,,,
,3343,,,0,42.939960,,,,,,,176,64,110,,,,,1,0,0,,,,,,,,,,,,,,,,,,,,,
,3344,,,0,42.950376,,,,,,,176,64,111,,,,,1,0,0,,,,,,,,,,,,,,,,,,,,,
,3345,,,0,42.999852,,,,,,,176,64,110,,,,,1,0,0,,,,,,,,,,,,,,,,,,,,,
,3346,,,0,43.010268,,,,,,,176,64,111,,,,,1,0,0,,,,,,,,,,,,,,,,,,,,,
,3347,,,0,43.020684,,,,,,,176,64,110,,,,,1,0,0,,,,,,,,,,,,,,,,,,,,,
,3348,,,0,43.031100,,,,,,,176,64,111,,,,,1,0,0,,,,,,,,,,,,,,,,,,,,,
,3349,,,0,43.031100,,,,,,,176,67,19,,,,,1,0,0,,,,,,,,,,,,,,,,,,,,,
,3350,,,0,43.041516,,,,,,,176,67,20,,,,,1,0,0,,,,,,,,,,,,,,,,,,,,,
,3351,,,0,43.051932,,,,,,,176,64,105,,,,,1,0,0,,,,,,,,,,,,,,,,,,,,,
,3352,,,0,43.059744,,,,,,,176,64,95,,,,,1,0,0,,,,,,,,,,,,,,,,,,,,,
,3353,,,0,43.070160,,,,,,,176,64,74,,,,,1,0,0,,,,,,,,,,,,,,,,,,,,,
,3354,,,0,43.080576,,,,,,,176,64,44,,,,,0,0,0,,,,,,,,,,,,,,,,,,,,,
310,3355,1,4455,0,43.085784,0.0,0.0,0,E6,,14,144,88,74,,6011,,,0,0,0,0.44686325906509394,0.3358803683651377,0.5559870543365241,0.41015966646221913,1,0.041919,0.2289,0.09024267500000001,0.04155842333894989,1.925714,5.733333,3.682004,1.0954653251605915,78.729412,160.941616,109.44357714999998,23.44368034567783,0.0,2.786371,0.9642255000000001,0.859774964132563
,3356,,,0,43.090992,,,,,,,176,64,15,,,,,0,0,0,,,,,,,,,,,,,,,,,,,,,
310,3357,1,4457,0,43.093596,0.0,0.0,0,A#5,,17,144,82,90,,6011,,,0,0,0,0.44686325906509394,0.3358803683651377,0.5559870543365241,0.41015966646221913,1,0.041919,0.2289,0.09024267500000001,0.04155842333894989,1.925714,5.733333,3.682004,1.0954653251605915,78.729412,160.941616,109.44357714999998,23.44368034567783,0.0,2.786371,0.9642255000000001,0.859774964132563
,3358,,,0,43.101408,,,,,,,176,64,8,,,,,0,0,0,,,,,,,,,,,,,,,,,,,,,
310,3359,1,4458,0,43.109220,0.0,0.0,0,A#0,,22,144,22,117,,6011,,,0,0,0,0.44686325906509394,0.3358803683651377,0.5559870543365241,0.41015966646221913,1,0.041919,0.2289,0.09024267500000001,0.04155842333894989,1.925714,5.733333,3.682004,1.0954653251605915,78.729412,160.941616,109.44357714999998,23.44368034567783,0.0,2.786371,0.9642255000000001,0.859774964132563
310,3360,1,4458,0,43.111824,0.0,0.0,0,F#6,,20,144,90,106,,6011,,,0,0,0,0.44686325906509394,0.3358803683651377,0.5559870543365241,0.41015966646221913,1,0.041919,0.2289,0.09024267500000001,0.04155842333894989,1.925714,5.733333,3.682004,1.0954653251605915,78.729412,160.941616,109.44357714999998,23.44368034567783,0.0,2.786371,0.9642255000000001,0.859774964132563
,3361,,,0,43.119636,,,,,,,176,64,7,,,,,0,0,0,,,,,,,,,,,,,,,,,,,,,
,3362,,,0,43.130052,,,,,,,176,64,8,,,,,0,0,0,,,,,,,,,,,,,,,,,,,,,
,3363,,,0,43.150884,,,,,,,176,64,12,,,,,0,0,0,,,,,,,,,,,,,,,,,,,,,
,3364,,,0,43.161300,,,,,,,176,64,15,,,,,0,0,0,,,,,,,,,,,,,,,,,,,,,
,3365,,,0,43.171716,,,,,,,176,64,21,,,,,0,0,0,,,,,,,,,,,,,,,,,,,,,
,3366,,,0,43.179528,,,,,,,176,64,26,,,,,0,0,0,,,,,,,,,,,,,,,,,,,,,
,3367,,,0,43.189944,,,,,,,176,64,30,,,,,0,0,0,,,,,,,,,,,,,,,,,,,,,
,3368,,,0,43.192548,,,,,,,128,82,0,,,,,0,0,0,,,,,,,,,,,,,,,,,,,,,
,3369,,,0,43.200360,,,,,,,176,64,37,,,,,0,0,0,,,,,,,,,,,,,,,,,,,,,
,3370,,,0,43.210776,,,,,,,176,64,49,,,,,0,0,0,,,,,,,,,,,,,,,,,,,,,
,3371,,,0,43.210776,,,,,,,128,88,0,,,,,0,0,0,,,,,,,,,,,,,,,,,,,,,
,3372,,,0,43.218588,,,,,,,176,64,65,,,,,1,0,0,,,,,,,,,,,,,,,,,,,,,
,3373,,,0,43.229004,,,,,,,176,64,84,,,,,1,0,0,,,,,,,,,,,,,,,,,,,,,
,3374,,,0,43.239420,,,,,,,176,64,106,,,,,1,0,0,,,,,,,,,,,,,,,,,,,,,
,3375,,,0,43.242024,,,,,,,176,67,19,,,,,1,0,0,,,,,,,,,,,,,,,,,,,,,
,3376,,,0,43.249836,,,,,,,176,64,118,,,,,1,0,0,,,,,,,,,,,,,,,,,,,,,
,3377,,,0,43.249836,,,,,,,176,67,20,,,,,1,0,0,,,,,,,,,,,,,,,,,,,,,
,3378,,,0,43.260252,,,,,,,176,64,116,,,,,1,0,0,,,,,,,,,,,,,,,,,,,,,
,3379,,,0,43.262856,,,,,,,128,22,0,,,,,1,0,0,,,,,,,,,,,,,,,,,,,,,
,3380,,,0,43.270668,,,,,,,176,64,111,,,,,1,0,0,,,,,,,,,,,,,,,,,,,,,
,3381,,,0,43.288896,,,,,,,128,90,0,,,,,1,0,0,,,,,,,,,,,,,,,,,,,,,
,3382,,,0,43.291500,,,,,,,176,64,114,,,,,1,0,0,,,,,,,,,,,,,,,,,,,,,
,3383,,,0,43.301916,,,,,,,176,64,112,,,,,1,0,0,,,,,,,,,,,,,,,,,,,,,
,3384,,,0,43.309728,,,,,,,176,64,113,,,,,1,0,0,,,,,,,,,,,,,,,,,,,,,
,3385,,,0,43.320144,,,,,,,176,64,112,,,,,1,0,0,,,,,,,,,,,,,,,,,,,,,
,3386,,,0,43.330560,,,,,,,176,64,114,,,,,1,0,0,,,,,,,,,,,,,,,,,,,,,
,3387,,,0,43.340976,,,,,,,176,64,112,,,,,1,0,0,,,,,,,,,,,,,,,,,,,,,
,3388,,,0,43.351392,,,,,,,176,64,114,,,,,1,0,0,,,,,,,,,,,,,,,,,,,,,
,3389,,,0,43.361808,,,,,,,176,64,111,,,,,1,0,0,,,,,,,,,,,,,,,,,,,,,
,3390,,,0,43.369620,,,,,,,176,64,114,,,,,1,0,0,,,,,,,,,,,,,,,,,,,,,
,3391,,,0,43.380036,,,,,,,176,64,111,,,,,1,0,0,,,,,,,,,,,,,,,,,,,,,
,3392,,,0,43.390452,,,,,,,176,64,113,,,,,1,0,0,,,,,,,,,,,,,,,,,,,,,
,3393,,,0,43.400868,,,,,,,176,64,112,,,,,1,0,0,,,,,,,,,,,,,,,,,,,,,
,3394,,,0,43.411284,,,,,,,176,64,113,,,,,1,0,0,,,,,,,,,,,,,,,,,,,,,
,3395,,,0,43.421700,,,,,,,176,64,114,,,,,1,0,0,,,,,,,,,,,,,,,,,,,,,
,3396,,,0,43.429512,,,,,,,176,64,111,,,,,1,0,0,,,,,,,,,,,,,,,,,,,,,
,3397,,,0,43.460760,,,,,,,176,64,112,,,,,1,0,0,,,,,,,,,,,,,,,,,,,,,
,3398,,,0,43.471176,,,,,,,176,64,111,,,,,1,0,0,,,,,,,,,,,,,,,,,,,,,
,3399,,,0,43.481592,,,,,,,176,64,112,,,,,1,0,0,,,,,,,,,,,,,,,,,,,,,
,3400,,,0,43.492008,,,,,,,176,64,111,,,,,1,0,0,,,,,,,,,,,,,,,,,,,,,
,3401,,,0,43.520652,,,,,,,176,67,19,,,,,1,0,0,,,,,,,,,,,,,,,,,,,,,
,3402,,,0,43.531068,,,,,,,176,67,20,,,,,1,0,0,,,,,,,,,,,,,,,,,,,,,
310,3403,1,4459,0,43.562316,0.0,0.0,0,D#1,,20,144,27,106,,6011,,,1,0,0,0.44686325906509394,0.3358803683651377,0.5559870543365241,0.41015966646221913,1,0.041919,0.2289,0.09024267500000001,0.04155842333894989,1.925714,5.733333,3.682004,1.0954653251605915,78.729412,160.941616,109.44357714999998,23.44368034567783,0.0,2.786371,0.9642255000000001,0.859774964132563
,3404,,,0,43.661268,,,,,,,176,67,21,,,,,1,0,0,,,,,,,,,,,,,,,,,,,,,
,3405,,,0,43.671684,,,,,,,176,67,20,,,,,1,0,0,,,,,,,,,,,,,,,,,,,,,
,3406,,,0,43.679496,,,,,,,176,67,23,,,,,1,0,0,,,,,,,,,,,,,,,,,,,,,
310,3407,1,4460,0,43.687308,0.0,0.0,0,D7,,22,144,98,117,,6011,,,1,0,0,0.44686325906509394,0.3358803683651377,0.5559870543365241,0.41015966646221913,1,0.041919,0.2289,0.09024267500000001,0.04155842333894989,1.925714,5.733333,3.682004,1.0954653251605915,78.729412,160.941616,109.44357714999998,23.44368034567783,0.0,2.786371,0.9642255000000001,0.859774964132563
,3408,,,0,43.689912,,,,,,,176,67,25,,,,,1,0,0,,,,,,,,,,,,,,,,,,,,,
,3409,,,0,43.700328,,,,,,,176,67,26,,,,,1,0,0,,,,,,,,,,,,,,,,,,,,,
,3410,,,0,43.710744,,,,,,,176,67,27,,,,,1,0,0,,,,,,,,,,,,,,,,,,,,,
,3411,,,0,43.721160,,,,,,,176,64,110,,,,,1,0,0,,,,,,,,,,,,,,,,,,,,,
,3412,,,0,43.721160,,,,,,,176,67,26,,,,,1,0,0,,,,,,,,,,,,,,,,,,,,,
,3413,,,0,43.731576,,,,,,,176,64,111,,,,,1,0,0,,,,,,,,,,,,,,,,,,,,,
,3414,,,0,43.731576,,,,,,,176,67,27,,,,,1,0,0,,,,,,,,,,,,,,,,,,,,,
,3415,,,0,43.741992,,,,,,,176,67,26,,,,,1,0,0,,,,,,,,,,,,,,,,,,,,,
,3416,,,0,43.760220,,,,,,,176,67,27,,,,,1,0,0,,,,,,,,,,,,,,,,,,,,,
,3417,,,0,43.791468,,,,,,,176,67,30,,,,,1,0,0,,,,,,,,,,,,,,,,,,,,,
,3418,,,0,43.801884,,,,,,,176,67,33,,,,,1,0,0,,,,,,,,,,,,,,,,,,,,,
,3419,,,0,43.809696,,,,,,,176,67,35,,,,,1,0,0,,,,,,,,,,,,,,,,,,,,,
,3420,,,0,43.822716,,,,,,,176,64,109,,,,,1,0,0,,,,,,,,,,,,,,,,,,,,,
,3421,,,0,43.825320,,,,,,,176,67,37,,,,,1,0,0,,,,,,,,,,,,,,,,,,,,,
,3422,,,0,43.830528,,,,,,,176,64,107,,,,,1,0,0,,,,,,,,,,,,,,,,,,,,,
,3423,,,0,43.833132,,,,,,,176,67,40,,,,,1,0,0,,,,,,,,,,,,,,,,,,,,,
,3424,,,0,43.840944,,,,,,,176,64,104,,,,,1,0,0,,,,,,,,,,,,,,,,,,,,,
,3425,,,0,43.851360,,,,,,,176,64,99,,,,,1,0,0,,,,,,,,,,,,,,,,,,,,,
,3426,,,0,43.861776,,,,,,,176,64,92,,,,,1,0,0,,,,,,,,,,,,,,,,,,,,,
,3427,,,0,43.861776,,,,,,,176,67,45,,,,,1,0,0,,,,,,,,,,,,,,,,,,,,,
,3428,,,0,43.869588,,,,,,,176,64,86,,,,,1,0,0,,,,,,,,,,,,,,,,,,,,,
,3429,,,0,43.872192,,,,,,,176,67,46,,,,,1,0,0,,,,,,,,,,,,,,,,,,,,,
310,3430,1,4461,0,43.872192,0.0,0.0,0,F#1,,22,144,30,117,,6011,,,1,0,0,0.44686325906509394,0.3358803683651377,0.5559870543365241,0.41015966646221913,1,0.041919,0.2289,0.09024267500000001,0.04155842333894989,1.925714,5.733333,3.682004,1.0954653251605915,78.729412,160.941616,109.44357714999998,23.44368034567783,0.0,2.786371,0.9642255000000001,0.859774964132563
,3431,,,0,43.880004,,,,,,,176,64,78,,,,,1,0,0,,,,,,,,,,,,,,,,,,,,,
,3432,,,0,43.890420,,,,,,,176,64,68,,,,,1,0,0,,,,,,,,,,,,,,,,,,,,,
,3433,,,0,43.890420,,,,,,,176,67,47,,,,,1,0,0,,,,,,,,,,,,,,,,,,,,,
,3434,,,0,43.898232,,,,,,,128,27,0,,,,,1,0,0,,,,,,,,,,,,,,,,,,,,,
,3435,,,0,43.903440,,,,,,,176,64,57,,,,,0,0,0,,,,,,,,,,,,,,,,,,,,,
,3436,,,0,43.911252,,,,,,,176,64,45,,,,,0,0,0,,,,,,,,,,,,,,,,,,,,,
,3437,,,0,43.921668,,,,,,,176,64,34,,,,,0,0,0,,,,,,,,,,,,,,,,,,,,,
,3438,,,0,43.929480,,,,,,,176,64,27,,,,,0,0,0,,,,,,,,,,,,,,,,,,,,,
,3439,,,0,43.939896,,,,,,,176,64,22,,,,,0,0,0,,,,,,,,,,,,,,,,,,,,,
,3440,,,0,43.950312,,,,,,,176,64,17,,,,,0,0,0,,,,,,,,,,,,,,,,,,,,,
,3441,,,0,43.960728,,,,,,,176,64,16,,,,,0,0,0,,,,,,,,,,,,,,,,,,,,,
,3442,,,0,43.991976,,,,,,,176,64,15,,,,,0,0,0,,,,,,,,,,,,,,,,,,,,,
,3443,,,0,43.991976,,,,,,,176,67,46,,,,,0,0,0,,,,,,,,,,,,,,,,,,,,,
,3444,,,0,43.999788,,,,,,,176,67,47,,,,,0,0,0,,,,,,,,,,,,,,,,,,,,,
,3445,,,0,44.059680,,,,,,,176,64,12,,,,,0,0,0,,,,,,,,,,,,,,,,,,,,,
310,3446,1,4462,0,44.072700,0.0,0.0,0,A#0,,22,144,22,117,,6011,,,0,0,0,0.44686325906509394,0.3358803683651377,0.5559870543365241,0.41015966646221913,1,0.041919,0.2289,0.09024267500000001,0.04155842333894989,1.925714,5.733333,3.682004,1.0954653251605915,78.729412,160.941616,109.44357714999998,23.44368034567783,0.0,2.786371,0.9642255000000001,0.859774964132563
,3447,,,0,44.122176,,,,,,,128,30,0,,,,,0,0,0,,,,,,,,,,,,,,,,,,,,,
,3448,,,0,44.171652,,,,,,,176,67,52,,,,,0,0,0,,,,,,,,,,,,,,,,,,,,,
,3449,,,0,44.179464,,,,,,,176,67,54,,,,,0,0,0,,,,,,,,,,,,,,,,,,,,,
,3450,,,0,44.202900,,,,,,,176,64,15,,,,,0,0,0,,,,,,,,,,,,,,,,,,,,,
,3451,,,0,44.221128,,,,,,,176,64,18,,,,,0,0,0,,,,,,,,,,,,,,,,,,,,,
,3452,,,0,44.231544,,,,,,,176,64,21,,,,,0,0,0,,,,,,,,,,,,,,,,,,,,,
,3453,,,0,44.239356,,,,,,,176,64,23,,,,,0,0,0,,,,,,,,,,,,,,,,,,,,,
,3454,,,0,44.249772,,,,,,,176,64,27,,,,,0,0,0,,,,,,,,,,,,,,,,,,,,,
,3455,,,0,44.249772,,,,,,,176,67,55,,,,,0,0,0,,,,,,,,,,,,,,,,,,,,,
,3456,,,0,44.260188,,,,,,,176,64,30,,,,,0,0,0,,,,,,,,,,,,,,,,,,,,,
,3457,,,0,44.260188,,,,,,,176,67,60,,,,,0,0,0,,,,,,,,,,,,,,,,,,,,,
,3458,,,0,44.270604,,,,,,,176,64,32,,,,,0,0,0,,,,,,,,,,,,,,,,,,,,,
,3459,,,0,44.281020,,,,,,,176,64,35,,,,,0,0,0,,,,,,,,,,,,,,,,,,,,,
,3460,,,0,44.281020,,,,,,,176,67,66,,,,,0,1,0,,,,,,,,,,,,,,,,,,,,,
,3461,,,0,44.291436,,,,,,,176,64,37,,,,,0,1,0,,,,,,,,,,,,,,,,,,,,,
,3462,,,0,44.291436,,,,,,,176,67,67,,,,,0,1,0,,,,,,,,,,,,,,,,,,,,,
,3463,,,0,44.301852,,,,,,,176,64,42,,,,,0,1,0,,,,,,,,,,,,,,,,,,,,,
,3464,,,0,44.301852,,,,,,,176,67,70,,,,,0,1,0,,,,,,,,,,,,,,,,,,,,,
,3465,,,0,44.304456,,,,,,,128,22,0,,,,,0,1,0,,,,,,,,,,,,,,,,,,,,,
,3466,,,0,44.309664,,,,,,,176,64,46,,,,,0,1,0,,,,,,,,,,,,,,,,,,,,,
,3467,,,0,44.312268,,,,,,,176,67,73,,,,,0,1,0,,,,,,,,,,,,,,,,,,,,,
,3468,,,0,44.320080,,,,,,,176,64,51,,,,,0,1,0,,,,,,,,,,,,,,,,,,,,,
,3469,,,0,44.322684,,,,,,,176,67,74,,,,,0,1,0,,,,,,,,,,,,,,,,,,,,,
,3470,,,0,44.330496,,,,,,,176,64,59,,,,,0,1,0,,,,,,,,,,,,,,,,,,,,,
,3471,,,0,44.330496,,,,,,,176,67,77,,,,,0,1,0,,,,,,,,,,,,,,,,,,,,,
,3472,,,0,44.340912,,,,,,,176,64,65,,,,,1,1,0,,,,,,,,,,,,,,,,,,,,,
,3473,,,0,44.340912,,,,,,,176,67,80,,,,,1,1,0,,,,,,,,,,,,,,,,,,,,,
,3474,,,0,44.351328,,,,,,,176,64,70,,,,,1,1,0,,,,,,,,,,,,,,,,,,,,,
,3475,,,0,44.351328,,,,,,,176,67,86,,,,,1,1,0,,,,,,,,,,,,,,,,,,,,,
310,3476,1,4463,0,44.353932,0.0,0.0,0,F#1,,20,144,30,106,,6011,,,1,1,0,0.44686325906509394,0.3358803683651377,0.5559870543365241,0.41015966646221913,1,0.041919,0.2289,0.09024267500000001,0.04155842333894989,1.925714,5.733333,3.682004,1.0954653251605915,78.729412,160.941616,109.44357714999998,23.44368034567783,0.0,2.786371,0.9642255000000001,0.859774964132563
,3477,,,0,44.361744,,,,,,,176,64,75,,,,,1,1,0,,,,,,,,,,,,,,,,,,,,,
,3478,,,0,44.361744,,,,,,,176,67,93,,,,,1,1,0,,,,,,,,,,,,,,,,,,,,,
,3479,,,0,44.369556,,,,,,,176,67,100,,,,,1,1,0,,,,,,,,,,,,,,,,,,,,,
,3480,,,0,44.379972,,,,,,,176,67,110,,,,,1,1,0,,,,,,,,,,,,,,,,,,,,,
,3481,,,0,44.390388,,,,,,,176,67,120,,,,,1,1,0,,,,,,,,,,,,,,,,,,,,,
,3482,,,0,44.400804,,,,,,,176,67,127,,,,,1,1,0,,,,,,,,,,,,,,,,,,,,,
,3483,,,0,44.411220,,,,,,,176,64,71,,,,,1,1,0,,,,,,,,,,,,,,,,,,,,,
,3484,,,0,44.429448,,,,,,,176,64,67,,,,,1,1,0,,,,,,,,,,,,,,,,,,,,,
,3485,,,0,44.460696,,,,,,,176,64,63,,,,,0,1,0,,,,,,,,,,,,,,,,,,,,,
,3486,,,0,44.471112,,,,,,,176,64,61,,,,,0,1,0,,,,,,,,,,,,,,,,,,,,,
,3487,,,0,44.481528,,,,,,,176,64,57,,,,,0,1,0,,,,,,,,,,,,,,,,,,,,,
,3488,,,0,44.491944,,,,,,,176,64,49,,,,,0,1,0,,,,,,,,,,,,,,,,,,,,,
,3489,,,0,44.499756,,,,,,,176,64,38,,,,,0,1,0,,,,,,,,,,,,,,,,,,,,,
,3490,,,0,44.510172,,,,,,,176,64,30,,,,,0,1,0,,,,,,,,,,,,,,,,,,,,,
,3491,,,0,44.520588,,,,,,,176,64,24,,,,,0,1,0,,,,,,,,,,,,,,,,,,,,,
310,3492,1,4464,0,44.520588,0.0,0.0,0,C2,,17,144,36,90,,6011,,,0,1,0,0.44686325906509394,0.3358803683651377,0.5559870543365241,0.41015966646221913,1,0.041919,0.2289,0.09024267500000001,0.04155842333894989,1.925714,5.733333,3.682004,1.0954653251605915,78.729412,160.941616,109.44357714999998,23.44368034567783,0.0,2.786371,0.9642255000000001,0.859774964132563
,3493,,,0,44.531004,,,,,,,176,64,19,,,,,0,1,0,,,,,,,,,,,,,,,,,,,,,
,3494,,,0,44.533608,,,,,,,128,30,0,,,,,0,1,0,,,,,,,,,,,,,,,,,,,,,
,3495,,,0,44.541420,,,,,,,176,64,16,,,,,0,1,0,,,,,,,,,,,,,,,,,,,,,
,3496,,,0,44.551836,,,,,,,176,64,14,,,,,0,1,0,,,,,,,,,,,,,,,,,,,,,
,3497,,,0,44.557044,,,,,,,128,98,0,,,,,0,1,0,,,,,,,,,,,,,,,,,,,,,
,3498,,,0,44.559648,,,,,,,176,64,12,,,,,0,1,0,,,,,,,,,,,,,,,,,,,,,
,3499,,,0,44.590896,,,,,,,176,64,11,,,,,0,1,0,,,,,,,,,,,,,,,,,,,,,
,3500,,,0,44.601312,,,,,,,176,64,8,,,,,0,1,0,,,,,,,,,,,,,,,,,,,,,
,3501,,,0,44.611728,,,,,,,176,64,7,,,,,0,1,0,,,,,,,,,,,,,,,,,,,,,
,3502,,,0,44.640372,,,,,,,176,64,8,,,,,0,1,0,,,,,,,,,,,,,,,,,,,,,
,3503,,,0,44.679432,,,,,,,176,64,7,,,,,0,1,0,,,,,,,,,,,,,,,,,,,,,
,3504,,,0,44.700264,,,,,,,176,64,8,,,,,0,1,0,,,,,,,,,,,,,,,,,,,,,
,3505,,,0,44.705472,,,,,,,128,36,0,,,,,0,1,0,,,,,,,,,,,,,,,,,,,,,
,3506,,,0,44.710680,,,,,,,176,64,7,,,,,0,1,0,,,,,,,,,,,,,,,,,,,,,
,3507,,,0,44.731512,,,,,,,176,64,8,,,,,0,1,0,,,,,,,,,,,,,,,,,,,,,
310,3508,1,4465,0,44.731512,0.0,0.0,0,B1,,13,144,35,69,,6011,,,0,1,0,0.44686325906509394,0.3358803683651377,0.5559870543365241,0.41015966646221913,1,0.041919,0.2289,0.09024267500000001,0.04155842333894989,1.925714,5.733333,3.682004,1.0954653251605915,78.729412,160.941616,109.44357714999998,23.44368034567783,0.0,2.786371,0.9642255000000001,0.859774964132563
,3509,,,0,44.739324,,,,,,,176,64,7,,,,,0,1,0,,,,,,,,,,,,,,,,,,,,,
,3510,,,0,44.749740,,,,,,,176,64,8,,,,,0,1,0,,,,,,,,,,,,,,,,,,,,,
,3511,,,0,44.780988,,,,,,,176,64,7,,,,,0,1,0,,,,,,,,,,,,,,,,,,,,,
,3512,,,0,44.791404,,,,,,,176,64,8,,,,,0,1,0,,,,,,,,,,,,,,,,,,,,,
,3513,,,0,44.809632,,,,,,,176,64,7,,,,,0,1,0,,,,,,,,,,,,,,,,,,,,,
,3514,,,0,44.812236,,,,,,,128,35,0,,,,,0,1,0,,,,,,,,,,,,,,,,,,,,,
,3515,,,0,44.820048,,,,,,,176,64,8,,,,,0,1,0,,,,,,,,,,,,,,,,,,,,,
310,3516,1,4466,0,44.835672,0.0,0.0,0,C2,,10,144,36,53,,6011,,,0,1,0,0.44686325906509394,0.3358803683651377,0.5559870543365241,0.41015966646221913,1,0.041919,0.2289,0.09024267500000001,0.04155842333894989,1.925714,5.733333,3.682004,1.0954653251605915,78.729412,160.941616,109.44357714999998,23.44368034567783,0.0,2.786371,0.9642255000000001,0.859774964132563
,3517,,,0,44.840880,,,,,,,176,64,7,,,,,0,1,0,,,,,,,,,,,,,,,,,,,,,
,3518,,,0,44.851296,,,,,,,176,64,8,,,,,0,1,0,,,,,,,,,,,,,,,,,,,,,
,3519,,,0,44.861712,,,,,,,176,64,7,,,,,0,1,0,,,,,,,,,,,,,,,,,,,,,
,3520,,,0,44.890356,,,,,,,176,64,8,,,,,0,1,0,,,,,,,,,,,,,,,,,,,,,
,3521,,,0,44.908584,,,,,,,128,36,0,,,,,0,1,0,,,,,,,,,,,,,,,,,,,,,
,3522,,,0,44.911188,,,,,,,176,64,7,,,,,0,1,0,,,,,,,,,,,,,,,,,,,,,
310,3523,1,4467,0,44.916396,0.0,0.0,0,B1,,8,144,35,42,,6011,,,0,1,0,0.44686325906509394,0.3358803683651377,0.5559870543365241,0.41015966646221913,1,0.041919,0.2289,0.09024267500000001,0.04155842333894989,1.925714,5.733333,3.682004,1.0954653251605915,78.729412,160.941616,109.44357714999998,23.44368034567783,0.0,2.786371,0.9642255000000001,0.859774964132563
,3524,,,0,44.929416,,,,,,,176,64,8,,,,,0,1,0,,,,,,,,,,,,,,,,,,,,,
,3525,,,0,44.971080,,,,,,,176,64,7,,,,,0,1,0,,,,,,,,,,,,,,,,,,,,,
,3526,,,0,44.981496,,,,,,,176,64,8,,,,,0,1,0,,,,,,,,,,,,,,,,,,,,,
,3527,,,0,44.989308,,,,,,,176,64,7,,,,,0,1,0,,,,,,,,,,,,,,,,,,,,,
,3528,,,0,45.020556,,,,,,,176,64,8,,,,,0,1,0,,,,,,,,,,,,,,,,,,,,,
,3529,,,0,45.041388,,,,,,,176,64,7,,,,,0,1,0,,,,,,,,,,,,,,,,,,,,,
,3530,,,0,45.051804,,,,,,,176,64,8,,,,,0,1,0,,,,,,,,,,,,,,,,,,,,,
,3531,,,0,45.059616,,,,,,,176,64,12,,,,,0,1,0,,,,,,,,,,,,,,,,,,,,,
,3532,,,0,45.070032,,,,,,,176,64,13,,,,,0,1,0,,,,,,,,,,,,,,,,,,,,,
,3533,,,0,45.080448,,,,,,,176,64,18,,,,,0,1,0,,,,,,,,,,,,,,,,,,,,,
,3534,,,0,45.090864,,,,,,,176,64,22,,,,,0,1,0,,,,,,,,,,,,,,,,,,,,,
,3535,,,0,45.101280,,,,,,,176,64,26,,,,,0,1,0,,,,,,,,,,,,,,,,,,,,,
,3536,,,0,45.111696,,,,,,,176,64,28,,,,,0,1,0,,,,,,,,,,,,,,,,,,,,,
,3537,,,0,45.119508,,,,,,,176,64,34,,,,,0,1,0,,,,,,,,,,,,,,,,,,,,,
,3538,,,0,45.129924,,,,,,,176,64,41,,,,,0,1,0,,,,,,,,,,,,,,,,,,,,,
,3539,,,0,45.140340,,,,,,,176,64,50,,,,,0,1,0,,,,,,,,,,,,,,,,,,,,,
,3540,,,0,45.150756,,,,,,,176,64,62,,,,,0,1,0,,,,,,,,,,,,,,,,,,,,,
,3541,,,0,45.161172,,,,,,,176,64,76,,,,,1,1,0,,,,,,,,,,,,,,,,,,,,,
,3542,,,0,45.171588,,,,,,,176,64,92,,,,,1,1,0,,,,,,,,,,,,,,,,,,,,,
,3543,,,0,45.179400,,,,,,,176,64,104,,,,,1,1,0,,,,,,,,,,,,,,,,,,,,,
,3544,,,0,45.189816,,,,,,,176,64,113,,,,,1,1,0,,,,,,,,,,,,,,,,,,,,,
,3545,,,0,45.200232,,,,,,,176,64,111,,,,,1,1,0,,,,,,,,,,,,,,,,,,,,,
,3546,,,0,45.210648,,,,,,,176,64,107,,,,,1,1,0,,,,,,,,,,,,,,,,,,,,,
,3547,,,0,45.221064,,,,,,,176,64,111,,,,,1,1,0,,,,,,,,,,,,,,,,,,,,,
,3548,,,0,45.239292,,,,,,,176,64,110,,,,,1,1,0,,,,,,,,,,,,,,,,,,,,,
,3549,,,0,45.257520,,,,,,,128,35,0,,,,,1,1,0,,,,,,,,,,,,,,,,,,,,,
,3550,,,0,45.262728,,,,,,,176,64,111,,,,,1,1,0,,,,,,,,,,,,,,,,,,,,,
,3551,,,0,45.351264,,,,,,,176,64,110,,,,,1,1,0,,,,,,,,,,,,,,,,,,,,,
,3552,,,0,45.361680,,,,,,,176,64,111,,,,,1,1,0,,,,,,,,,,,,,,,,,,,,,
,3553,,,0,45.369492,,,,,,,176,64,109,,,,,1,1,0,,,,,,,,,,,,,,,,,,,,,
,3554,,,0,45.379908,,,,,,,176,64,110,,,,,1,1,0,,,,,,,,,,,,,,,,,,,,,
,3555,,,0,45.400740,,,,,,,176,64,111,,,,,1,1,0,,,,,,,,,,,,,,,,,,,,,
,3556,,,0,45.421572,,,,,,,176,64,110,,,,,1,1,0,,,,,,,,,,,,,,,,,,,,,
,3557,,,0,45.429384,,,,,,,176,64,111,,,,,1,1,0,,,,,,,,,,,,,,,,,,,,,
,3558,,,0,45.439800,,,,,,,176,64,110,,,,,1,1,0,,,,,,,,,,,,,,,,,,,,,
,3559,,,0,45.460632,,,,,,,176,64,109,,,,,1,1,0,,,,,,,,,,,,,,,,,,,,,
,3560,,,0,45.471048,,,,,,,176,64,110,,,,,1,1,0,,,,,,,,,,,,,,,,,,,,,
,3561,,,0,45.481464,,,,,,,176,64,109,,,,,1,1,0,,,,,,,,,,,,,,,,,,,,,
,3562,,,0,45.489276,,,,,,,176,64,111,,,,,1,1,0,,,,,,,,,,,,,,,,,,,,,
,3563,,,0,45.499692,,,,,,,176,64,108,,,,,1,1,0,,,,,,,,,,,,,,,,,,,,,
,3564,,,0,45.510108,,,,,,,176,64,110,,,,,1,1,0,,,,,,,,,,,,,,,,,,,,,
,3565,,,0,45.541356,,,,,,,176,64,109,,,,,1,1,0,,,,,,,,,,,,,,,,,,,,,
,3566,,,0,45.551772,,,,,,,176,64,108,,,,,1,1,0,,,,,,,,,,,,,,,,,,,,,
,3567,,,0,45.559584,,,,,,,176,64,111,,,,,1,1,0,,,,,,,,,,,,,,,,,,,,,
,3568,,,0,45.570000,,,,,,,176,64,108,,,,,1,1,0,,,,,,,,,,,,,,,,,,,,,
,3569,,,0,45.580416,,,,,,,176,64,110,,,,,1,1,0,,,,,,,,,,,,,,,,,,,,,
,3570,,,0,45.590832,,,,,,,176,64,108,,,,,1,1,0,,,,,,,,,,,,,,,,,,,,,
,3571,,,0,45.601248,,,,,,,176,64,110,,,,,1,1,0,,,,,,,,,,,,,,,,,,,,,
,3572,,,0,45.611664,,,,,,,176,64,109,,,,,1,1,0,,,,,,,,,,,,,,,,,,,,,
,3573,,,0,45.619476,,,,,,,176,64,110,,,,,1,1,0,,,,,,,,,,,,,,,,,,,,,
,3574,,,0,45.629892,,,,,,,176,64,108,,,,,1,1,0,,,,,,,,,,,,,,,,,,,,,
,3575,,,0,45.640308,,,,,,,176,64,109,,,,,1,1,0,,,,,,,,,,,,,,,,,,,,,
,3576,,,0,45.650724,,,,,,,176,64,111,,,,,1,1,0,,,,,,,,,,,,,,,,,,,,,
,3577,,,0,45.661140,,,,,,,176,64,108,,,,,1,1,0,,,,,,,,,,,,,,,,,,,,,
,3578,,,0,45.671556,,,,,,,176,64,110,,,,,1,1,0,,,,,,,,,,,,,,,,,,,,,
,3579,,,0,45.679368,,,,,,,176,64,109,,,,,1,1,0,,,,,,,,,,,,,,,,,,,,,
,3580,,,0,45.689784,,,,,,,176,64,110,,,,,1,1,0,,,,,,,,,,,,,,,,,,,,,
,3581,,,0,45.700200,,,,,,,176,64,107,,,,,1,1,0,,,,,,,,,,,,,,,,,,,,,
,3582,,,0,45.710616,,,,,,,176,64,110,,,,,1,1,0,,,,,,,,,,,,,,,,,,,,,
,3583,,,0,45.721032,,,,,,,176,64,107,,,,,1,1,0,,,,,,,,,,,,,,,,,,,,,
,3584,,,0,45.731448,,,,,,,176,64,109,,,,,1,1,0,,,,,,,,,,,,,,,,,,,,,
,3585,,,0,45.739260,,,,,,,176,64,107,,,,,1,1,0,,,,,,,,,,,,,,,,,,,,,
,3586,,,0,45.770508,,,,,,,176,64,106,,,,,1,1,0,,,,,,,,,,,,,,,,,,,,,
,3587,,,0,45.780924,,,,,,,176,64,100,,,,,1,1,0,,,,,,,,,,,,,,,,,,,,,
310,3588,1,4468,0,45.788736,0.0,0.0,0,F#6,,14,144,90,74,,6011,,,1,1,0,0.44686325906509394,0.3358803683651377,0.5559870543365241,0.41015966646221913,1,0.041919,0.2289,0.09024267500000001,0.04155842333894989,1.925714,5.733333,3.682004,1.0954653251605915,78.729412,160.941616,109.44357714999998,23.44368034567783,0.0,2.786371,0.9642255000000001,0.859774964132563
,3589,,,0,45.791340,,,,,,,176,64,93,,,,,1,1,0,,,,,,,,,,,,,,,,,,,,,
,3590,,,0,45.801756,,,,,,,176,64,82,,,,,1,1,0,,,,,,,,,,,,,,,,,,,,,
310,3591,1,4468,0,45.809568,0.0,0.0,0,A#0,,14,144,22,74,,6011,,,1,1,0,0.44686325906509394,0.3358803683651377,0.5559870543365241,0.41015966646221913,1,0.041919,0.2289,0.09024267500000001,0.04155842333894989,1.925714,5.733333,3.682004,1.0954653251605915,78.729412,160.941616,109.44357714999998,23.44368034567783,0.0,2.786371,0.9642255000000001,0.859774964132563
,3592,,,0,45.809568,,,,,,,176,64,65,,,,,1,1,0,,,,,,,,,,,,,,,,,,,,,
310,3593,1,4468,0,45.812172,0.0,0.0,0,F#1,,14,144,30,74,,6011,,,1,1,0,0.44686325906509394,0.3358803683651377,0.5559870543365241,0.41015966646221913,1,0.041919,0.2289,0.09024267500000001,0.04155842333894989,1.925714,5.733333,3.682004,1.0954653251605915,78.729412,160.941616,109.44357714999998,23.44368034567783,0.0,2.786371,0.9642255000000001,0.859774964132563
,3594,,,0,45.819984,,,,,,,176,64,47,,,,,0,1,0,,,,,,,,,,,,,,,,,,,,,
310,3595,1,4468,0,45.827796,0.0,0.0,0,B1,,14,144,35,74,,6011,,,0,1,0,0.44686325906509394,0.3358803683651377,0.5559870543365241,0.41015966646221913,1,0.041919,0.2289,0.09024267500000001,0.04155842333894989,1.925714,5.733333,3.682004,1.0954653251605915,78.729412,160.941616,109.44357714999998,23.44368034567783,0.0,2.786371,0.9642255000000001,0.859774964132563
310,3596,1,4468,0,45.830400,0.0,0.0,0,C2,,14,144,36,74,,6011,,,0,1,0,0.44686325906509394,0.3358803683651377,0.5559870543365241,0.41015966646221913,1,0.041919,0.2289,0.09024267500000001,0.04155842333894989,1.925714,5.733333,3.682004,1.0954653251605915,78.729412,160.941616,109.44357714999998,23.44368034567783,0.0,2.786371,0.9642255000000001,0.859774964132563
,3597,,,0,45.830400,,,,,,,176,64,29,,,,,0,1,0,,,,,,,,,,,,,,,,,,,,,
,3598,,,0,45.840816,,,,,,,176,64,17,,,,,0,1,0,,,,,,,,,,,,,,,,,,,,,
310,3599,1,4468,0,45.848628,0.0,0.0,0,D#1,,14,144,27,74,,6011,,,0,1,0,0.44686325906509394,0.3358803683651377,0.5559870543365241,0.41015966646221913,1,0.041919,0.2289,0.09024267500000001,0.04155842333894989,1.925714,5.733333,3.682004,1.0954653251605915,78.729412,160.941616,109.44357714999998,23.44368034567783,0.0,2.786371,0.9642255000000001,0.859774964132563
,3600,,,0,45.851232,,,,,,,176,64,12,,,,,0,1,0,,,,,,,,,,,,,,,,,,,,,
310,3601,1,4468,0,45.851232,0.0,0.0,0,E1,,14,144,28,74,,6011,,,0,1,0,0.44686325906509394,0.3358803683651377,0.5559870543365241,0.41015966646221913,1,0.041919,0.2289,0.09024267500000001,0.04155842333894989,1.925714,5.733333,3.682004,1.0954653251605915,78.729412,160.941616,109.44357714999998,23.44368034567783,0.0,2.786371,0.9642255000000001,0.859774964132563
,3602,,,0,45.869460,,,,,,,176,64,8,,,,,0,1,0,,,,,,,,,,,,,,,,,,,,,
,3603,,,0,45.879876,,,,,,,176,64,9,,,,,0,1,0,,,,,,,,,,,,,,,,,,,,,
,3604,,,0,45.890292,,,,,,,176,64,8,,,,,0,1,0,,,,,,,,,,,,,,,,,,,,,
,3605,,,0,45.911124,,,,,,,176,64,7,,,,,0,1,0,,,,,,,,,,,,,,,,,,,,,
,3606,,,0,45.921540,,,,,,,176,64,8,,,,,0,1,0,,,,,,,,,,,,,,,,,,,,,
,3607,,,0,45.929352,,,,,,,176,64,7,,,,,0,1,0,,,,,,,,,,,,,,,,,,,,,
,3608,,,0,45.939768,,,,,,,176,64,8,,,,,0,1,0,,,,,,,,,,,,,,,,,,,,,
,3609,,,0,45.960600,,,,,,,176,64,7,,,,,0,1,0,,,,,,,,,,,,,,,,,,,,,
,3610,,,0,45.989244,,,,,,,176,64,8,,,,,0,1,0,,,,,,,,,,,,,,,,,,,,,
,3611,,,0,45.999660,,,,,,,176,64,7,,,,,0,1,0,,,,,,,,,,,,,,,,,,,,,
,3612,,,0,46.010076,,,,,,,176,64,8,,,,,0,1,0,,,,,,,,,,,,,,,,,,,,,
,3613,,,0,46.020492,,,,,,,176,64,7,,,,,0,1,0,,,,,,,,,,,,,,,,,,,,,
,3614,,,0,46.028304,,,,,,,176,64,8,,,,,0,1,0,,,,,,,,,,,,,,,,,,,,,
,3615,,,0,46.049136,,,,,,,176,64,7,,,,,0,1,0,,,,,,,,,,,,,,,,,,,,,
,3616,,,0,46.059552,,,,,,,176,64,11,,,,,0,1,0,,,,,,,,,,,,,,,,,,,,,
,3617,,,0,46.080384,,,,,,,176,64,12,,,,,0,1,0,,,,,,,,,,,,,,,,,,,,,
,3618,,,0,46.098612,,,,,,,176,64,15,,,,,0,1,0,,,,,,,,,,,,,,,,,,,,,
,3619,,,0,46.109028,,,,,,,176,64,19,,,,,0,1,0,,,,,,,,,,,,,,,,,,,,,
,3620,,,0,46.119444,,,,,,,176,64,21,,,,,0,1,0,,,,,,,,,,,,,,,,,,,,,
,3621,,,0,46.129860,,,,,,,176,64,23,,,,,0,1,0,,,,,,,,,,,,,,,,,,,,,
,3622,,,0,46.140276,,,,,,,176,64,26,,,,,0,1,0,,,,,,,,,,,,,,,,,,,,,
,3623,,,0,46.150692,,,,,,,176,64,27,,,,,0,1,0,,,,,,,,,,,,,,,,,,,,,
,3624,,,0,46.158504,,,,,,,176,64,31,,,,,0,1,0,,,,,,,,,,,,,,,,,,,,,
,3625,,,0,46.168920,,,,,,,176,64,35,,,,,0,1,0,,,,,,,,,,,,,,,,,,,,,
,3626,,,0,46.179336,,,,,,,176,64,42,,,,,0,1,0,,,,,,,,,,,,,,,,,,,,,
,3627,,,0,46.189752,,,,,,,176,64,50,,,,,0,1,0,,,,,,,,,,,,,,,,,,,,,
,3628,,,0,46.200168,,,,,,,176,64,61,,,,,0,1,0,,,,,,,,,,,,,,,,,,,,,
,3629,,,0,46.210584,,,,,,,176,64,74,,,,,1,1,0,,,,,,,,,,,,,,,,,,,,,
,3630,,,0,46.218396,,,,,,,176,64,89,,,,,1,1,0,,,,,,,,,,,,,,,,,,,,,
,3631,,,0,46.228812,,,,,,,176,64,101,,,,,1,1,0,,,,,,,,,,,,,,,,,,,,,
,3632,,,0,46.239228,,,,,,,176,64,106,,,,,1,1,0,,,,,,,,,,,,,,,,,,,,,
,3633,,,0,46.249644,,,,,,,176,64,109,,,,,1,1,0,,,,,,,,,,,,,,,,,,,,,
,3634,,,0,46.260060,,,,,,,176,64,107,,,,,1,1,0,,,,,,,,,,,,,,,,,,,,,
,3635,,,0,46.364220,,,,,,,128,28,0,,,,,1,1,0,,,,,,,,,,,,,,,,,,,,,
,3636,,,0,46.366824,,,,,,,128,22,0,,,,,1,1,0,,,,,,,,,,,,,,,,,,,,,
,3637,,,0,46.369428,,,,,,,128,36,0,,,,,1,1,0,,,,,,,,,,,,,,,,,,,,,
,3638,,,0,46.369428,,,,,,,128,35,0,,,,,1,1,0,,,,,,,,,,,,,,,,,,,,,
,3639,,,0,46.374636,,,,,,,128,27,0,,,,,1,1,0,,,,,,,,,,,,,,,,,,,,,
,3640,,,0,46.390260,,,,,,,128,30,0,,,,,1,1,0,,,,,,,,,,,,,,,,,,,,,
,3641,,,0,46.601184,,,,,,,176,64,106,,,,,1,1,0,,,,,,,,,,,,,,,,,,,,,
,3642,,,0,46.608996,,,,,,,176,64,107,,,,,1,1,0,,,,,,,,,,,,,,,,,,,,,
,3643,,,0,46.739196,,,,,,,128,90,0,,,,,1,1,0,,,,,,,,,,,,,,,,,,,,,
,3644,,,0,46.770444,,,,,,,176,64,105,,,,,1,1,0,,,,,,,,,,,,,,,,,,,,,
,3645,,,0,46.778256,,,,,,,176,64,106,,,,,1,1,0,,,,,,,,,,,,,,,,,,,,,
,3646,,,0,46.799088,,,,,,,176,64,105,,,,,1,1,0,,,,,,,,,,,,,,,,,,,,,
,3647,,,0,46.819920,,,,,,,176,64,106,,,,,1,1,0,,,,,,,,,,,,,,,,,,,,,
,3648,,,0,46.838148,,,,,,,176,64,107,,,,,1,1,0,,,,,,,,,,,,,,,,,,,,,
,3649,,,0,46.848564,,,,,,,176,64,106,,,,,1,1,0,,,,,,,,,,,,,,,,,,,,,
,3650,,,0,46.858980,,,,,,,176,64,107,,,,,1,1,0,,,,,,,,,,,,,,,,,,,,,
,3651,,,0,47.210520,,,,,,,176,64,106,,,,,1,1,0,,,,,,,,,,,,,,,,,,,,,
,3652,,,0,47.218332,,,,,,,176,64,105,,,,,1,1,0,,,,,,,,,,,,,,,,,,,,,
,3653,,,0,47.228748,,,,,,,176,64,103,,,,,1,1,0,,,,,,,,,,,,,,,,,,,,,
,3654,,,0,47.259996,,,,,,,176,64,100,,,,,1,1,0,,,,,,,,,,,,,,,,,,,,,
,3655,,,0,47.270412,,,,,,,176,64,99,,,,,1,1,0,,,,,,,,,,,,,,,,,,,,,
,3656,,,0,47.278224,,,,,,,176,64,95,,,,,1,1,0,,,,,,,,,,,,,,,,,,,,,
,3657,,,0,47.288640,,,,,,,176,64,90,,,,,1,1,0,,,,,,,,,,,,,,,,,,,,,
310,3658,1,4469,0,47.296452,0.0,0.0,0,F#1,,5,144,30,26,,6011,,,1,1,0,0.44686325906509394,0.3358803683651377,0.5559870543365241,0.41015966646221913,1,0.041919,0.2289,0.09024267500000001,0.04155842333894989,1.925714,5.733333,3.682004,1.0954653251605915,78.729412,160.941616,109.44357714999998,23.44368034567783,0.0,2.786371,0.9642255000000001,0.859774964132563
,3659,,,0,47.299056,,,,,,,176,64,84,,,,,1,1,0,,,,,,,,,,,,,,,,,,,,,
310,3660,1,4469,0,47.304264,0.0,0.0,0,A#0,,5,144,22,26,,6011,,,1,1,0,0.44686325906509394,0.3358803683651377,0.5559870543365241,0.41015966646221913,1,0.041919,0.2289,0.09024267500000001,0.04155842333894989,1.925714,5.733333,3.682004,1.0954653251605915,78.729412,160.941616,109.44357714999998,23.44368034567783,0.0,2.786371,0.9642255000000001,0.859774964132563
,3661,,,0,47.309472,,,,,,,176,64,77,,,,,1,1,0,,,,,,,,,,,,,,,,,,,,,
,3662,,,0,47.319888,,,,,,,176,64,69,,,,,1,1,0,,,,,,,,,,,,,,,,,,,,,
310,3663,1,4469,0,47.319888,0.0,0.0,0,C2,,5,144,36,26,,6011,,,1,1,0,0.44686325906509394,0.3358803683651377,0.5559870543365241,0.41015966646221913,1,0.041919,0.2289,0.09024267500000001,0.04155842333894989,1.925714,5.733333,3.682004,1.0954653251605915,78.729412,160.941616,109.44357714999998,23.44368034567783,0.0,2.786371,0.9642255000000001,0.859774964132563
310,3664,1,4469,0,47.322492,0.0,0.0,0,B1,,5,144,35,26,,6011,,,1,1,0,0.44686325906509394,0.3358803683651377,0.5559870543365241,0.41015966646221913,1,0.041919,0.2289,0.09024267500000001,0.04155842333894989,1.925714,5.733333,3.682004,1.0954653251605915,78.729412,160.941616,109.44357714999998,23.44368034567783,0.0,2.786371,0.9642255000000001,0.859774964132563
310,3665,1,4469,0,47.322492,0.0,0.0,0,E1,,5,144,28,26,,6011,,,1,1,0,0.44686325906509394,0.3358803683651377,0.5559870543365241,0.41015966646221913,1,0.041919,0.2289,0.09024267500000001,0.04155842333894989,1.925714,5.733333,3.682004,1.0954653251605915,78.729412,160.941616,109.44357714999998,23.44368034567783,0.0,2.786371,0.9642255000000001,0.859774964132563
310,3666,1,4469,0,47.325096,0.0,0.0,0,D#1,,5,144,27,26,,6011,,,1,1,0,0.44686325906509394,0.3358803683651377,0.5559870543365241,0.41015966646221913,1,0.041919,0.2289,0.09024267500000001,0.04155842333894989,1.925714,5.733333,3.682004,1.0954653251605915,78.729412,160.941616,109.44357714999998,23.44368034567783,0.0,2.786371,0.9642255000000001,0.859774964132563
,3667,,,0,47.330304,,,,,,,176,64,60,,,,,0,1,0,,,,,,,,,,,,,,,,,,,,,
,3668,,,0,47.338116,,,,,,,176,64,50,,,,,0,1,0,,,,,,,,,,,,,,,,,,,,,
,3669,,,0,47.348532,,,,,,,176,64,40,,,,,0,1,0,,,,,,,,,,,,,,,,,,,,,
,3670,,,0,47.358948,,,,,,,176,64,29,,,,,0,1,0,,,,,,,,,,,,,,,,,,,,,
,3671,,,0,47.369364,,,,,,,176,64,24,,,,,0,1,0,,,,,,,,,,,,,,,,,,,,,
,3672,,,0,47.379780,,,,,,,176,64,20,,,,,0,1,0,,,,,,,,,,,,,,,,,,,,,
,3673,,,0,47.390196,,,,,,,176,64,18,,,,,0,1,0,,,,,,,,,,,,,,,,,,,,,
,3674,,,0,47.400612,,,,,,,176,64,15,,,,,0,1,0,,,,,,,,,,,,,,,,,,,,,
,3675,,,0,47.408424,,,,,,,176,64,16,,,,,0,1,0,,,,,,,,,,,,,,,,,,,,,
,3676,,,0,47.418840,,,,,,,176,64,15,,,,,0,1,0,,,,,,,,,,,,,,,,,,,,,
,3677,,,0,47.429256,,,,,,,176,64,12,,,,,0,1,0,,,,,,,,,,,,,,,,,,,,,
,3678,,,0,47.460504,,,,,,,176,64,11,,,,,0,1,0,,,,,,,,,,,,,,,,,,,,,
,3679,,,0,47.468316,,,,,,,176,64,8,,,,,0,1,0,,,,,,,,,,,,,,,,,,,,,
,3680,,,0,47.478732,,,,,,,176,64,7,,,,,0,1,0,,,,,,,,,,,,,,,,,,,,,
,3681,,,0,47.520396,,,,,,,176,64,8,,,,,0,1,0,,,,,,,,,,,,,,,,,,,,,
,3682,,,0,47.541228,,,,,,,176,64,7,,,,,0,1,0,,,,,,,,,,,,,,,,,,,,,
,3683,,,0,47.559456,,,,,,,176,64,8,,,,,0,1,0,,,,,,,,,,,,,,,,,,,,,
,3684,,,0,47.569872,,,,,,,176,64,7,,,,,0,1,0,,,,,,,,,,,,,,,,,,,,,
,3685,,,0,47.588100,,,,,,,176,64,8,,,,,0,1,0,,,,,,,,,,,,,,,,,,,,,
,3686,,,0,47.650596,,,,,,,176,64,7,,,,,0,1,0,,,,,,,,,,,,,,,,,,,,,
,3687,,,0,47.658408,,,,,,,176,64,8,,,,,0,1,0,,,,,,,,,,,,,,,,,,,,,
,3688,,,0,47.679240,,,,,,,176,64,7,,,,,0,1,0,,,,,,,,,,,,,,,,,,,,,
,3689,,,0,47.689656,,,,,,,176,64,8,,,,,0,1,0,,,,,,,,,,,,,,,,,,,,,
,3690,,,0,47.700072,,,,,,,176,64,7,,,,,0,1,0,,,,,,,,,,,,,,,,,,,,,
,3691,,,0,47.710488,,,,,,,176,64,8,,,,,0,1,0,,,,,,,,,,,,,,,,,,,,,
,3692,,,0,47.718300,,,,,,,176,64,7,,,,,0,1,0,,,,,,,,,,,,,,,,,,,,,
,3693,,,0,47.728716,,,,,,,176,64,8,,,,,0,1,0,,,,,,,,,,,,,,,,,,,,,
,3694,,,0,47.739132,,,,,,,176,64,7,,,,,0,1,0,,,,,,,,,,,,,,,,,,,,,
,3695,,,0,47.749548,,,,,,,176,64,8,,,,,0,1,0,,,,,,,,,,,,,,,,,,,,,
,3696,,,0,47.770380,,,,,,,176,64,7,,,,,0,1,0,,,,,,,,,,,,,,,,,,,,,
,3697,,,0,47.778192,,,,,,,176,64,8,,,,,0,1,0,,,,,,,,,,,,,,,,,,,,,
,3698,,,0,47.788608,,,,,,,176,64,7,,,,,0,1,0,,,,,,,,,,,,,,,,,,,,,
,3699,,,0,47.799024,,,,,,,176,64,8,,,,,0,1,0,,,,,,,,,,,,,,,,,,,,,
,3700,,,0,47.858916,,,,,,,176,64,7,,,,,0,1,0,,,,,,,,,,,,,,,,,,,,,
,3701,,,0,47.900580,,,,,,,176,64,8,,,,,0,1,0,,,,,,,,,,,,,,,,,,,,,
,3702,,,0,47.921412,,,,,,,176,64,7,,,,,0,1,0,,,,,,,,,,,,,,,,,,,,,
,3703,,,0,47.950056,,,,,,,176,64,8,,,,,0,1,0,,,,,,,,,,,,,,,,,,,,,
,3704,,,0,47.999532,,,,,,,176,64,7,,,,,0,1,0,,,,,,,,,,,,,,,,,,,,,
,3705,,,0,48.012552,,,,,,,176,64,8,,,,,0,1,0,,,,,,,,,,,,,,,,,,,,,
,3706,,,0,48.038592,,,,,,,176,64,7,,,,,0,1,0,,,,,,,,,,,,,,,,,,,,,
,3707,,,0,48.069840,,,,,,,176,64,8,,,,,0,1,0,,,,,,,,,,,,,,,,,,,,,
,3708,,,0,48.088068,,,,,,,176,64,7,,,,,0,1,0,,,,,,,,,,,,,,,,,,,,,
,3709,,,0,48.101088,,,,,,,176,64,8,,,,,0,1,0,,,,,,,,,,,,,,,,,,,,,
,3710,,,0,48.119316,,,,,,,176,64,7,,,,,0,1,0,,,,,,,,,,,,,,,,,,,,,
,3711,,,0,48.129732,,,,,,,176,64,8,,,,,0,1,0,,,,,,,,,,,,,,,,,,,,,
,3712,,,0,48.158376,,,,,,,176,64,7,,,,,0,1,0,,,,,,,,,,,,,,,,,,,,,
,3713,,,0,48.168792,,,,,,,176,64,8,,,,,0,1,0,,,,,,,,,,,,,,,,,,,,,
,3714,,,0,48.200040,,,,,,,176,64,7,,,,,0,1,0,,,,,,,,,,,,,,,,,,,,,
,3715,,,0,48.210456,,,,,,,176,64,8,,,,,0,1,0,,,,,,,,,,,,,,,,,,,,,
,3716,,,0,48.228684,,,,,,,176,64,7,,,,,0,1,0,,,,,,,,,,,,,,,,,,,,,
,3717,,,0,48.239100,,,,,,,176,64,8,,,,,0,1,0,,,,,,,,,,,,,,,,,,,,,
,3718,,,0,48.249516,,,,,,,176,64,7,,,,,0,1,0,,,,,,,,,,,,,,,,,,,,,
,3719,,,0,48.270348,,,,,,,176,64,8,,,,,0,1,0,,,,,,,,,,,,,,,,,,,,,
,3720,,,0,48.319824,,,,,,,176,64,7,,,,,0,1,0,,,,,,,,,,,,,,,,,,,,,
,3721,,,0,48.330240,,,,,,,176,64,8,,,,,0,1,0,,,,,,,,,,,,,,,,,,,,,
,3722,,,0,48.338052,,,,,,,176,64,7,,,,,0,1,0,,,,,,,,,,,,,,,,,,,,,
,3723,,,0,48.351072,,,,,,,176,64,8,,,,,0,1,0,,,,,,,,,,,,,,,,,,,,,
,3724,,,0,48.379716,,,,,,,176,64,7,,,,,0,1,0,,,,,,,,,,,,,,,,,,,,,
,3725,,,0,48.390132,,,,,,,176,64,8,,,,,0,1,0,,,,,,,,,,,,,,,,,,,,,
,3726,,,0,48.429192,,,,,,,176,64,7,,,,,0,1,0,,,,,,,,,,,,,,,,,,,,,
,3727,,,0,48.439608,,,,,,,176,64,8,,,,,0,1,0,,,,,,,,,,,,,,,,,,,,,
,3728,,,0,48.460440,,,,,,,176,64,7,,,,,0,1,0,,,,,,,,,,,,,,,,,,,,,
,3729,,,0,48.499500,,,,,,,176,64,8,,,,,0,1,0,,,,,,,,,,,,,,,,,,,,,
,3730,,,0,48.520332,,,,,,,176,64,7,,,,,0,1,0,,,,,,,,,,,,,,,,,,,,,
,3731,,,0,48.528144,,,,,,,176,64,8,,,,,0,1,0,,,,,,,,,,,,,,,,,,,,,
,3732,,,0,48.548976,,,,,,,176,64,7,,,,,0,1,0,,,,,,,,,,,,,,,,,,,,,
,3733,,,0,48.559392,,,,,,,176,64,8,,,,,0,1,0,,,,,,,,,,,,,,,,,,,,,
,3734,,,0,48.569808,,,,,,,176,64,7,,,,,0,1,0,,,,,,,,,,,,,,,,,,,,,
,3735,,,0,48.580224,,,,,,,176,64,8,,,,,0,1,0,,,,,,,,,,,,,,,,,,,,,
,3736,,,0,48.588036,,,,,,,176,64,7,,,,,0,1,0,,,,,,,,,,,,,,,,,,,,,
,3737,,,0,48.598452,,,,,,,176,64,8,,,,,0,1,0,,,,,,,,,,,,,,,,,,,,,
,3738,,,0,48.608868,,,,,,,176,64,7,,,,,0,1,0,,,,,,,,,,,,,,,,,,,,,
,3739,,,0,48.640116,,,,,,,176,64,8,,,,,0,1,0,,,,,,,,,,,,,,,,,,,,,
,3740,,,0,48.658344,,,,,,,176,64,7,,,,,0,1,0,,,,,,,,,,,,,,,,,,,,,
,3741,,,0,48.668760,,,,,,,176,64,8,,,,,0,1,0,,,,,,,,,,,,,,,,,,,,,
,3742,,,0,48.689592,,,,,,,176,64,7,,,,,0,1,0,,,,,,,,,,,,,,,,,,,,,
,3743,,,0,48.700008,,,,,,,176,64,8,,,,,0,1,0,,,,,,,,,,,,,,,,,,,,,
,3744,,,0,48.718236,,,,,,,176,64,7,,,,,0,1,0,,,,,,,,,,,,,,,,,,,,,
,3745,,,0,48.728652,,,,,,,176,64,8,,,,,0,1,0,,,,,,,,,,,,,,,,,,,,,
,3746,,,0,48.749484,,,,,,,176,64,7,,,,,0,1,0,,,,,,,,,,,,,,,,,,,,,
,3747,,,0,48.770316,,,,,,,176,64,8,,,,,0,1,0,,,,,,,,,,,,,,,,,,,,,
,3748,,,0,48.778128,,,,,,,176,64,7,,,,,0,1,0,,,,,,,,,,,,,,,,,,,,,
,3749,,,0,48.788544,,,,,,,176,64,8,,,,,0,1,0,,,,,,,,,,,,,,,,,,,,,
,3750,,,0,48.819792,,,,,,,176,64,7,,,,,0,1,0,,,,,,,,,,,,,,,,,,,,,
,3751,,,0,48.830208,,,,,,,176,64,8,,,,,0,1,0,,,,,,,,,,,,,,,,,,,,,
,3752,,,0,48.838020,,,,,,,176,64,7,,,,,0,1,0,,,,,,,,,,,,,,,,,,,,,
,3753,,,0,48.848436,,,,,,,176,64,8,,,,,0,1,0,,,,,,,,,,,,,,,,,,,,,
,3754,,,0,48.858852,,,,,,,176,64,7,,,,,0,1,0,,,,,,,,,,,,,,,,,,,,,
,3755,,,0,48.890100,,,,,,,176,64,8,,,,,0,1,0,,,,,,,,,,,,,,,,,,,,,
,3756,,,0,48.918744,,,,,,,176,64,7,,,,,0,1,0,,,,,,,,,,,,,,,,,,,,,
,3757,,,0,48.929160,,,,,,,176,64,8,,,,,0,1,0,,,,,,,,,,,,,,,,,,,,,
,3758,,,0,48.949992,,,,,,,176,64,7,,,,,0,1,0,,,,,,,,,,,,,,,,,,,,,
,3759,,,0,48.960408,,,,,,,176,64,8,,,,,0,1,0,,,,,,,,,,,,,,,,,,,,,
,3760,,,0,48.968220,,,,,,,176,64,9,,,,,0,1,0,,,,,,,,,,,,,,,,,,,,,
,3761,,,0,48.989052,,,,,,,176,64,12,,,,,0,1,0,,,,,,,,,,,,,,,,,,,,,
,3762,,,0,49.020300,,,,,,,176,64,15,,,,,0,1,0,,,,,,,,,,,,,,,,,,,,,
,3763,,,0,49.028112,,,,,,,176,64,16,,,,,0,1,0,,,,,,,,,,,,,,,,,,,,,
,3764,,,0,49.038528,,,,,,,176,64,19,,,,,0,1,0,,,,,,,,,,,,,,,,,,,,,
,3765,,,0,49.048944,,,,,,,176,64,20,,,,,0,1,0,,,,,,,,,,,,,,,,,,,,,
,3766,,,0,49.061964,,,,,,,176,64,23,,,,,0,1,0,,,,,,,,,,,,,,,,,,,,,
,3767,,,0,49.069776,,,,,,,176,64,27,,,,,0,1,0,,,,,,,,,,,,,,,,,,,,,
,3768,,,0,49.080192,,,,,,,176,64,31,,,,,0,1,0,,,,,,,,,,,,,,,,,,,,,
,3769,,,0,49.088004,,,,,,,176,64,35,,,,,0,1,0,,,,,,,,,,,,,,,,,,,,,
,3770,,,0,49.098420,,,,,,,176,64,40,,,,,0,1,0,,,,,,,,,,,,,,,,,,,,,
,3771,,,0,49.108836,,,,,,,176,64,46,,,,,0,1,0,,,,,,,,,,,,,,,,,,,,,
,3772,,,0,49.119252,,,,,,,176,64,53,,,,,0,1,0,,,,,,,,,,,,,,,,,,,,,
,3773,,,0,49.129668,,,,,,,176,64,64,,,,,1,1,0,,,,,,,,,,,,,,,,,,,,,
,3774,,,0,49.140084,,,,,,,176,64,74,,,,,1,1,0,,,,,,,,,,,,,,,,,,,,,
,3775,,,0,49.147896,,,,,,,176,64,87,,,,,1,1,0,,,,,,,,,,,,,,,,,,,,,
,3776,,,0,49.163520,,,,,,,176,64,99,,,,,1,1,0,,,,,,,,,,,,,,,,,,,,,
,3777,,,0,49.168728,,,,,,,176,64,109,,,,,1,1,0,,,,,,,,,,,,,,,,,,,,,
,3778,,,0,49.179144,,,,,,,176,64,114,,,,,1,1,0,,,,,,,,,,,,,,,,,,,,,
,3779,,,0,49.189560,,,,,,,176,64,111,,,,,1,1,0,,,,,,,,,,,,,,,,,,,,,
,3780,,,0,49.322364,,,,,,,128,36,0,,,,,1,1,0,,,,,,,,,,,,,,,,,,,,,
,3781,,,0,49.322364,,,,,,,128,35,0,,,,,1,1,0,,,,,,,,,,,,,,,,,,,,,
,3782,,,0,49.324968,,,,,,,128,22,0,,,,,1,1,0,,,,,,,,,,,,,,,,,,,,,
,3783,,,0,49.327572,,,,,,,128,28,0,,,,,1,1,0,,,,,,,,,,,,,,,,,,,,,
,3784,,,0,49.330176,,,,,,,176,67,117,,,,,1,1,0,,,,,,,,,,,,,,,,,,,,,
,3785,,,0,49.335384,,,,,,,128,27,0,,,,,1,1,0,,,,,,,,,,,,,,,,,,,,,
,3786,,,0,49.340592,,,,,,,176,67,108,,,,,1,1,0,,,,,,,,,,,,,,,,,,,,,
,3787,,,0,49.351008,,,,,,,176,64,110,,,,,1,1,0,,,,,,,,,,,,,,,,,,,,,
,3788,,,0,49.351008,,,,,,,176,67,96,,,,,1,1,0,,,,,,,,,,,,,,,,,,,,,
,3789,,,0,49.356216,,,,,,,128,30,0,,,,,1,1,0,,,,,,,,,,,,,,,,,,,,,
,3790,,,0,49.358820,,,,,,,176,64,111,,,,,1,1,0,,,,,,,,,,,,,,,,,,,,,
,3791,,,0,49.361424,,,,,,,176,67,88,,,,,1,1,0,,,,,,,,,,,,,,,,,,,,,
,3792,,,0,49.369236,,,,,,,176,67,81,,,,,1,1,0,,,,,,,,,,,,,,,,,,,,,
,3793,,,0,49.379652,,,,,,,176,67,72,,,,,1,1,0,,,,,,,,,,,,,,,,,,,,,
,3794,,,0,49.390068,,,,,,,176,67,63,,,,,1,0,0,,,,,,,,,,,,,,,,,,,,,
,3795,,,0,49.397880,,,,,,,176,67,55,,,,,1,0,0,,,,,,,,,,,,,,,,,,,,,
,3796,,,0,49.408296,,,,,,,176,67,48,,,,,1,0,0,,,,,,,,,,,,,,,,,,,,,
,3797,,,0,49.421316,,,,,,,176,67,41,,,,,1,0,0,,,,,,,,,,,,,,,,,,,,,
,3798,,,0,49.429128,,,,,,,176,67,34,,,,,1,0,0,,,,,,,,,,,,,,,,,,,,,
,3799,,,0,49.439544,,,,,,,176,67,27,,,,,1,0,0,,,,,,,,,,,,,,,,,,,,,
,3800,,,0,49.460376,,,,,,,176,67,26,,,,,1,0,0,,,,,,,,,,,,,,,,,,,,,
,3801,,,0,49.489020,,,,,,,176,64,112,,,,,1,0,0,,,,,,,,,,,,,,,,,,,,,
,3802,,,0,49.499436,,,,,,,176,64,111,,,,,1,0,0,,,,,,,,,,,,,,,,,,,,,
,3803,,,0,49.520268,,,,,,,176,67,27,,,,,1,0,0,,,,,,,,,,,,,,,,,,,,,
,3804,,,0,49.528080,,,,,,,176,64,113,,,,,1,0,0,,,,,,,,,,,,,,,,,,,,,
,3805,,,0,49.530684,,,,,,,176,67,25,,,,,1,0,0,,,,,,,,,,,,,,,,,,,,,
,3806,,,0,49.538496,,,,,,,176,64,111,,,,,1,0,0,,,,,,,,,,,,,,,,,,,,,
,3807,,,0,49.541100,,,,,,,176,67,24,,,,,1,0,0,,,,,,,,,,,,,,,,,,,,,
,3808,,,0,49.548912,,,,,,,176,67,25,,,,,1,0,0,,,,,,,,,,,,,,,,,,,,,
,3809,,,0,49.559328,,,,,,,176,67,24,,,,,1,0,0,,,,,,,,,,,,,,,,,,,,,
,3810,,,0,49.569744,,,,,,,176,67,23,,,,,1,0,0,,,,,,,,,,,,,,,,,,,,,
,3811,,,0,49.580160,,,,,,,176,64,112,,,,,1,0,0,,,,,,,,,,,,,,,,,,,,,
,3812,,,0,49.580160,,,,,,,176,67,22,,,,,1,0,0,,,,,,,,,,,,,,,,,,,,,
,3813,,,0,49.587972,,,,,,,176,64,111,,,,,1,0,0,,,,,,,,,,,,,,,,,,,,,
,3814,,,0,49.608804,,,,,,,176,67,21,,,,,1,0,0,,,,,,,,,,,,,,,,,,,,,
,3815,,,0,49.619220,,,,,,,176,67,22,,,,,1,0,0,,,,,,,,,,,,,,,,,,,,,
,3816,,,0,49.647864,,,,,,,176,67,21,,,,,1,0,0,,,,,,,,,,,,,,,,,,,,,
,3817,,,0,49.658280,,,,,,,176,64,112,,,,,1,0,0,,,,,,,,,,,,,,,,,,,,,
,3818,,,0,49.660884,,,,,,,176,67,24,,,,,1,0,0,,,,,,,,,,,,,,,,,,,,,
,3819,,,0,49.668696,,,,,,,176,64,111,,,,,1,0,0,,,,,,,,,,,,,,,,,,,,,
,3820,,,0,49.671300,,,,,,,176,67,21,,,,,1,0,0,,,,,,,,,,,,,,,,,,,,,
,3821,,,0,49.679112,,,,,,,176,67,22,,,,,1,0,0,,,,,,,,,,,,,,,,,,,,,
,3822,,,0,49.689528,,,,,,,176,67,21,,,,,1,0,0,,,,,,,,,,,,,,,,,,,,,
,3823,,,0,49.699944,,,,,,,176,67,22,,,,,1,0,0,,,,,,,,,,,,,,,,,,,,,
,3824,,,0,49.710360,,,,,,,176,64,112,,,,,1,0,0,,,,,,,,,,,,,,,,,,,,,
,3825,,,0,49.710360,,,,,,,176,67,21,,,,,1,0,0,,,,,,,,,,,,,,,,,,,,,
,3826,,,0,49.718172,,,,,,,176,64,111,,,,,1,0,0,,,,,,,,,,,,,,,,,,,,,
,3827,,,0,49.728588,,,,,,,176,64,112,,,,,1,0,0,,,,,,,,,,,,,,,,,,,,,
,3828,,,0,49.731192,,,,,,,176,67,24,,,,,1,0,0,,,,,,,,,,,,,,,,,,,,,
,3829,,,0,49.739004,,,,,,,176,64,111,,,,,1,0,0,,,,,,,,,,,,,,,,,,,,,
,3830,,,0,49.739004,,,,,,,176,67,22,,,,,1,0,0,,,,,,,,,,,,,,,,,,,,,
,3831,,,0,49.749420,,,,,,,176,67,23,,,,,1,0,0,,,,,,,,,,,,,,,,,,,,,
,3832,,,0,49.759836,,,,,,,176,67,22,,,,,1,0,0,,,,,,,,,,,,,,,,,,,,,
,3833,,,0,49.770252,,,,,,,176,67,23,,,,,1,0,0,,,,,,,,,,,,,,,,,,,,,
,3834,,,0,49.778064,,,,,,,176,67,21,,,,,1,0,0,,,,,,,,,,,,,,,,,,,,,
,3835,,,0,49.788480,,,,,,,176,67,23,,,,,1,0,0,,,,,,,,,,,,,,,,,,,,,
,3836,,,0,49.830144,,,,,,,176,67,25,,,,,1,0,0,,,,,,,,,,,,,,,,,,,,,
,3837,,,0,49.837956,,,,,,,176,67,24,,,,,1,0,0,,,,,,,,,,,,,,,,,,,,,
,3838,,,0,49.848372,,,,,,,176,67,23,,,,,1,0,0,,,,,,,,,,,,,,,,,,,,,
,3839,,,0,49.858788,,,,,,,176,64,112,,,,,1,0,0,,,,,,,,,,,,,,,,,,,,,
,3840,,,0,49.858788,,,,,,,176,67,26,,,,,1,0,0,,,,,,,,,,,,,,,,,,,,,
,3841,,,0,49.869204,,,,,,,176,64,111,,,,,1,0,0,,,,,,,,,,,,,,,,,,,,,
,3842,,,0,49.869204,,,,,,,176,67,25,,,,,1,0,0,,,,,,,,,,,,,,,,,,,,,
,3843,,,0,49.879620,,,,,,,176,64,112,,,,,1,0,0,,,,,,,,,,,,,,,,,,,,,
,3844,,,0,49.890036,,,,,,,176,64,111,,,,,1,0,0,,,,,,,,,,,,,,,,,,,,,
,3845,,,0,49.890036,,,,,,,176,67,26,,,,,1,0,0,,,,,,,,,,,,,,,,,,,,,
,3846,,,0,49.897848,,,,,,,176,64,109,,,,,1,0,0,,,,,,,,,,,,,,,,,,,,,
,3847,,,0,49.900452,,,,,,,176,67,24,,,,,1,0,0,,,,,,,,,,,,,,,,,,,,,
,3848,,,0,49.908264,,,,,,,176,64,103,,,,,1,0,0,,,,,,,,,,,,,,,,,,,,,
,3849,,,0,49.910868,,,,,,,176,67,26,,,,,1,0,0,,,,,,,,,,,,,,,,,,,,,
311,3850,1,4470,0,49.910868,0.0,0.0,0,A#0,,24,144,22,127,,6011,,,1,0,0,0.44686325906509394,0.3358803683651377,0.5559870543365241,0.41015966646221913,1,0.041919,0.2289,0.09024267500000001,0.04155842333894989,1.925714,5.733333,3.682004,1.0954653251605915,78.729412,160.941616,109.44357714999998,23.44368034567783,0.0,2.786371,0.9642255000000001,0.859774964132563
311,3851,1,4470,0,49.913472,0.0,0.0,0,F#6,,20,144,90,106,,6011,,,1,0,0,0.44686325906509394,0.3358803683651377,0.5559870543365241,0.41015966646221913,1,0.041919,0.2289,0.09024267500000001,0.04155842333894989,1.925714,5.733333,3.682004,1.0954653251605915,78.729412,160.941616,109.44357714999998,23.44368034567783,0.0,2.786371,0.9642255000000001,0.859774964132563
,3852,,,0,49.918680,,,,,,,176,64,89,,,,,1,0,0,,,,,,,,,,,,,,,,,,,,,
,3853,,,0,49.921284,,,,,,,176,67,25,,,,,1,0,0,,,,,,,,,,,,,,,,,,,,,
311,3854,1,4470,0,49.921284,0.0,0.0,0,C2,,24,144,36,127,,6011,,,1,0,0,0.44686325906509394,0.3358803683651377,0.5559870543365241,0.41015966646221913,1,0.041919,0.2289,0.09024267500000001,0.04155842333894989,1.925714,5.733333,3.682004,1.0954653251605915,78.729412,160.941616,109.44357714999998,23.44368034567783,0.0,2.786371,0.9642255000000001,0.859774964132563
311,3855,1,4470,0,49.923888,0.0,0.0,0,B1,,24,144,35,127,,6011,,,1,0,0,0.44686325906509394,0.3358803683651377,0.5559870543365241,0.41015966646221913,1,0.041919,0.2289,0.09024267500000001,0.04155842333894989,1.925714,5.733333,3.682004,1.0954653251605915,78.729412,160.941616,109.44357714999998,23.44368034567783,0.0,2.786371,0.9642255000000001,0.859774964132563
311,3856,1,4470,0,49.926492,0.0,0.0,0,F#1,,24,144,30,127,,6011,,,1,0,0,0.44686325906509394,0.3358803683651377,0.5559870543365241,0.41015966646221913,1,0.041919,0.2289,0.09024267500000001,0.04155842333894989,1.925714,5.733333,3.682004,1.0954653251605915,78.729412,160.941616,109.44357714999998,23.44368034567783,0.0,2.786371,0.9642255000000001,0.859774964132563
311,3857,1,4470,0,49.926492,0.0,0.0,0,E1,,24,144,28,127,,6011,,,1,0,0,0.44686325906509394,0.3358803683651377,0.5559870543365241,0.41015966646221913,1,0.041919,0.2289,0.09024267500000001,0.04155842333894989,1.925714,5.733333,3.682004,1.0954653251605915,78.729412,160.941616,109.44357714999998,23.44368034567783,0.0,2.786371,0.9642255000000001,0.859774964132563
311,3858,1,4470,0,49.929096,0.0,0.0,0,D#1,,24,144,27,127,,6011,,,1,0,0,0.44686325906509394,0.3358803683651377,0.5559870543365241,0.41015966646221913,1,0.041919,0.2289,0.09024267500000001,0.04155842333894989,1.925714,5.733333,3.682004,1.0954653251605915,78.729412,160.941616,109.44357714999998,23.44368034567783,0.0,2.786371,0.9642255000000001,0.859774964132563
,3859,,,0,49.929096,,,,,,,176,64,66,,,,,1,0,0,,,,,,,,,,,,,,,,,,,,,
,3860,,,0,49.929096,,,,,,,176,67,26,,,,,1,0,0,,,,,,,,,,,,,,,,,,,,,
,3861,,,0,49.939512,,,,,,,176,64,36,,,,,0,0,0,,,,,,,,,,,,,,,,,,,,,
,3862,,,0,49.949928,,,,,,,176,64,12,,,,,0,0,0,,,,,,,,,,,,,,,,,,,,,
,3863,,,0,49.949928,,,,,,,176,67,23,,,,,0,0,0,,,,,,,,,,,,,,,,,,,,,
,3864,,,0,49.960344,,,,,,,176,64,8,,,,,0,0,0,,,,,,,,,,,,,,,,,,,,,
,3865,,,0,49.960344,,,,,,,176,67,24,,,,,0,0,0,,,,,,,,,,,,,,,,,,,,,
,3866,,,0,49.968156,,,,,,,176,67,21,,,,,0,0,0,,,,,,,,,,,,,,,,,,,,,
,3867,,,0,49.978572,,,,,,,176,67,20,,,,,0,0,0,,,,,,,,,,,,,,,,,,,,,
,3868,,,0,49.988988,,,,,,,176,67,21,,,,,0,0,0,,,,,,,,,,,,,,,,,,,,,
,3869,,,0,49.996800,,,,,,,128,27,0,,,,,0,0,0,,,,,,,,,,,,,,,,,,,,,
,3870,,,0,49.999404,,,,,,,128,22,0,,,,,0,0,0,,,,,,,,,,,,,,,,,,,,,
,3871,,,0,50.007216,,,,,,,128,36,0,,,,,0,0,0,,,,,,,,,,,,,,,,,,,,,
,3872,,,0,50.009820,,,,,,,176,64,7,,,,,0,0,0,,,,,,,,,,,,,,,,,,,,,
,3873,,,0,50.009820,,,,,,,176,67,20,,,,,0,0,0,,,,,,,,,,,,,,,,,,,,,
,3874,,,0,50.012424,,,,,,,128,35,0,,,,,0,0,0,,,,,,,,,,,,,,,,,,,,,
,3875,,,0,50.015028,,,,,,,128,28,0,,,,,0,0,0,,,,,,,,,,,,,,,,,,,,,
,3876,,,0,50.020236,,,,,,,176,64,8,,,,,0,0,0,,,,,,,,,,,,,,,,,,,,,
,3877,,,0,50.035860,,,,,,,128,30,0,,,,,0,0,0,,,,,,,,,,,,,,,,,,,,,
,3878,,,0,50.048880,,,,,,,176,64,7,,,,,0,0,0,,,,,,,,,,,,,,,,,,,,,
,3879,,,0,50.080128,,,,,,,176,64,8,,,,,0,0,0,,,,,,,,,,,,,,,,,,,,,
,3880,,,0,50.140020,,,,,,,176,64,7,,,,,0,0,0,,,,,,,,,,,,,,,,,,,,,
,3881,,,0,50.158248,,,,,,,176,64,8,,,,,0,0,0,,,,,,,,,,,,,,,,,,,,,
,3882,,,0,50.179080,,,,,,,176,64,11,,,,,0,0,0,,,,,,,,,,,,,,,,,,,,,
,3883,,,0,50.189496,,,,,,,176,64,15,,,,,0,0,0,,,,,,,,,,,,,,,,,,,,,
,3884,,,0,50.199912,,,,,,,176,64,19,,,,,0,0,0,,,,,,,,,,,,,,,,,,,,,
,3885,,,0,50.210328,,,,,,,176,64,23,,,,,0,0,0,,,,,,,,,,,,,,,,,,,,,
,3886,,,0,50.218140,,,,,,,176,64,27,,,,,0,0,0,,,,,,,,,,,,,,,,,,,,,
,3887,,,0,50.238972,,,,,,,176,64,31,,,,,0,0,0,,,,,,,,,,,,,,,,,,,,,
,3888,,,0,50.249388,,,,,,,176,64,34,,,,,0,0,0,,,,,,,,,,,,,,,,,,,,,
,3889,,,0,50.259804,,,,,,,176,64,35,,,,,0,0,0,,,,,,,,,,,,,,,,,,,,,
,3890,,,0,50.270220,,,,,,,176,64,41,,,,,0,0,0,,,,,,,,,,,,,,,,,,,,,
,3891,,,0,50.278032,,,,,,,176,64,45,,,,,0,0,0,,,,,,,,,,,,,,,,,,,,,
,3892,,,0,50.288448,,,,,,,176,64,51,,,,,0,0,0,,,,,,,,,,,,,,,,,,,,,
,3893,,,0,50.298864,,,,,,,176,64,60,,,,,0,0,0,,,,,,,,,,,,,,,,,,,,,
,3894,,,0,50.309280,,,,,,,176,64,68,,,,,1,0,0,,,,,,,,,,,,,,,,,,,,,
,3895,,,0,50.319696,,,,,,,176,64,78,,,,,1,0,0,,,,,,,,,,,,,,,,,,,,,
,3896,,,0,50.330112,,,,,,,176,64,85,,,,,1,0,0,,,,,,,,,,,,,,,,,,,,,
,3897,,,0,50.337924,,,,,,,176,64,87,,,,,1,0,0,,,,,,,,,,,,,,,,,,,,,
,3898,,,0,50.379588,,,,,,,176,64,89,,,,,1,0,0,,,,,,,,,,,,,,,,,,,,,
,3899,,,0,50.390004,,,,,,,176,64,91,,,,,1,0,0,,,,,,,,,,,,,,,,,,,,,
,3900,,,0,50.397816,,,,,,,176,64,94,,,,,1,0,0,,,,,,,,,,,,,,,,,,,,,
,3901,,,0,50.408232,,,,,,,176,64,99,,,,,1,0,0,,,,,,,,,,,,,,,,,,,,,
,3902,,,0,50.418648,,,,,,,176,64,105,,,,,1,0,0,,,,,,,,,,,,,,,,,,,,,
,3903,,,0,50.429064,,,,,,,176,64,110,,,,,1,0,0,,,,,,,,,,,,,,,,,,,,,
,3904,,,0,50.439480,,,,,,,176,64,107,,,,,1,0,0,,,,,,,,,,,,,,,,,,,,,
,3905,,,0,50.449896,,,,,,,176,64,108,,,,,1,0,0,,,,,,,,,,,,,,,,,,,,,
,3906,,,0,50.457708,,,,,,,176,67,21,,,,,1,0,0,,,,,,,,,,,,,,,,,,,,,
,3907,,,0,50.468124,,,,,,,176,64,109,,,,,1,0,0,,,,,,,,,,,,,,,,,,,,,
,3908,,,0,50.470728,,,,,,,176,67,20,,,,,1,0,0,,,,,,,,,,,,,,,,,,,,,
,3909,,,0,50.478540,,,,,,,176,67,21,,,,,1,0,0,,,,,,,,,,,,,,,,,,,,,
,3910,,,0,50.488956,,,,,,,176,64,110,,,,,1,0,0,,,,,,,,,,,,,,,,,,,,,
,3911,,,0,50.488956,,,,,,,176,67,20,,,,,1,0,0,,,,,,,,,,,,,,,,,,,,,
,3912,,,0,50.499372,,,,,,,176,64,111,,,,,1,0,0,,,,,,,,,,,,,,,,,,,,,
,3913,,,0,50.520204,,,,,,,176,64,110,,,,,1,0,0,,,,,,,,,,,,,,,,,,,,,
,3914,,,0,50.522808,,,,,,,176,67,21,,,,,1,0,0,,,,,,,,,,,,,,,,,,,,,
,3915,,,0,50.541036,,,,,,,176,64,111,,,,,1,0,0,,,,,,,,,,,,,,,,,,,,,
,3916,,,0,50.541036,,,,,,,176,67,20,,,,,1,0,0,,,,,,,,,,,,,,,,,,,,,
,3917,,,0,50.548848,,,,,,,176,67,21,,,,,1,0,0,,,,,,,,,,,,,,,,,,,,,
,3918,,,0,50.559264,,,,,,,176,64,110,,,,,1,0,0,,,,,,,,,,,,,,,,,,,,,
,3919,,,0,50.559264,,,,,,,176,67,20,,,,,1,0,0,,,,,,,,,,,,,,,,,,,,,
,3920,,,0,50.569680,,,,,,,176,64,111,,,,,1,0,0,,,,,,,,,,,,,,,,,,,,,
,3921,,,0,50.569680,,,,,,,176,67,21,,,,,1,0,0,,,,,,,,,,,,,,,,,,,,,
,3922,,,0,50.580096,,,,,,,176,67,20,,,,,1,0,0,,,,,,,,,,,,,,,,,,,,,
,3923,,,0,50.587908,,,,,,,176,67,21,,,,,1,0,0,,,,,,,,,,,,,,,,,,,,,
,3924,,,0,50.600928,,,,,,,176,67,20,,,,,1,0,0,,,,,,,,,,,,,,,,,,,,,
,3925,,,0,50.611344,,,,,,,176,67,21,,,,,1,0,0,,,,,,,,,,,,,,,,,,,,,
,3926,,,0,50.619156,,,,,,,176,67,20,,,,,1,0,0,,,,,,,,,,,,,,,,,,,,,
,3927,,,0,50.629572,,,,,,,176,67,21,,,,,1,0,0,,,,,,,,,,,,,,,,,,,,,
,3928,,,0,50.639988,,,,,,,176,67,20,,,,,1,0,0,,,,,,,,,,,,,,,,,,,,,
,3929,,,0,50.647800,,,,,,,176,67,21,,,,,1,0,0,,,,,,,,,,,,,,,,,,,,,
,3930,,,0,50.668632,,,,,,,176,64,110,,,,,1,0,0,,,,,,,,,,,,,,,,,,,,,
,3931,,,0,50.671236,,,,,,,176,67,20,,,,,1,0,0,,,,,,,,,,,,,,,,,,,,,
,3932,,,0,50.684256,,,,,,,176,64,111,,,,,1,0,0,,,,,,,,,,,,,,,,,,,,,
,3933,,,0,50.684256,,,,,,,176,67,21,,,,,1,0,0,,,,,,,,,,,,,,,,,,,,,
,3934,,,0,50.689464,,,,,,,176,67,20,,,,,1,0,0,,,,,,,,,,,,,,,,,,,,,
,3935,,,0,50.699880,,,,,,,176,67,21,,,,,1,0,0,,,,,,,,,,,,,,,,,,,,,
,3936,,,0,50.710296,,,,,,,176,67,20,,,,,1,0,0,,,,,,,,,,,,,,,,,,,,,
,3937,,,0,50.718108,,,,,,,176,67,21,,,,,1,0,0,,,,,,,,,,,,,,,,,,,,,
,3938,,,0,50.728524,,,,,,,176,67,20,,,,,1,0,0,,,,,,,,,,,,,,,,,,,,,
,3939,,,0,50.738940,,,,,,,176,64,112,,,,,1,0,0,,,,,,,,,,,,,,,,,,,,,
,3940,,,0,50.738940,,,,,,,176,67,21,,,,,1,0,0,,,,,,,,,,,,,,,,,,,,,
,3941,,,0,50.749356,,,,,,,176,64,111,,,,,1,0,0,,,,,,,,,,,,,,,,,,,,,
,3942,,,0,50.749356,,,,,,,176,67,20,,,,,1,0,0,,,,,,,,,,,,,,,,,,,,,
,3943,,,0,50.762376,,,,,,,176,64,112,,,,,1,0,0,,,,,,,,,,,,,,,,,,,,,
,3944,,,0,50.762376,,,,,,,176,67,21,,,,,1,0,0,,,,,,,,,,,,,,,,,,,,,
,3945,,,0,50.770188,,,,,,,176,64,111,,,,,1,0,0,,,,,,,,,,,,,,,,,,,,,
,3946,,,0,50.770188,,,,,,,176,67,20,,,,,1,0,0,,,,,,,,,,,,,,,,,,,,,
,3947,,,0,50.778000,,,,,,,176,64,113,,,,,1,0,0,,,,,,,,,,,,,,,,,,,,,
,3948,,,0,50.780604,,,,,,,128,90,0,,,,,1,0,0,,,,,,,,,,,,,,,,,,,,,
,3949,,,0,50.791020,,,,,,,176,64,111,,,,,1,0,0,,,,,,,,,,,,,,,,,,,,,
,3950,,,0,50.791020,,,,,,,176,67,21,,,,,1,0,0,,,,,,,,,,,,,,,,,,,,,
,3951,,,0,50.798832,,,,,,,176,64,113,,,,,1,0,0,,,,,,,,,,,,,,,,,,,,,
,3952,,,0,50.798832,,,,,,,176,67,20,,,,,1,0,0,,,,,,,,,,,,,,,,,,,,,
,3953,,,0,50.809248,,,,,,,176,64,111,,,,,1,0,0,,,,,,,,,,,,,,,,,,,,,
,3954,,,0,50.809248,,,,,,,176,67,21,,,,,1,0,0,,,,,,,,,,,,,,,,,,,,,
,3955,,,0,50.819664,,,,,,,176,64,112,,,,,1,0,0,,,,,,,,,,,,,,,,,,,,,
,3956,,,0,50.819664,,,,,,,176,67,20,,,,,1,0,0,,,,,,,,,,,,,,,,,,,,,
,3957,,,0,50.830080,,,,,,,176,67,21,,,,,1,0,0,,,,,,,,,,,,,,,,,,,,,
,3958,,,0,50.837892,,,,,,,176,67,20,,,,,1,0,0,,,,,,,,,,,,,,,,,,,,,
,3959,,,0,50.848308,,,,,,,176,67,21,,,,,1,0,0,,,,,,,,,,,,,,,,,,,,,
,3960,,,0,50.858724,,,,,,,176,67,20,,,,,1,0,0,,,,,,,,,,,,,,,,,,,,,
,3961,,,0,50.869140,,,,,,,176,64,113,,,,,1,0,0,,,,,,,,,,,,,,,,,,,,,
,3962,,,0,50.869140,,,,,,,176,67,21,,,,,1,0,0,,,,,,,,,,,,,,,,,,,,,
,3963,,,0,50.879556,,,,,,,176,64,111,,,,,1,0,0,,,,,,,,,,,,,,,,,,,,,
,3964,,,0,50.889972,,,,,,,176,64,113,,,,,1,0,0,,,,,,,,,,,,,,,,,,,,,
,3965,,,0,50.889972,,,,,,,176,67,20,,,,,1,0,0,,,,,,,,,,,,,,,,,,,,,
,3966,,,0,50.897784,,,,,,,176,64,112,,,,,1,0,0,,,,,,,,,,,,,,,,,,,,,
,3967,,,0,50.900388,,,,,,,176,67,21,,,,,1,0,0,,,,,,,,,,,,,,,,,,,,,
,3968,,,0,50.908200,,,,,,,176,64,113,,,,,1,0,0,,,,,,,,,,,,,,,,,,,,,
,3969,,,0,50.910804,,,,,,,176,67,20,,,,,1,0,0,,,,,,,,,,,,,,,,,,,,,
,3970,,,0,50.918616,,,,,,,176,64,111,,,,,1,0,0,,,,,,,,,,,,,,,,,,,,,
,3971,,,0,50.921220,,,,,,,176,67,21,,,,,1,0,0,,,,,,,,,,,,,,,,,,,,,
,3972,,,0,50.929032,,,,,,,176,64,114,,,,,1,0,0,,,,,,,,,,,,,,,,,,,,,
,3973,,,0,50.929032,,,,,,,176,67,20,,,,,1,0,0,,,,,,,,,,,,,,,,,,,,,
,3974,,,0,50.939448,,,,,,,176,64,113,,,,,1,0,0,,,,,,,,,,,,,,,,,,,,,
,3975,,,0,50.939448,,,,,,,176,67,21,,,,,1,0,0,,,,,,,,,,,,,,,,,,,,,
,3976,,,0,50.949864,,,,,,,176,67,20,,,,,1,0,0,,,,,,,,,,,,,,,,,,,,,
,3977,,,0,50.960280,,,,,,,176,64,114,,,,,1,0,0,,,,,,,,,,,,,,,,,,,,,
,3978,,,0,50.968092,,,,,,,176,64,112,,,,,1,0,0,,,,,,,,,,,,,,,,,,,,,
,3979,,,0,50.978508,,,,,,,176,64,113,,,,,1,0,0,,,,,,,,,,,,,,,,,,,,,
,3980,,,0,50.981112,,,,,,,176,67,21,,,,,1,0,0,,,,,,,,,,,,,,,,,,,,,
,3981,,,0,50.988924,,,,,,,176,64,112,,,,,1,0,0,,,,,,,,,,,,,,,,,,,,,
,3982,,,0,50.988924,,,,,,,176,67,20,,,,,1,0,0,,,,,,,,,,,,,,,,,,,,,
,3983,,,0,50.999340,,,,,,,176,64,113,,,,,1,0,0,,,,,,,,,,,,,,,,,,,,,
,3984,,,0,51.009756,,,,,,,176,64,111,,,,,1,0,0,,,,,,,,,,,,,,,,,,,,,
,3985,,,0,51.020172,,,,,,,176,64,114,,,,,1,0,0,,,,,,,,,,,,,,,,,,,,,
,3986,,,0,51.027984,,,,,,,176,64,111,,,,,1,0,0,,,,,,,,,,,,,,,,,,,,,
,3987,,,0,51.038400,,,,,,,176,64,114,,,,,1,0,0,,,,,,,,,,,,,,,,,,,,,
,3988,,,0,51.048816,,,,,,,176,64,112,,,,,1,0,0,,,,,,,,,,,,,,,,,,,,,
,3989,,,0,51.059232,,,,,,,176,64,114,,,,,1,0,0,,,,,,,,,,,,,,,,,,,,,
,3990,,,0,51.069648,,,,,,,176,64,113,,,,,1,0,0,,,,,,,,,,,,,,,,,,,,,
,3991,,,0,51.080064,,,,,,,176,64,114,,,,,1,0,0,,,,,,,,,,,,,,,,,,,,,
,3992,,,0,51.098292,,,,,,,176,64,111,,,,,1,0,0,,,,,,,,,,,,,,,,,,,,,
,3993,,,0,51.108708,,,,,,,176,64,114,,,,,1,0,0,,,,,,,,,,,,,,,,,,,,,
,3994,,,0,51.108708,,,,,,,176,67,21,,,,,1,0,0,,,,,,,,,,,,,,,,,,,,,
,3995,,,0,51.119124,,,,,,,176,64,112,,,,,1,0,0,,,,,,,,,,,,,,,,,,,,,
,3996,,,0,51.119124,,,,,,,176,67,20,,,,,1,0,0,,,,,,,,,,,,,,,,,,,,,
,3997,,,0,51.129540,,,,,,,176,64,113,,,,,1,0,0,,,,,,,,,,,,,,,,,,,,,
,3998,,,0,51.139956,,,,,,,176,64,111,,,,,1,0,0,,,,,,,,,,,,,,,,,,,,,
,3999,,,0,51.147768,,,,,,,176,64,114,,,,,1,0,0,,,,,,,,,,,,,,,,,,,,,
,4000,,,0,51.158184,,,,,,,176,64,112,,,,,1,0,0,,,,,,,,,,,,,,,,,,,,,
,4001,,,0,51.168600,,,,,,,176,64,114,,,,,1,0,0,,,,,,,,,,,,,,,,,,,,,
,4002,,,0,51.179016,,,,,,,176,64,112,,,,,1,0,0,,,,,,,,,,,,,,,,,,,,,
,4003,,,0,51.189432,,,,,,,176,64,113,,,,,1,0,0,,,,,,,,,,,,,,,,,,,,,
,4004,,,0,51.189432,,,,,,,176,67,19,,,,,1,0,0,,,,,,,,,,,,,,,,,,,,,
,4005,,,0,51.199848,,,,,,,176,64,112,,,,,1,0,0,,,,,,,,,,,,,,,,,,,,,
,4006,,,0,51.199848,,,,,,,176,67,20,,,,,1,0,0,,,,,,,,,,,,,,,,,,,,,
,4007,,,0,51.218076,,,,,,,176,64,114,,,,,1,0,0,,,,,,,,,,,,,,,,,,,,,
,4008,,,0,51.228492,,,,,,,176,64,111,,,,,1,0,0,,,,,,,,,,,,,,,,,,,,,
,4009,,,0,51.241512,,,,,,,176,64,115,,,,,1,0,0,,,,,,,,,,,,,,,,,,,,,
,4010,,,0,51.241512,,,,,,,176,67,19,,,,,1,0,0,,,,,,,,,,,,,,,,,,,,,
,4011,,,0,51.249324,,,,,,,176,64,112,,,,,1,0,0,,,,,,,,,,,,,,,,,,,,,
,4012,,,0,51.249324,,,,,,,176,67,20,,,,,1,0,0,,,,,,,,,,,,,,,,,,,,,
,4013,,,0,51.259740,,,,,,,176,64,114,,,,,1,0,0,,,,,,,,,,,,,,,,,,,,,
,4014,,,0,51.270156,,,,,,,176,64,113,,,,,1,0,0,,,,,,,,,,,,,,,,,,,,,
,4015,,,0,51.277968,,,,,,,176,64,114,,,,,1,0,0,,,,,,,,,,,,,,,,,,,,,
,4016,,,0,51.290988,,,,,,,176,64,112,,,,,1,0,0,,,,,,,,,,,,,,,,,,,,,
,4017,,,0,51.298800,,,,,,,176,64,111,,,,,1,0,0,,,,,,,,,,,,,,,,,,,,,
,4018,,,0,51.309216,,,,,,,176,64,114,,,,,1,0,0,,,,,,,,,,,,,,,,,,,,,
,4019,,,0,51.319632,,,,,,,176,64,113,,,,,1,0,0,,,,,,,,,,,,,,,,,,,,,
,4020,,,0,51.330048,,,,,,,176,64,115,,,,,1,0,0,,,,,,,,,,,,,,,,,,,,,
,4021,,,0,51.337860,,,,,,,176,64,112,,,,,1,0,0,,,,,,,,,,,,,,,,,,,,,
,4022,,,0,51.348276,,,,,,,176,64,114,,,,,1,0,0,,,,,,,,,,,,,,,,,,,,,
,4023,,,0,51.358692,,,,,,,176,64,111,,,,,1,0,0,,,,,,,,,,,,,,,,,,,,,
,4024,,,0,51.369108,,,,,,,176,64,114,,,,,1,0,0,,,,,,,,,,,,,,,,,,,,,
,4025,,,0,51.379524,,,,,,,176,64,111,,,,,1,0,0,,,,,,,,,,,,,,,,,,,,,
,4026,,,0,51.389940,,,,,,,176,64,113,,,,,1,0,0,,,,,,,,,,,,,,,,,,,,,
,4027,,,0,51.397752,,,,,,,176,64,111,,,,,1,0,0,,,,,,,,,,,,,,,,,,,,,
,4028,,,0,51.408168,,,,,,,176,64,114,,,,,1,0,0,,,,,,,,,,,,,,,,,,,,,
,4029,,,0,51.418584,,,,,,,176,64,113,,,,,1,0,0,,,,,,,,,,,,,,,,,,,,,
,4030,,,0,51.439416,,,,,,,176,64,114,,,,,1,0,0,,,,,,,,,,,,,,,,,,,,,
,4031,,,0,51.449832,,,,,,,176,64,112,,,,,1,0,0,,,,,,,,,,,,,,,,,,,,,
,4032,,,0,51.457644,,,,,,,176,64,113,,,,,1,0,0,,,,,,,,,,,,,,,,,,,,,
,4033,,,0,51.478476,,,,,,,176,64,114,,,,,1,0,0,,,,,,,,,,,,,,,,,,,,,
,4034,,,0,51.488892,,,,,,,176,64,111,,,,,1,0,0,,,,,,,,,,,,,,,,,,,,,
,4035,,,0,51.499308,,,,,,,176,64,114,,,,,1,0,0,,,,,,,,,,,,,,,,,,,,,
,4036,,,0,51.509724,,,,,,,176,64,111,,,,,1,0,0,,,,,,,,,,,,,,,,,,,,,
,4037,,,0,51.509724,,,,,,,176,67,21,,,,,1,0,0,,,,,,,,,,,,,,,,,,,,,
,4038,,,0,51.520140,,,,,,,176,64,113,,,,,1,0,0,,,,,,,,,,,,,,,,,,,,,
,4039,,,0,51.520140,,,,,,,176,67,20,,,,,1,0,0,,,,,,,,,,,,,,,,,,,,,
,4040,,,0,51.569616,,,,,,,176,64,114,,,,,1,0,0,,,,,,,,,,,,,,,,,,,,,
,4041,,,0,51.580032,,,,,,,176,64,111,,,,,1,0,0,,,,,,,,,,,,,,,,,,,,,
,4042,,,0,51.587844,,,,,,,176,64,114,,,,,1,0,0,,,,,,,,,,,,,,,,,,,,,
,4043,,,0,51.598260,,,,,,,176,64,111,,,,,1,0,0,,,,,,,,,,,,,,,,,,,,,
,4044,,,0,51.600864,,,,,,,176,67,21,,,,,1,0,0,,,,,,,,,,,,,,,,,,,,,
,4045,,,0,51.608676,,,,,,,176,64,114,,,,,1,0,0,,,,,,,,,,,,,,,,,,,,,
,4046,,,0,51.608676,,,,,,,176,67,20,,,,,1,0,0,,,,,,,,,,,,,,,,,,,,,
,4047,,,0,51.619092,,,,,,,176,64,112,,,,,1,0,0,,,,,,,,,,,,,,,,,,,,,
,4048,,,0,51.629508,,,,,,,176,64,114,,,,,1,0,0,,,,,,,,,,,,,,,,,,,,,
,4049,,,0,51.639924,,,,,,,176,64,111,,,,,1,0,0,,,,,,,,,,,,,,,,,,,,,
,4050,,,0,51.647736,,,,,,,176,64,113,,,,,1,0,0,,,,,,,,,,,,,,,,,,,,,
,4051,,,0,51.658152,,,,,,,176,64,112,,,,,1,0,0,,,,,,,,,,,,,,,,,,,,,
,4052,,,0,51.660756,,,,,,,176,67,21,,,,,1,0,0,,,,,,,,,,,,,,,,,,,,,
,4053,,,0,51.668568,,,,,,,176,64,114,,,,,1,0,0,,,,,,,,,,,,,,,,,,,,,
,4054,,,0,51.671172,,,,,,,176,67,20,,,,,1,0,0,,,,,,,,,,,,,,,,,,,,,
,4055,,,0,51.689400,,,,,,,176,64,112,,,,,1,0,0,,,,,,,,,,,,,,,,,,,,,
,4056,,,0,51.699816,,,,,,,176,64,113,,,,,1,0,0,,,,,,,,,,,,,,,,,,,,,
,4057,,,0,51.707628,,,,,,,176,64,111,,,,,1,0,0,,,,,,,,,,,,,,,,,,,,,
,4058,,,0,51.718044,,,,,,,176,64,113,,,,,1,0,0,,,,,,,,,,,,,,,,,,,,,
,4059,,,0,51.728460,,,,,,,176,64,112,,,,,1,0,0,,,,,,,,,,,,,,,,,,,,,
,4060,,,0,51.738876,,,,,,,176,64,114,,,,,1,0,0,,,,,,,,,,,,,,,,,,,,,
,4061,,,0,51.749292,,,,,,,176,64,113,,,,,1,0,0,,,,,,,,,,,,,,,,,,,,,
,4062,,,0,51.749292,,,,,,,176,67,21,,,,,1,0,0,,,,,,,,,,,,,,,,,,,,,
,4063,,,0,51.759708,,,,,,,176,64,114,,,,,1,0,0,,,,,,,,,,,,,,,,,,,,,
,4064,,,0,51.759708,,,,,,,176,67,20,,,,,1,0,0,,,,,,,,,,,,,,,,,,,,,
,4065,,,0,51.770124,,,,,,,176,64,113,,,,,1,0,0,,,,,,,,,,,,,,,,,,,,,
,4066,,,0,51.788352,,,,,,,176,64,114,,,,,1,0,0,,,,,,,,,,,,,,,,,,,,,
,4067,,,0,51.798768,,,,,,,176,64,112,,,,,1,0,0,,,,,,,,,,,,,,,,,,,,,
,4068,,,0,51.809184,,,,,,,176,64,114,,,,,1,0,0,,,,,,,,,,,,,,,,,,,,,
,4069,,,0,51.819600,,,,,,,176,64,111,,,,,1,0,0,,,,,,,,,,,,,,,,,,,,,
,4070,,,0,51.830016,,,,,,,176,64,113,,,,,1,0,0,,,,,,,,,,,,,,,,,,,,,
,4071,,,0,51.837828,,,,,,,176,64,112,,,,,1,0,0,,,,,,,,,,,,,,,,,,,,,
,4072,,,0,51.840432,,,,,,,176,67,21,,,,,1,0,0,,,,,,,,,,,,,,,,,,,,,
,4073,,,0,51.848244,,,,,,,176,64,114,,,,,1,0,0,,,,,,,,,,,,,,,,,,,,,
,4074,,,0,51.850848,,,,,,,176,67,20,,,,,1,0,0,,,,,,,,,,,,,,,,,,,,,
,4075,,,0,51.861264,,,,,,,176,64,111,,,,,1,0,0,,,,,,,,,,,,,,,,,,,,,
,4076,,,0,51.861264,,,,,,,176,67,21,,,,,1,0,0,,,,,,,,,,,,,,,,,,,,,
,4077,,,0,51.869076,,,,,,,176,64,114,,,,,1,0,0,,,,,,,,,,,,,,,,,,,,,
,4078,,,0,51.871680,,,,,,,176,67,20,,,,,1,0,0,,,,,,,,,,,,,,,,,,,,,
,4079,,,0,51.879492,,,,,,,176,64,112,,,,,1,0,0,,,,,,,,,,,,,,,,,,,,,
,4080,,,0,51.882096,,,,,,,176,67,21,,,,,1,0,0,,,,,,,,,,,,,,,,,,,,,
,4081,,,0,51.889908,,,,,,,176,64,114,,,,,1,0,0,,,,,,,,,,,,,,,,,,,,,
,4082,,,0,51.889908,,,,,,,176,67,20,,,,,1,0,0,,,,,,,,,,,,,,,,,,,,,
,4083,,,0,51.897720,,,,,,,176,67,21,,,,,1,0,0,,,,,,,,,,,,,,,,,,,,,
,4084,,,0,51.908136,,,,,,,176,64,112,,,,,1,0,0,,,,,,,,,,,,,,,,,,,,,
,4085,,,0,51.910740,,,,,,,176,67,20,,,,,1,0,0,,,,,,,,,,,,,,,,,,,,,
,4086,,,0,51.918552,,,,,,,176,64,114,,,,,1,0,0,,,,,,,,,,,,,,,,,,,,,
,4087,,,0,51.921156,,,,,,,176,67,21,,,,,1,0,0,,,,,,,,,,,,,,,,,,,,,
,4088,,,0,51.928968,,,,,,,176,64,112,,,,,1,0,0,,,,,,,,,,,,,,,,,,,,,
,4089,,,0,51.928968,,,,,,,176,67,20,,,,,1,0,0,,,,,,,,,,,,,,,,,,,,,
,4090,,,0,51.939384,,,,,,,176,64,114,,,,,1,0,0,,,,,,,,,,,,,,,,,,,,,
,4091,,,0,51.941988,,,,,,,176,67,21,,,,,1,0,0,,,,,,,,,,,,,,,,,,,,,
,4092,,,0,51.949800,,,,,,,176,64,113,,,,,1,0,0,,,,,,,,,,,,,,,,,,,,,
,4093,,,0,51.949800,,,,,,,176,67,20,,,,,1,0,0,,,,,,,,,,,,,,,,,,,,,
,4094,,,0,51.957612,,,,,,,176,64,114,,,,,1,0,0,,,,,,,,,,,,,,,,,,,,,
,4095,,,0,51.968028,,,,,,,176,64,112,,,,,1,0,0,,,,,,,,,,,,,,,,,,,,,
,4096,,,0,51.970632,,,,,,,176,67,21,,,,,1,0,0,,,,,,,,,,,,,,,,,,,,,
,4097,,,0,51.978444,,,,,,,176,64,114,,,,,1,0,0,,,,,,,,,,,,,,,,,,,,,
,4098,,,0,51.981048,,,,,,,176,67,20,,,,,1,0,0,,,,,,,,,,,,,,,,,,,,,
,4099,,,0,51.988860,,,,,,,176,64,112,,,,,1,0,0,,,,,,,,,,,,,,,,,,,,,
,4100,,,0,51.988860,,,,,,,176,67,21,,,,,1,0,0,,,,,,,,,,,,,,,,,,,,,
,4101,,,0,51.999276,,,,,,,176,64,114,,,,,1,0,0,,,,,,,,,,,,,,,,,,,,,
,4102,,,0,51.999276,,,,,,,176,67,20,,,,,1,0,0,,,,,,,,,,,,,,,,,,,,,
,4103,,,0,52.009692,,,,,,,176,67,21,,,,,1,0,0,,,,,,,,,,,,,,,,,,,,,
,4104,,,0,52.020108,,,,,,,176,64,113,,,,,1,0,0,,,,,,,,,,,,,,,,,,,,,
,4105,,,0,52.020108,,,,,,,176,67,20,,,,,1,0,0,,,,,,,,,,,,,,,,,,,,,
,4106,,,0,52.027920,,,,,,,176,64,114,,,,,1,0,0,,,,,,,,,,,,,,,,,,,,,
,4107,,,0,52.033128,,,,,,,176,67,21,,,,,1,0,0,,,,,,,,,,,,,,,,,,,,,
,4108,,,0,52.038336,,,,,,,176,64,113,,,,,1,0,0,,,,,,,,,,,,,,,,,,,,,
,4109,,,0,52.040940,,,,,,,176,67,20,,,,,1,0,0,,,,,,,,,,,,,,,,,,,,,
,4110,,,0,52.048752,,,,,,,176,64,114,,,,,1,0,0,,,,,,,,,,,,,,,,,,,,,
,4111,,,0,52.048752,,,,,,,176,67,21,,,,,1,0,0,,,,,,,,,,,,,,,,,,,,,
,4112,,,0,52.059168,,,,,,,176,64,112,,,,,1,0,0,,,,,,,,,,,,,,,,,,,,,
,4113,,,0,52.059168,,,,,,,176,67,20,,,,,1,0,0,,,,,,,,,,,,,,,,,,,,,
,4114,,,0,52.069584,,,,,,,176,64,113,,,,,1,0,0,,,,,,,,,,,,,,,,,,,,,
,4115,,,0,52.069584,,,,,,,176,67,21,,,,,1,0,0,,,,,,,,,,,,,,,,,,,,,
,4116,,,0,52.080000,,,,,,,176,64,111,,,,,1,0,0,,,,,,,,,,,,,,,,,,,,,
,4117,,,0,52.087812,,,,,,,176,64,113,,,,,1,0,0,,,,,,,,,,,,,,,,,,,,,
,4118,,,0,52.090416,,,,,,,176,67,20,,,,,1,0,0,,,,,,,,,,,,,,,,,,,,,
,4119,,,0,52.100832,,,,,,,176,64,112,,,,,1,0,0,,,,,,,,,,,,,,,,,,,,,
,4120,,,0,52.100832,,,,,,,176,67,21,,,,,1,0,0,,,,,,,,,,,,,,,,,,,,,
,4121,,,0,52.108644,,,,,,,176,64,114,,,,,1,0,0,,,,,,,,,,,,,,,,,,,,,
,4122,,,0,52.111248,,,,,,,176,67,20,,,,,1,0,0,,,,,,,,,,,,,,,,,,,,,
,4123,,,0,52.119060,,,,,,,176,64,113,,,,,1,0,0,,,,,,,,,,,,,,,,,,,,,
,4124,,,0,52.121664,,,,,,,176,67,21,,,,,1,0,0,,,,,,,,,,,,,,,,,,,,,
,4125,,,0,52.132080,,,,,,,176,67,20,,,,,1,0,0,,,,,,,,,,,,,,,,,,,,,
,4126,,,0,52.139892,,,,,,,176,67,21,,,,,1,0,0,,,,,,,,,,,,,,,,,,,,,
,4127,,,0,52.147704,,,,,,,176,67,20,,,,,1,0,0,,,,,,,,,,,,,,,,,,,,,
,4128,,,0,52.158120,,,,,,,176,64,114,,,,,1,0,0,,,,,,,,,,,,,,,,,,,,,
,4129,,,0,52.160724,,,,,,,176,67,21,,,,,1,0,0,,,,,,,,,,,,,,,,,,,,,
,4130,,,0,52.168536,,,,,,,176,64,111,,,,,1,0,0,,,,,,,,,,,,,,,,,,,,,
,4131,,,0,52.178952,,,,,,,176,64,114,,,,,1,0,0,,,,,,,,,,,,,,,,,,,,,
,4132,,,0,52.178952,,,,,,,176,67,20,,,,,1,0,0,,,,,,,,,,,,,,,,,,,,,
,4133,,,0,52.189368,,,,,,,176,64,111,,,,,1,0,0,,,,,,,,,,,,,,,,,,,,,
,4134,,,0,52.189368,,,,,,,176,67,21,,,,,1,0,0,,,,,,,,,,,,,,,,,,,,,
,4135,,,0,52.199784,,,,,,,176,64,114,,,,,1,0,0,,,,,,,,,,,,,,,,,,,,,
,4136,,,0,52.199784,,,,,,,176,67,20,,,,,1,0,0,,,,,,,,,,,,,,,,,,,,,
,4137,,,0,52.207596,,,,,,,176,64,111,,,,,1,0,0,,,,,,,,,,,,,,,,,,,,,
,4138,,,0,52.210200,,,,,,,176,67,21,,,,,1,0,0,,,,,,,,,,,,,,,,,,,,,
,4139,,,0,52.218012,,,,,,,176,64,114,,,,,1,0,0,,,,,,,,,,,,,,,,,,,,,
,4140,,,0,52.220616,,,,,,,176,67,20,,,,,1,0,0,,,,,,,,,,,,,,,,,,,,,
,4141,,,0,52.228428,,,,,,,176,64,112,,,,,1,0,0,,,,,,,,,,,,,,,,,,,,,
,4142,,,0,52.231032,,,,,,,176,67,21,,,,,1,0,0,,,,,,,,,,,,,,,,,,,,,
,4143,,,0,52.241448,,,,,,,176,64,114,,,,,1,0,0,,,,,,,,,,,,,,,,,,,,,
,4144,,,0,52.241448,,,,,,,176,67,20,,,,,1,0,0,,,,,,,,,,,,,,,,,,,,,
,4145,,,0,52.249260,,,,,,,176,64,113,,,,,1,0,0,,,,,,,,,,,,,,,,,,,,,
,4146,,,0,52.249260,,,,,,,176,67,21,,,,,1,0,0,,,,,,,,,,,,,,,,,,,,,
,4147,,,0,52.259676,,,,,,,176,64,112,,,,,1,0,0,,,,,,,,,,,,,,,,,,,,,
,4148,,,0,52.259676,,,,,,,176,67,20,,,,,1,0,0,,,,,,,,,,,,,,,,,,,,,
,4149,,,0,52.270092,,,,,,,176,64,114,,,,,1,0,0,,,,,,,,,,,,,,,,,,,,,
,4150,,,0,52.270092,,,,,,,176,67,21,,,,,1,0,0,,,,,,,,,,,,,,,,,,,,,
,4151,,,0,52.277904,,,,,,,176,64,113,,,,,1,0,0,,,,,,,,,,,,,,,,,,,,,
,4152,,,0,52.280508,,,,,,,176,67,20,,,,,1,0,0,,,,,,,,,,,,,,,,,,,,,
,4153,,,0,52.288320,,,,,,,176,67,21,,,,,1,0,0,,,,,,,,,,,,,,,,,,,,,
,4154,,,0,52.298736,,,,,,,176,64,111,,,,,1,0,0,,,,,,,,,,,,,,,,,,,,,
,4155,,,0,52.298736,,,,,,,176,67,20,,,,,1,0,0,,,,,,,,,,,,,,,,,,,,,
,4156,,,0,52.309152,,,,,,,176,64,114,,,,,1,0,0,,,,,,,,,,,,,,,,,,,,,
,4157,,,0,52.319568,,,,,,,176,64,111,,,,,1,0,0,,,,,,,,,,,,,,,,,,,,,
,4158,,,0,52.329984,,,,,,,176,64,114,,,,,1,0,0,,,,,,,,,,,,,,,,,,,,,
,4159,,,0,52.337796,,,,,,,176,64,112,,,,,1,0,0,,,,,,,,,,,,,,,,,,,,,
,4160,,,0,52.340400,,,,,,,176,67,21,,,,,1,0,0,,,,,,,,,,,,,,,,,,,,,
,4161,,,0,52.348212,,,,,,,176,64,113,,,,,1,0,0,,,,,,,,,,,,,,,,,,,,,
,4162,,,0,52.350816,,,,,,,176,67,20,,,,,1,0,0,,,,,,,,,,,,,,,,,,,,,
,4163,,,0,52.358628,,,,,,,176,64,111,,,,,1,0,0,,,,,,,,,,,,,,,,,,,,,
,4164,,,0,52.369044,,,,,,,176,64,112,,,,,1,0,0,,,,,,,,,,,,,,,,,,,,,
,4165,,,0,52.379460,,,,,,,176,64,113,,,,,1,0,0,,,,,,,,,,,,,,,,,,,,,
,4166,,,0,52.379460,,,,,,,176,67,21,,,,,1,0,0,,,,,,,,,,,,,,,,,,,,,
,4167,,,0,52.389876,,,,,,,176,64,112,,,,,1,0,0,,,,,,,,,,,,,,,,,,,,,
,4168,,,0,52.389876,,,,,,,176,67,20,,,,,1,0,0,,,,,,,,,,,,,,,,,,,,,
,4169,,,0,52.397688,,,,,,,176,64,113,,,,,1,0,0,,,,,,,,,,,,,,,,,,,,,
,4170,,,0,52.408104,,,,,,,176,64,111,,,,,1,0,0,,,,,,,,,,,,,,,,,,,,,
,4171,,,0,52.418520,,,,,,,176,64,113,,,,,1,0,0,,,,,,,,,,,,,,,,,,,,,
,4172,,,0,52.428936,,,,,,,176,64,111,,,,,1,0,0,,,,,,,,,,,,,,,,,,,,,
,4173,,,0,52.439352,,,,,,,176,64,114,,,,,1,0,0,,,,,,,,,,,,,,,,,,,,,
,4174,,,0,52.449768,,,,,,,176,64,111,,,,,1,0,0,,,,,,,,,,,,,,,,,,,,,
,4175,,,0,52.457580,,,,,,,176,64,113,,,,,1,0,0,,,,,,,,,,,,,,,,,,,,,
,4176,,,0,52.467996,,,,,,,176,64,112,,,,,1,0,0,,,,,,,,,,,,,,,,,,,,,
,4177,,,0,52.470600,,,,,,,176,67,21,,,,,1,0,0,,,,,,,,,,,,,,,,,,,,,
,4178,,,0,52.478412,,,,,,,176,67,20,,,,,1,0,0,,,,,,,,,,,,,,,,,,,,,
,4179,,,0,52.488828,,,,,,,176,67,21,,,,,1,0,0,,,,,,,,,,,,,,,,,,,,,
,4180,,,0,52.499244,,,,,,,176,67,19,,,,,1,0,0,,,,,,,,,,,,,,,,,,,,,
,4181,,,0,52.509660,,,,,,,176,64,111,,,,,1,0,0,,,,,,,,,,,,,,,,,,,,,
,4182,,,0,52.509660,,,,,,,176,67,20,,,,,1,0,0,,,,,,,,,,,,,,,,,,,,,
,4183,,,0,52.520076,,,,,,,176,64,110,,,,,1,0,0,,,,,,,,,,,,,,,,,,,,,
,4184,,,0,52.527888,,,,,,,176,64,113,,,,,1,0,0,,,,,,,,,,,,,,,,,,,,,
,4185,,,0,52.530492,,,,,,,176,67,21,,,,,1,0,0,,,,,,,,,,,,,,,,,,,,,
,4186,,,0,52.538304,,,,,,,176,64,111,,,,,1,0,0,,,,,,,,,,,,,,,,,,,,,
,4187,,,0,52.548720,,,,,,,176,64,112,,,,,1,0,0,,,,,,,,,,,,,,,,,,,,,
,4188,,,0,52.548720,,,,,,,176,67,20,,,,,1,0,0,,,,,,,,,,,,,,,,,,,,,
,4189,,,0,52.559136,,,,,,,176,64,111,,,,,1,0,0,,,,,,,,,,,,,,,,,,,,,
,4190,,,0,52.569552,,,,,,,176,64,113,,,,,1,0,0,,,,,,,,,,,,,,,,,,,,,
,4191,,,0,52.579968,,,,,,,176,64,111,,,,,1,0,0,,,,,,,,,,,,,,,,,,,,,
,4192,,,0,52.579968,,,,,,,176,67,21,,,,,1,0,0,,,,,,,,,,,,,,,,,,,,,
,4193,,,0,52.587780,,,,,,,176,64,114,,,,,1,0,0,,,,,,,,,,,,,,,,,,,,,
,4194,,,0,52.590384,,,,,,,176,67,20,,,,,1,0,0,,,,,,,,,,,,,,,,,,,,,
,4195,,,0,52.598196,,,,,,,176,64,112,,,,,1,0,0,,,,,,,,,,,,,,,,,,,,,
,4196,,,0,52.619028,,,,,,,176,64,111,,,,,1,0,0,,,,,,,,,,,,,,,,,,,,,
,4197,,,0,52.639860,,,,,,,176,64,112,,,,,1,0,0,,,,,,,,,,,,,,,,,,,,,
,4198,,,0,52.647672,,,,,,,176,64,111,,,,,1,0,0,,,,,,,,,,,,,,,,,,,,,
,4199,,,0,52.650276,,,,,,,176,67,21,,,,,1,0,0,,,,,,,,,,,,,,,,,,,,,
,4200,,,0,52.658088,,,,,,,176,64,112,,,,,1,0,0,,,,,,,,,,,,,,,,,,,,,
,4201,,,0,52.660692,,,,,,,176,67,20,,,,,1,0,0,,,,,,,,,,,,,,,,,,,,,
,4202,,,0,52.668504,,,,,,,176,64,111,,,,,1,0,0,,,,,,,,,,,,,,,,,,,,,
,4203,,,0,52.678920,,,,,,,176,64,113,,,,,1,0,0,,,,,,,,,,,,,,,,,,,,,
,4204,,,0,52.689336,,,,,,,176,64,111,,,,,1,0,0,,,,,,,,,,,,,,,,,,,,,
,4205,,,0,52.689336,,,,,,,176,67,21,,,,,1,0,0,,,,,,,,,,,,,,,,,,,,,
,4206,,,0,52.699752,,,,,,,176,64,112,,,,,1,0,0,,,,,,,,,,,,,,,,,,,,,
,4207,,,0,52.699752,,,,,,,176,67,20,,,,,1,0,0,,,,,,,,,,,,,,,,,,,,,
,4208,,,0,52.707564,,,,,,,176,64,111,,,,,1,0,0,,,,,,,,,,,,,,,,,,,,,
,4209,,,0,52.710168,,,,,,,176,67,21,,,,,1,0,0,,,,,,,,,,,,,,,,,,,,,
,4210,,,0,52.717980,,,,,,,176,67,20,,,,,1,0,0,,,,,,,,,,,,,,,,,,,,,
,4211,,,0,52.728396,,,,,,,176,64,112,,,,,1,0,0,,,,,,,,,,,,,,,,,,,,,
,4212,,,0,52.738812,,,,,,,176,64,111,,,,,1,0,0,,,,,,,,,,,,,,,,,,,,,
,4213,,,0,52.777872,,,,,,,176,67,21,,,,,1,0,0,,,,,,,,,,,,,,,,,,,,,
,4214,,,0,52.788288,,,,,,,176,67,20,,,,,1,0,0,,,,,,,,,,,,,,,,,,,,,
,4215,,,0,52.809120,,,,,,,176,64,112,,,,,1,0,0,,,,,,,,,,,,,,,,,,,,,
,4216,,,0,52.819536,,,,,,,176,64,111,,,,,1,0,0,,,,,,,,,,,,,,,,,,,,,
,4217,,,0,52.858596,,,,,,,176,64,112,,,,,1,0,0,,,,,,,,,,,,,,,,,,,,,
,4218,,,0,52.869012,,,,,,,176,64,111,,,,,1,0,0,,,,,,,,,,,,,,,,,,,,,
,4219,,,0,52.879428,,,,,,,176,67,21,,,,,1,0,0,,,,,,,,,,,,,,,,,,,,,
,4220,,,0,52.897656,,,,,,,176,67,20,,,,,1,0,0,,,,,,,,,,,,,,,,,,,,,
,4221,,,0,52.908072,,,,,,,176,67,21,,,,,1,0,0,,,,,,,,,,,,,,,,,,,,,
,4222,,,0,52.918488,,,,,,,176,64,112,,,,,1,0,0,,,,,,,,,,,,,,,,,,,,,
,4223,,,0,52.928904,,,,,,,176,64,111,,,,,1,0,0,,,,,,,,,,,,,,,,,,,,,
,4224,,,0,52.928904,,,,,,,176,67,20,,,,,1,0,0,,,,,,,,,,,,,,,,,,,,,
,4225,,,0,52.939320,,,,,,,176,64,112,,,,,1,0,0,,,,,,,,,,,,,,,,,,,,,
,4226,,,0,52.939320,,,,,,,176,67,21,,,,,1,0,0,,,,,,,,,,,,,,,,,,,,,
,4227,,,0,52.949736,,,,,,,176,64,111,,,,,1,0,0,,,,,,,,,,,,,,,,,,,,,
,4228,,,0,52.957548,,,,,,,176,67,20,,,,,1,0,0,,,,,,,,,,,,,,,,,,,,,
,4229,,,0,52.988796,,,,,,,176,67,21,,,,,1,0,0,,,,,,,,,,,,,,,,,,,,,
,4230,,,0,52.999212,,,,,,,176,67,20,,,,,1,0,0,,,,,,,,,,,,,,,,,,,,,
,4231,,,0,53.009628,,,,,,,176,64,112,,,,,1,0,0,,,,,,,,,,,,,,,,,,,,,
,4232,,,0,53.020044,,,,,,,176,64,111,,,,,1,0,0,,,,,,,,,,,,,,,,,,,,,
,4233,,,0,53.020044,,,,,,,176,67,21,,,,,1,0,0,,,,,,,,,,,,,,,,,,,,,
,4234,,,0,53.027856,,,,,,,176,64,112,,,,,1,0,0,,,,,,,,,,,,,,,,,,,,,
,4235,,,0,53.030460,,,,,,,176,67,20,,,,,1,0,0,,,,,,,,,,,,,,,,,,,,,
,4236,,,0,53.038272,,,,,,,176,64,111,,,,,1,0,0,,,,,,,,,,,,,,,,,,,,,
,4237,,,0,53.040876,,,,,,,176,67,21,,,,,1,0,0,,,,,,,,,,,,,,,,,,,,,
,4238,,,0,53.048688,,,,,,,176,67,20,,,,,1,0,0,,,,,,,,,,,,,,,,,,,,,
,4239,,,0,53.069520,,,,,,,176,64,110,,,,,1,0,0,,,,,,,,,,,,,,,,,,,,,
,4240,,,0,53.079936,,,,,,,176,64,111,,,,,1,0,0,,,,,,,,,,,,,,,,,,,,,
,4241,,,0,53.079936,,,,,,,176,67,21,,,,,1,0,0,,,,,,,,,,,,,,,,,,,,,
,4242,,,0,53.087748,,,,,,,176,67,20,,,,,1,0,0,,,,,,,,,,,,,,,,,,,,,
,4243,,,0,53.118996,,,,,,,176,67,21,,,,,1,0,0,,,,,,,,,,,,,,,,,,,,,
,4244,,,0,53.129412,,,,,,,176,67,20,,,,,1,0,0,,,,,,,,,,,,,,,,,,,,,
,4245,,,0,53.139828,,,,,,,176,67,21,,,,,1,0,0,,,,,,,,,,,,,,,,,,,,,
,4246,,,0,53.147640,,,,,,,176,67,20,,,,,1,0,0,,,,,,,,,,,,,,,,,,,,,
,4247,,,0,53.158056,,,,,,,176,64,112,,,,,1,0,0,,,,,,,,,,,,,,,,,,,,,
,4248,,,0,53.168472,,,,,,,176,64,111,,,,,1,0,0,,,,,,,,,,,,,,,,,,,,,
,4249,,,0,53.168472,,,,,,,176,67,21,,,,,1,0,0,,,,,,,,,,,,,,,,,,,,,
,4250,,,0,53.178888,,,,,,,176,64,112,,,,,1,0,0,,,,,,,,,,,,,,,,,,,,,
,4251,,,0,53.178888,,,,,,,176,67,20,,,,,1,0,0,,,,,,,,,,,,,,,,,,,,,
,4252,,,0,53.189304,,,,,,,176,64,111,,,,,1,0,0,,,,,,,,,,,,,,,,,,,,,
,4253,,,0,53.189304,,,,,,,176,67,21,,,,,1,0,0,,,,,,,,,,,,,,,,,,,,,
,4254,,,0,53.199720,,,,,,,176,67,20,,,,,1,0,0,,,,,,,,,,,,,,,,,,,,,
,4255,,,0,53.210136,,,,,,,176,64,110,,,,,1,0,0,,,,,,,,,,,,,,,,,,,,,
,4256,,,0,53.212740,,,,,,,176,67,21,,,,,1,0,0,,,,,,,,,,,,,,,,,,,,,
,4257,,,0,53.217948,,,,,,,176,64,111,,,,,1,0,0,,,,,,,,,,,,,,,,,,,,,
,4258,,,0,53.220552,,,,,,,176,67,20,,,,,1,0,0,,,,,,,,,,,,,,,,,,,,,
,4259,,,0,53.230968,,,,,,,176,67,21,,,,,1,0,0,,,,,,,,,,,,,,,,,,,,,
,4260,,,0,53.238780,,,,,,,176,67,20,,,,,1,0,0,,,,,,,,,,,,,,,,,,,,,
,4261,,,0,53.259612,,,,,,,176,67,21,,,,,1,0,0,,,,,,,,,,,,,,,,,,,,,
,4262,,,0,53.267424,,,,,,,176,67,20,,,,,1,0,0,,,,,,,,,,,,,,,,,,,,,
,4263,,,0,53.277840,,,,,,,176,67,21,,,,,1,0,0,,,,,,,,,,,,,,,,,,,,,
,4264,,,0,53.290860,,,,,,,176,67,20,,,,,1,0,0,,,,,,,,,,,,,,,,,,,,,
,4265,,,0,53.298672,,,,,,,176,67,21,,,,,1,0,0,,,,,,,,,,,,,,,,,,,,,
,4266,,,0,53.309088,,,,,,,176,67,20,,,,,1,0,0,,,,,,,,,,,,,,,,,,,,,
,4267,,,0,53.319504,,,,,,,176,64,110,,,,,1,0,0,,,,,,,,,,,,,,,,,,,,,
,4268,,,0,53.319504,,,,,,,176,67,21,,,,,1,0,0,,,,,,,,,,,,,,,,,,,,,
,4269,,,0,53.329920,,,,,,,176,64,111,,,,,1,0,0,,,,,,,,,,,,,,,,,,,,,
,4270,,,0,53.329920,,,,,,,176,67,20,,,,,1,0,0,,,,,,,,,,,,,,,,,,,,,
,4271,,,0,53.371584,,,,,,,176,67,21,,,,,1,0,0,,,,,,,,,,,,,,,,,,,,,
,4272,,,0,53.379396,,,,,,,176,67,20,,,,,1,0,0,,,,,,,,,,,,,,,,,,,,,
,4273,,,0,53.389812,,,,,,,176,67,21,,,,,1,0,0,,,,,,,,,,,,,,,,,,,,,
,4274,,,0,53.400228,,,,,,,176,67,20,,,,,1,0,0,,,,,,,,,,,,,,,,,,,,,
,4275,,,0,53.428872,,,,,,,176,67,21,,,,,1,0,0,,,,,,,,,,,,,,,,,,,,,
,4276,,,0,53.439288,,,,,,,176,67,20,,,,,1,0,0,,,,,,,,,,,,,,,,,,,,,
,4277,,,0,53.449704,,,,,,,176,67,21,,,,,1,0,0,,,,,,,,,,,,,,,,,,,,,
,4278,,,0,53.460120,,,,,,,176,67,20,,,,,1,0,0,,,,,,,,,,,,,,,,,,,,,
,4279,,,0,53.488764,,,,,,,176,67,21,,,,,1,0,0,,,,,,,,,,,,,,,,,,,,,
,4280,,,0,53.499180,,,,,,,176,67,20,,,,,1,0,0,,,,,,,,,,,,,,,,,,,,,
,4281,,,0,53.538240,,,,,,,176,67,21,,,,,1,0,0,,,,,,,,,,,,,,,,,,,,,
,4282,,,0,53.548656,,,,,,,176,67,20,,,,,1,0,0,,,,,,,,,,,,,,,,,,,,,
,4283,,,0,53.608548,,,,,,,176,67,21,,,,,1,0,0,,,,,,,,,,,,,,,,,,,,,
,4284,,,0,53.618964,,,,,,,176,67,20,,,,,1,0,0,,,,,,,,,,,,,,,,,,,,,
,4285,,,0,53.629380,,,,,,,176,67,21,,,,,1,0,0,,,,,,,,,,,,,,,,,,,,,
,4286,,,0,53.639796,,,,,,,176,67,20,,,,,1,0,0,,,,,,,,,,,,,,,,,,,,,
,4287,,,0,53.689272,,,,,,,176,67,21,,,,,1,0,0,,,,,,,,,,,,,,,,,,,,,
,4288,,,0,53.699688,,,,,,,176,64,110,,,,,1,0,0,,,,,,,,,,,,,,,,,,,,,
,4289,,,0,53.699688,,,,,,,176,67,20,,,,,1,0,0,,,,,,,,,,,,,,,,,,,,,
,4290,,,0,53.707500,,,,,,,176,64,111,,,,,1,0,0,,,,,,,,,,,,,,,,,,,,,
,4291,,,0,53.717916,,,,,,,176,67,21,,,,,1,0,0,,,,,,,,,,,,,,,,,,,,,
,4292,,,0,53.728332,,,,,,,176,67,20,,,,,1,0,0,,,,,,,,,,,,,,,,,,,,,
,4293,,,0,53.738748,,,,,,,176,67,21,,,,,1,0,0,,,,,,,,,,,,,,,,,,,,,
,4294,,,0,53.749164,,,,,,,176,67,20,,,,,1,0,0,,,,,,,,,,,,,,,,,,,,,
,4295,,,0,53.777808,,,,,,,176,67,21,,,,,1,0,0,,,,,,,,,,,,,,,,,,,,,
,4296,,,0,53.790828,,,,,,,176,67,20,,,,,1,0,0,,,,,,,,,,,,,,,,,,,,,
,4297,,,0,53.798640,,,,,,,176,67,21,,,,,1,0,0,,,,,,,,,,,,,,,,,,,,,
,4298,,,0,53.809056,,,,,,,176,67,20,,,,,1,0,0,,,,,,,,,,,,,,,,,,,,,
,4299,,,0,53.829888,,,,,,,176,67,21,,,,,1,0,0,,,,,,,,,,,,,,,,,,,,,
,4300,,,0,53.840304,,,,,,,176,64,110,,,,,1,0,0,,,,,,,,,,,,,,,,,,,,,
,4301,,,0,53.840304,,,,,,,176,67,20,,,,,1,0,0,,,,,,,,,,,,,,,,,,,,,
,4302,,,0,53.848116,,,,,,,176,64,111,,,,,1,0,0,,,,,,,,,,,,,,,,,,,,,
,4303,,,0,53.850720,,,,,,,176,67,21,,,,,1,0,0,,,,,,,,,,,,,,,,,,,,,
,4304,,,0,53.858532,,,,,,,176,67,20,,,,,1,0,0,,,,,,,,,,,,,,,,,,,,,
,4305,,,0,53.889780,,,,,,,176,67,21,,,,,1,0,0,,,,,,,,,,,,,,,,,,,,,
,4306,,,0,53.900196,,,,,,,176,67,20,,,,,1,0,0,,,,,,,,,,,,,,,,,,,,,
,4307,,,0,53.928840,,,,,,,176,67,21,,,,,1,0,0,,,,,,,,,,,,,,,,,,,,,
,4308,,,0,53.939256,,,,,,,176,67,20,,,,,1,0,0,,,,,,,,,,,,,,,,,,,,,
,4309,,,0,53.949672,,,,,,,176,67,21,,,,,1,0,0,,,,,,,,,,,,,,,,,,,,,
,4310,,,0,53.960088,,,,,,,176,67,20,,,,,1,0,0,,,,,,,,,,,,,,,,,,,,,
,4311,,,0,53.980920,,,,,,,176,64,110,,,,,1,0,0,,,,,,,,,,,,,,,,,,,,,
,4312,,,0,53.980920,,,,,,,176,67,21,,,,,1,0,0,,,,,,,,,,,,,,,,,,,,,
,4313,,,0,53.988732,,,,,,,176,64,111,,,,,1,0,0,,,,,,,,,,,,,,,,,,,,,
,4314,,,0,53.988732,,,,,,,176,67,20,,,,,1,0,0,,,,,,,,,,,,,,,,,,,,,
,4315,,,0,53.999148,,,,,,,176,67,21,,,,,1,0,0,,,,,,,,,,,,,,,,,,,,,
,4316,,,0,54.009564,,,,,,,176,67,20,,,,,1,0,0,,,,,,,,,,,,,,,,,,,,,
,4317,,,0,54.048624,,,,,,,176,67,21,,,,,1,0,0,,,,,,,,,,,,,,,,,,,,,
311,4318,1,4471,0,54.061644,0.0,0.0,0,E1,,11,144,28,58,,6012,,,1,0,0,,0.7694860160887174,,0.2689075294117647,1,0.0,0.0,0.0,0.0,4.464286,7.178571,5.581909399999999,0.5577516503771549,0.0,0.0,0.0,0.0,0.0,4.25,1.0785713749999999,1.1657021665380203
,4319,,,0,54.069456,,,,,,,176,67,20,,,,,1,0,0,,,,,,,,,,,,,,,,,,,,,
,4320,,,0,54.079872,,,,,,,176,67,21,,,,,1,0,0,,,,,,,,,,,,,,,,,,,,,
,4321,,,0,54.090288,,,,,,,176,67,20,,,,,1,0,0,,,,,,,,,,,,,,,,,,,,,
,4322,,,0,54.100704,,,,,,,176,67,21,,,,,1,0,0,,,,,,,,,,,,,,,,,,,,,
,4323,,,0,54.118932,,,,,,,176,67,22,,,,,1,0,0,,,,,,,,,,,,,,,,,,,,,
,4324,,,0,54.129348,,,,,,,176,67,21,,,,,1,0,0,,,,,,,,,,,,,,,,,,,,,
,4325,,,0,54.139764,,,,,,,176,67,23,,,,,1,0,0,,,,,,,,,,,,,,,,,,,,,
,4326,,,0,54.150180,,,,,,,176,64,110,,,,,1,0,0,,,,,,,,,,,,,,,,,,,,,
,4327,,,0,54.150180,,,,,,,176,67,24,,,,,1,0,0,,,,,,,,,,,,,,,,,,,,,
,4328,,,0,54.160596,,,,,,,176,64,107,,,,,1,0,0,,,,,,,,,,,,,,,,,,,,,
,4329,,,0,54.168408,,,,,,,176,67,26,,,,,1,0,0,,,,,,,,,,,,,,,,,,,,,
,4330,,,0,54.178824,,,,,,,176,64,105,,,,,1,0,0,,,,,,,,,,,,,,,,,,,,,
,4331,,,0,54.189240,,,,,,,176,64,101,,,,,1,0,0,,,,,,,,,,,,,,,,,,,,,
,4332,,,0,54.199656,,,,,,,176,64,96,,,,,1,0,0,,,,,,,,,,,,,,,,,,,,,
,4333,,,0,54.199656,,,,,,,176,67,25,,,,,1,0,0,,,,,,,,,,,,,,,,,,,,,
,4334,,,0,54.210072,,,,,,,176,64,88,,,,,1,0,0,,,,,,,,,,,,,,,,,,,,,
,4335,,,0,54.220488,,,,,,,176,64,79,,,,,1,0,0,,,,,,,,,,,,,,,,,,,,,
,4336,,,0,54.220488,,,,,,,176,67,26,,,,,1,0,0,,,,,,,,,,,,,,,,,,,,,
,4337,,,0,54.230904,,,,,,,176,64,69,,,,,1,0,0,,,,,,,,,,,,,,,,,,,,,
,4338,,,0,54.230904,,,,,,,176,67,24,,,,,1,0,0,,,,,,,,,,,,,,,,,,,,,
,4339,,,0,54.238716,,,,,,,176,64,59,,,,,0,0,0,,,,,,,,,,,,,,,,,,,,,
,4340,,,0,54.241320,,,,,,,176,67,26,,,,,0,0,0,,,,,,,,,,,,,,,,,,,,,
,4341,,,0,54.249132,,,,,,,176,64,47,,,,,0,0,0,,,,,,,,,,,,,,,,,,,,,
,4342,,,0,54.249132,,,,,,,176,67,25,,,,,0,0,0,,,,,,,,,,,,,,,,,,,,,
,4343,,,0,54.259548,,,,,,,176,64,37,,,,,0,0,0,,,,,,,,,,,,,,,,,,,,,
,4344,,,0,54.259548,,,,,,,176,67,26,,,,,0,0,0,,,,,,,,,,,,,,,,,,,,,
,4345,,,0,54.269964,,,,,,,176,64,27,,,,,0,0,0,,,,,,,,,,,,,,,,,,,,,
,4346,,,0,54.280380,,,,,,,176,64,21,,,,,0,0,0,,,,,,,,,,,,,,,,,,,,,
,4347,,,0,54.290796,,,,,,,176,64,16,,,,,0,0,0,,,,,,,,,,,,,,,,,,,,,
,4348,,,0,54.298608,,,,,,,176,64,15,,,,,0,0,0,,,,,,,,,,,,,,,,,,,,,
,4349,,,0,54.298608,,,,,,,176,67,27,,,,,0,0,0,,,,,,,,,,,,,,,,,,,,,
,4350,,,0,54.309024,,,,,,,176,64,12,,,,,0,0,0,,,,,,,,,,,,,,,,,,,,,
,4351,,,0,54.368916,,,,,,,176,64,11,,,,,0,0,0,,,,,,,,,,,,,,,,,,,,,
,4352,,,0,54.389748,,,,,,,176,64,12,,,,,0,0,0,,,,,,,,,,,,,,,,,,,,,
,4353,,,0,54.400164,,,,,,,176,64,8,,,,,0,0,0,,,,,,,,,,,,,,,,,,,,,
,4354,,,0,54.410580,,,,,,,176,64,9,,,,,0,0,0,,,,,,,,,,,,,,,,,,,,,
,4355,,,0,54.418392,,,,,,,176,64,8,,,,,0,0,0,,,,,,,,,,,,,,,,,,,,,
,4356,,,0,54.428808,,,,,,,176,64,10,,,,,0,0,0,,,,,,,,,,,,,,,,,,,,,
,4357,,,0,54.439224,,,,,,,176,64,8,,,,,0,0,0,,,,,,,,,,,,,,,,,,,,,
,4358,,,0,54.449640,,,,,,,176,64,10,,,,,0,0,0,,,,,,,,,,,,,,,,,,,,,
,4359,,,0,54.460056,,,,,,,176,64,8,,,,,0,0,0,,,,,,,,,,,,,,,,,,,,,
,4360,,,0,54.470472,,,,,,,176,64,9,,,,,0,0,0,,,,,,,,,,,,,,,,,,,,,
,4361,,,0,54.480888,,,,,,,176,64,8,,,,,0,0,0,,,,,,,,,,,,,,,,,,,,,
,4362,,,0,54.499116,,,,,,,176,64,9,,,,,0,0,0,,,,,,,,,,,,,,,,,,,,,
,4363,,,0,54.509532,,,,,,,176,64,8,,,,,0,0,0,,,,,,,,,,,,,,,,,,,,,
,4364,,,0,54.519948,,,,,,,176,64,9,,,,,0,0,0,,,,,,,,,,,,,,,,,,,,,
,4365,,,0,54.530364,,,,,,,176,67,26,,,,,0,0,0,,,,,,,,,,,,,,,,,,,,,
,4366,,,0,54.540780,,,,,,,176,64,8,,,,,0,0,0,,,,,,,,,,,,,,,,,,,,,
,4367,,,0,54.543384,,,,,,,176,67,27,,,,,0,0,0,,,,,,,,,,,,,,,,,,,,,
,4368,,,0,54.551196,,,,,,,176,67,26,,,,,0,0,0,,,,,,,,,,,,,,,,,,,,,
,4369,,,0,54.579840,,,,,,,176,67,25,,,,,0,0,0,,,,,,,,,,,,,,,,,,,,,
,4370,,,0,54.590256,,,,,,,176,67,27,,,,,0,0,0,,,,,,,,,,,,,,,,,,,,,
,4371,,,0,54.600672,,,,,,,176,67,26,,,,,0,0,0,,,,,,,,,,,,,,,,,,,,,
,4372,,,0,54.608484,,,,,,,176,64,7,,,,,0,0,0,,,,,,,,,,,,,,,,,,,,,
,4373,,,0,54.618900,,,,,,,176,64,8,,,,,0,0,0,,,,,,,,,,,,,,,,,,,,,
,4374,,,0,54.621504,,,,,,,176,67,25,,,,,0,0,0,,,,,,,,,,,,,,,,,,,,,
,4375,,,0,54.629316,,,,,,,176,67,26,,,,,0,0,0,,,,,,,,,,,,,,,,,,,,,
,4376,,,0,54.639732,,,,,,,176,64,7,,,,,0,0,0,,,,,,,,,,,,,,,,,,,,,
,4377,,,0,54.642336,,,,,,,176,67,25,,,,,0,0,0,,,,,,,,,,,,,,,,,,,,,
,4378,,,0,54.660564,,,,,,,176,67,26,,,,,0,0,0,,,,,,,,,,,,,,,,,,,,,
,4379,,,0,54.668376,,,,,,,176,64,9,,,,,0,0,0,,,,,,,,,,,,,,,,,,,,,
,4380,,,0,54.670980,,,,,,,176,67,25,,,,,0,0,0,,,,,,,,,,,,,,,,,,,,,
,4381,,,0,54.678792,,,,,,,176,64,8,,,,,0,0,0,,,,,,,,,,,,,,,,,,,,,
,4382,,,0,54.681396,,,,,,,176,67,26,,,,,0,0,0,,,,,,,,,,,,,,,,,,,,,
,4383,,,0,54.689208,,,,,,,176,67,24,,,,,0,0,0,,,,,,,,,,,,,,,,,,,,,
,4384,,,0,54.699624,,,,,,,176,67,26,,,,,0,0,0,,,,,,,,,,,,,,,,,,,,,
,4385,,,0,54.710040,,,,,,,176,67,24,,,,,0,0,0,,,,,,,,,,,,,,,,,,,,,
,4386,,,0,54.720456,,,,,,,176,67,27,,,,,0,0,0,,,,,,,,,,,,,,,,,,,,,
,4387,,,0,54.730872,,,,,,,176,67,25,,,,,0,0,0,,,,,,,,,,,,,,,,,,,,,
,4388,,,0,54.738684,,,,,,,176,67,27,,,,,0,0,0,,,,,,,,,,,,,,,,,,,,,
,4389,,,0,54.749100,,,,,,,176,67,24,,,,,0,0,0,,,,,,,,,,,,,,,,,,,,,
,4390,,,0,54.759516,,,,,,,176,67,26,,,,,0,0,0,,,,,,,,,,,,,,,,,,,,,
,4391,,,0,54.769932,,,,,,,176,67,25,,,,,0,0,0,,,,,,,,,,,,,,,,,,,,,
,4392,,,0,54.780348,,,,,,,176,67,26,,,,,0,0,0,,,,,,,,,,,,,,,,,,,,,
,4393,,,0,54.790764,,,,,,,176,67,25,,,,,0,0,0,,,,,,,,,,,,,,,,,,,,,
,4394,,,0,54.808992,,,,,,,176,64,7,,,,,0,0,0,,,,,,,,,,,,,,,,,,,,,
,4395,,,0,54.819408,,,,,,,176,64,8,,,,,0,0,0,,,,,,,,,,,,,,,,,,,,,
,4396,,,0,54.822012,,,,,,,176,67,26,,,,,0,0,0,,,,,,,,,,,,,,,,,,,,,
,4397,,,0,54.840240,,,,,,,176,67,25,,,,,0,0,0,,,,,,,,,,,,,,,,,,,,,
,4398,,,0,54.850656,,,,,,,176,67,26,,,,,0,0,0,,,,,,,,,,,,,,,,,,,,,
,4399,,,0,54.858468,,,,,,,176,67,24,,,,,0,0,0,,,,,,,,,,,,,,,,,,,,,
,4400,,,0,54.868884,,,,,,,176,67,26,,,,,0,0,0,,,,,,,,,,,,,,,,,,,,,
,4401,,,0,54.879300,,,,,,,176,67,25,,,,,0,0,0,,,,,,,,,,,,,,,,,,,,,
,4402,,,0,54.889716,,,,,,,176,64,7,,,,,0,0,0,,,,,,,,,,,,,,,,,,,,,
,4403,,,0,54.889716,,,,,,,176,67,26,,,,,0,0,0,,,,,,,,,,,,,,,,,,,,,
,4404,,,0,54.900132,,,,,,,176,64,8,,,,,0,0,0,,,,,,,,,,,,,,,,,,,,,
311,4405,1,4472,0,54.923568,0.0,0.0,0,C2,,9,144,36,48,,6012,,,0,0,0,,0.7694860160887174,,0.2689075294117647,1,0.0,0.0,0.0,0.0,4.464286,7.178571,5.581909399999999,0.5577516503771549,0.0,0.0,0.0,0.0,0.0,4.25,1.0785713749999999,1.1657021665380203
,4406,,,0,54.928776,,,,,,,176,64,7,,,,,0,0,0,,,,,,,,,,,,,,,,,,,,,
,4407,,,0,54.931380,,,,,,,176,67,25,,,,,0,0,0,,,,,,,,,,,,,,,,,,,,,
,4408,,,0,54.939192,,,,,,,176,64,8,,,,,0,0,0,,,,,,,,,,,,,,,,,,,,,
,4409,,,0,54.941796,,,,,,,176,67,26,,,,,0,0,0,,,,,,,,,,,,,,,,,,,,,
,4410,,,0,54.949608,,,,,,,176,67,24,,,,,0,0,0,,,,,,,,,,,,,,,,,,,,,
,4411,,,0,54.960024,,,,,,,176,64,7,,,,,0,0,0,,,,,,,,,,,,,,,,,,,,,
,4412,,,0,54.960024,,,,,,,176,67,27,,,,,0,0,0,,,,,,,,,,,,,,,,,,,,,
,4413,,,0,54.970440,,,,,,,176,67,25,,,,,0,0,0,,,,,,,,,,,,,,,,,,,,,
,4414,,,0,54.980856,,,,,,,176,64,8,,,,,0,0,0,,,,,,,,,,,,,,,,,,,,,
,4415,,,0,54.980856,,,,,,,176,67,27,,,,,0,0,0,,,,,,,,,,,,,,,,,,,,,
,4416,,,0,54.988668,,,,,,,176,67,24,,,,,0,0,0,,,,,,,,,,,,,,,,,,,,,
,4417,,,0,54.999084,,,,,,,176,67,26,,,,,0,0,0,,,,,,,,,,,,,,,,,,,,,
,4418,,,0,55.019916,,,,,,,176,67,27,,,,,0,0,0,,,,,,,,,,,,,,,,,,,,,
,4419,,,0,55.045956,,,,,,,128,28,0,,,,,0,0,0,,,,,,,,,,,,,,,,,,,,,
,4420,,,0,55.079808,,,,,,,176,64,7,,,,,0,0,0,,,,,,,,,,,,,,,,,,,,,
,4421,,,0,55.090224,,,,,,,176,64,9,,,,,0,0,0,,,,,,,,,,,,,,,,,,,,,
,4422,,,0,55.100640,,,,,,,176,64,7,,,,,0,0,0,,,,,,,,,,,,,,,,,,,,,
,4423,,,0,55.108452,,,,,,,176,64,11,,,,,0,0,0,,,,,,,,,,,,,,,,,,,,,
,4424,,,0,55.129284,,,,,,,176,64,12,,,,,0,0,0,,,,,,,,,,,,,,,,,,,,,
,4425,,,0,55.139700,,,,,,,176,67,26,,,,,0,0,0,,,,,,,,,,,,,,,,,,,,,
,4426,,,0,55.150116,,,,,,,176,64,15,,,,,0,0,0,,,,,,,,,,,,,,,,,,,,,
,4427,,,0,55.150116,,,,,,,176,67,28,,,,,0,0,0,,,,,,,,,,,,,,,,,,,,,
,4428,,,0,55.160532,,,,,,,176,64,19,,,,,0,0,0,,,,,,,,,,,,,,,,,,,,,
,4429,,,0,55.160532,,,,,,,176,67,29,,,,,0,0,0,,,,,,,,,,,,,,,,,,,,,
,4430,,,0,55.168344,,,,,,,176,64,23,,,,,0,0,0,,,,,,,,,,,,,,,,,,,,,
,4431,,,0,55.170948,,,,,,,176,67,33,,,,,0,0,0,,,,,,,,,,,,,,,,,,,,,
,4432,,,0,55.178760,,,,,,,176,64,25,,,,,0,0,0,,,,,,,,,,,,,,,,,,,,,
,4433,,,0,55.189176,,,,,,,176,64,27,,,,,0,0,0,,,,,,,,,,,,,,,,,,,,,
,4434,,,0,55.191780,,,,,,,176,67,34,,,,,0,0,0,,,,,,,,,,,,,,,,,,,,,
,4435,,,0,55.199592,,,,,,,176,64,31,,,,,0,0,0,,,,,,,,,,,,,,,,,,,,,
,4436,,,0,55.199592,,,,,,,176,67,33,,,,,0,0,0,,,,,,,,,,,,,,,,,,,,,
,4437,,,0,55.210008,,,,,,,176,64,32,,,,,0,0,0,,,,,,,,,,,,,,,,,,,,,
,4438,,,0,55.220424,,,,,,,176,64,35,,,,,0,0,0,,,,,,,,,,,,,,,,,,,,,
,4439,,,0,55.220424,,,,,,,176,67,39,,,,,0,0,0,,,,,,,,,,,,,,,,,,,,,
,4440,,,0,55.228236,,,,,,,176,67,40,,,,,0,0,0,,,,,,,,,,,,,,,,,,,,,
,4441,,,0,55.238652,,,,,,,176,64,38,,,,,0,0,0,,,,,,,,,,,,,,,,,,,,,
,4442,,,0,55.241256,,,,,,,176,67,45,,,,,0,0,0,,,,,,,,,,,,,,,,,,,,,
,4443,,,0,55.249068,,,,,,,176,64,42,,,,,0,0,0,,,,,,,,,,,,,,,,,,,,,
,4444,,,0,55.251672,,,,,,,176,67,49,,,,,0,0,0,,,,,,,,,,,,,,,,,,,,,
,4445,,,0,55.259484,,,,,,,176,64,43,,,,,0,0,0,,,,,,,,,,,,,,,,,,,,,
,4446,,,0,55.259484,,,,,,,176,67,53,,,,,0,0,0,,,,,,,,,,,,,,,,,,,,,
,4447,,,0,55.269900,,,,,,,176,64,50,,,,,0,0,0,,,,,,,,,,,,,,,,,,,,,
,4448,,,0,55.269900,,,,,,,176,67,61,,,,,0,0,0,,,,,,,,,,,,,,,,,,,,,
,4449,,,0,55.280316,,,,,,,176,64,54,,,,,0,0,0,,,,,,,,,,,,,,,,,,,,,
,4450,,,0,55.280316,,,,,,,176,67,71,,,,,0,1,0,,,,,,,,,,,,,,,,,,,,,
,4451,,,0,55.290732,,,,,,,176,64,59,,,,,0,1,0,,,,,,,,,,,,,,,,,,,,,
,4452,,,0,55.290732,,,,,,,176,67,82,,,,,0,1,0,,,,,,,,,,,,,,,,,,,,,
,4453,,,0,55.298544,,,,,,,176,64,67,,,,,1,1,0,,,,,,,,,,,,,,,,,,,,,
,4454,,,0,55.301148,,,,,,,176,67,97,,,,,1,1,0,,,,,,,,,,,,,,,,,,,,,
,4455,,,0,55.308960,,,,,,,176,64,70,,,,,1,1,0,,,,,,,,,,,,,,,,,,,,,
,4456,,,0,55.311564,,,,,,,176,67,111,,,,,1,1,0,,,,,,,,,,,,,,,,,,,,,
,4457,,,0,55.319376,,,,,,,176,64,75,,,,,1,1,0,,,,,,,,,,,,,,,,,,,,,
,4458,,,0,55.319376,,,,,,,176,67,127,,,,,1,1,0,,,,,,,,,,,,,,,,,,,,,
,4459,,,0,55.329792,,,,,,,176,64,78,,,,,1,1,0,,,,,,,,,,,,,,,,,,,,,
,4460,,,0,55.340208,,,,,,,176,64,82,,,,,1,1,0,,,,,,,,,,,,,,,,,,,,,
,4461,,,0,55.350624,,,,,,,176,64,84,,,,,1,1,0,,,,,,,,,,,,,,,,,,,,,
,4462,,,0,55.358436,,,,,,,176,64,87,,,,,1,1,0,,,,,,,,,,,,,,,,,,,,,
,4463,,,0,55.368852,,,,,,,176,64,91,,,,,1,1,0,,,,,,,,,,,,,,,,,,,,,
,4464,,,0,55.374060,,,,,,,128,36,0,,,,,1,1,0,,,,,,,,,,,,,,,,,,,,,
,4465,,,0,55.389684,,,,,,,176,64,95,,,,,1,1,0,,,,,,,,,,,,,,,,,,,,,
,4466,,,0,55.400100,,,,,,,176,64,98,,,,,1,1,0,,,,,,,,,,,,,,,,,,,,,
,4467,,,0,55.410516,,,,,,,176,64,99,,,,,1,1,0,,,,,,,,,,,,,,,,,,,,,
,4468,,,0,55.418328,,,,,,,176,64,102,,,,,1,1,0,,,,,,,,,,,,,,,,,,,,,
,4469,,,0,55.428744,,,,,,,176,64,103,,,,,1,1,0,,,,,,,,,,,,,,,,,,,,,
,4470,,,0,55.459992,,,,,,,176,64,106,,,,,1,1,0,,,,,,,,,,,,,,,,,,,,,
,4471,,,0,55.470408,,,,,,,176,64,104,,,,,1,1,0,,,,,,,,,,,,,,,,,,,,,
,4472,,,0,55.478220,,,,,,,176,64,107,,,,,1,1,0,,,,,,,,,,,,,,,,,,,,,
,4473,,,0,55.488636,,,,,,,176,64,104,,,,,1,1,0,,,,,,,,,,,,,,,,,,,,,
,4474,,,0,55.499052,,,,,,,176,64,107,,,,,1,1,0,,,,,,,,,,,,,,,,,,,,,
312,4475,1,4473,0,55.535508,0.0,0.0,0,C2,,7,144,36,37,,6012,,,1,1,0,,0.7694860160887174,,0.2689075294117647,1,0.0,0.0,0.0,0.0,4.464286,7.178571,5.581909399999999,0.5577516503771549,0.0,0.0,0.0,0.0,0.0,4.25,1.0785713749999999,1.1657021665380203
,4476,,,0,55.540716,,,,,,,176,64,106,,,,,1,1,0,,,,,,,,,,,,,,,,,,,,,
,4477,,,0,55.548528,,,,,,,176,64,105,,,,,1,1,0,,,,,,,,,,,,,,,,,,,,,
,4478,,,0,55.558944,,,,,,,176,64,103,,,,,1,1,0,,,,,,,,,,,,,,,,,,,,,
,4479,,,0,55.569360,,,,,,,176,64,97,,,,,1,1,0,,,,,,,,,,,,,,,,,,,,,
,4480,,,0,55.579776,,,,,,,176,64,89,,,,,1,1,0,,,,,,,,,,,,,,,,,,,,,
,4481,,,0,55.590192,,,,,,,176,64,77,,,,,1,1,0,,,,,,,,,,,,,,,,,,,,,
,4482,,,0,55.600608,,,,,,,176,64,65,,,,,1,1,0,,,,,,,,,,,,,,,,,,,,,
,4483,,,0,55.608420,,,,,,,176,64,53,,,,,0,1,0,,,,,,,,,,,,,,,,,,,,,
,4484,,,0,55.618836,,,,,,,176,64,42,,,,,0,1,0,,,,,,,,,,,,,,,,,,,,,
,4485,,,0,55.629252,,,,,,,176,64,33,,,,,0,1,0,,,,,,,,,,,,,,,,,,,,,
,4486,,,0,55.639668,,,,,,,176,64,28,,,,,0,1,0,,,,,,,,,,,,,,,,,,,,,
,4487,,,0,55.650084,,,,,,,176,64,27,,,,,0,1,0,,,,,,,,,,,,,,,,,,,,,
,4488,,,0,55.696956,,,,,,,128,36,0,,,,,0,1,0,,,,,,,,,,,,,,,,,,,,,
,4489,,,0,55.699560,,,,,,,176,64,31,,,,,0,1,0,,,,,,,,,,,,,,,,,,,,,
312,4490,1,4474,0,55.709976,0.0,0.0,0,F#2,,7,144,42,37,,6012,,,0,1,0,,0.7694860160887174,,0.2689075294117647,1,0.0,0.0,0.0,0.0,4.464286,7.178571,5.581909399999999,0.5577516503771549,0.0,0.0,0.0,0.0,0.0,4.25,1.0785713749999999,1.1657021665380203
,4491,,,0,55.709976,,,,,,,176,64,32,,,,,0,1,0,,,,,,,,,,,,,,,,,,,,,
,4492,,,0,55.720392,,,,,,,176,64,35,,,,,0,1,0,,,,,,,,,,,,,,,,,,,,,
,4493,,,0,55.730808,,,,,,,176,64,36,,,,,0,1,0,,,,,,,,,,,,,,,,,,,,,
,4494,,,0,55.738620,,,,,,,176,64,43,,,,,0,1,0,,,,,,,,,,,,,,,,,,,,,
,4495,,,0,55.749036,,,,,,,176,64,49,,,,,0,1,0,,,,,,,,,,,,,,,,,,,,,
,4496,,,0,55.759452,,,,,,,176,64,54,,,,,0,1,0,,,,,,,,,,,,,,,,,,,,,
,4497,,,0,55.769868,,,,,,,176,64,64,,,,,1,1,0,,,,,,,,,,,,,,,,,,,,,
,4498,,,0,55.780284,,,,,,,176,64,71,,,,,1,1,0,,,,,,,,,,,,,,,,,,,,,
,4499,,,0,55.790700,,,,,,,176,64,78,,,,,1,1,0,,,,,,,,,,,,,,,,,,,,,
,4500,,,0,55.798512,,,,,,,176,64,86,,,,,1,1,0,,,,,,,,,,,,,,,,,,,,,
,4501,,,0,55.808928,,,,,,,176,64,92,,,,,1,1,0,,,,,,,,,,,,,,,,,,,,,
,4502,,,0,55.819344,,,,,,,176,64,96,,,,,1,1,0,,,,,,,,,,,,,,,,,,,,,
,4503,,,0,55.829760,,,,,,,176,64,99,,,,,1,1,0,,,,,,,,,,,,,,,,,,,,,
,4504,,,0,55.840176,,,,,,,176,64,102,,,,,1,1,0,,,,,,,,,,,,,,,,,,,,,
,4505,,,0,55.850592,,,,,,,176,64,103,,,,,1,1,0,,,,,,,,,,,,,,,,,,,,,
,4506,,,0,55.868820,,,,,,,176,64,105,,,,,1,1,0,,,,,,,,,,,,,,,,,,,,,
,4507,,,0,55.879236,,,,,,,176,64,103,,,,,1,1,0,,,,,,,,,,,,,,,,,,,,,
,4508,,,0,55.889652,,,,,,,176,64,106,,,,,1,1,0,,,,,,,,,,,,,,,,,,,,,
,4509,,,0,55.900068,,,,,,,176,64,107,,,,,1,1,0,,,,,,,,,,,,,,,,,,,,,
,4510,,,0,55.910484,,,,,,,176,64,106,,,,,1,1,0,,,,,,,,,,,,,,,,,,,,,
,4511,,,0,55.918296,,,,,,,176,64,107,,,,,1,1,0,,,,,,,,,,,,,,,,,,,,,
,4512,,,0,55.923504,,,,,,,128,42,0,,,,,1,1,0,,,,,,,,,,,,,,,,,,,,,
,4513,,,0,55.939128,,,,,,,176,64,106,,,,,1,1,0,,,,,,,,,,,,,,,,,,,,,
312,4514,1,4475,0,55.944336,0.0,0.0,0,G#1,,6,144,32,32,,6012,,,1,1,0,,0.7694860160887174,,0.2689075294117647,1,0.0,0.0,0.0,0.0,4.464286,7.178571,5.581909399999999,0.5577516503771549,0.0,0.0,0.0,0.0,0.0,4.25,1.0785713749999999,1.1657021665380203
,4515,,,0,55.949544,,,,,,,176,64,107,,,,,1,1,0,,,,,,,,,,,,,,,,,,,,,
,4516,,,0,55.970376,,,,,,,176,64,104,,,,,1,1,0,,,,,,,,,,,,,,,,,,,,,
,4517,,,0,55.978188,,,,,,,176,64,103,,,,,1,1,0,,,,,,,,,,,,,,,,,,,,,
,4518,,,0,55.988604,,,,,,,176,64,99,,,,,1,1,0,,,,,,,,,,,,,,,,,,,,,
,4519,,,0,56.001624,,,,,,,176,64,90,,,,,1,1,0,,,,,,,,,,,,,,,,,,,,,
,4520,,,0,56.009436,,,,,,,176,64,78,,,,,1,1,0,,,,,,,,,,,,,,,,,,,,,
,4521,,,0,56.019852,,,,,,,176,64,62,,,,,0,1,0,,,,,,,,,,,,,,,,,,,,,
,4522,,,0,56.030268,,,,,,,176,64,49,,,,,0,1,0,,,,,,,,,,,,,,,,,,,,,
,4523,,,0,56.040684,,,,,,,176,64,43,,,,,0,1,0,,,,,,,,,,,,,,,,,,,,,
,4524,,,0,56.040684,,,,,,,128,32,0,,,,,0,1,0,,,,,,,,,,,,,,,,,,,,,
312,4525,1,4476,0,56.066724,0.0,0.0,0,F2,,6,144,41,32,,6012,,,0,1,0,,0.7694860160887174,,0.2689075294117647,1,0.0,0.0,0.0,0.0,4.464286,7.178571,5.581909399999999,0.5577516503771549,0.0,0.0,0.0,0.0,0.0,4.25,1.0785713749999999,1.1657021665380203
,4526,,,0,56.069328,,,,,,,176,64,47,,,,,0,1,0,,,,,,,,,,,,,,,,,,,,,
,4527,,,0,56.079744,,,,,,,176,64,51,,,,,0,1,0,,,,,,,,,,,,,,,,,,,,,
,4528,,,0,56.090160,,,,,,,176,64,58,,,,,0,1,0,,,,,,,,,,,,,,,,,,,,,
,4529,,,0,56.100576,,,,,,,176,64,66,,,,,1,1,0,,,,,,,,,,,,,,,,,,,,,
,4530,,,0,56.108388,,,,,,,176,64,77,,,,,1,1,0,,,,,,,,,,,,,,,,,,,,,
,4531,,,0,56.118804,,,,,,,176,64,88,,,,,1,1,0,,,,,,,,,,,,,,,,,,,,,
,4532,,,0,56.129220,,,,,,,176,64,98,,,,,1,1,0,,,,,,,,,,,,,,,,,,,,,
,4533,,,0,56.139636,,,,,,,128,41,0,,,,,1,1,0,,,,,,,,,,,,,,,,,,,,,
,4534,,,0,56.139636,,,,,,,176,64,106,,,,,1,1,0,,,,,,,,,,,,,,,,,,,,,
312,4535,1,4477,0,56.139636,0.0,0.0,0,G#1,,6,144,32,32,,6012,,,1,1,0,,0.7694860160887174,,0.2689075294117647,1,0.0,0.0,0.0,0.0,4.464286,7.178571,5.581909399999999,0.5577516503771549,0.0,0.0,0.0,0.0,0.0,4.25,1.0785713749999999,1.1657021665380203
,4536,,,0,56.150052,,,,,,,176,64,111,,,,,1,1,0,,,,,,,,,,,,,,,,,,,,,
,4537,,,0,56.170884,,,,,,,176,64,110,,,,,1,1,0,,,,,,,,,,,,,,,,,,,,,
,4538,,,0,56.178696,,,,,,,176,64,111,,,,,1,1,0,,,,,,,,,,,,,,,,,,,,,
,4539,,,0,56.233380,,,,,,,128,32,0,,,,,1,1,0,,,,,,,,,,,,,,,,,,,,,
312,4540,1,4478,0,56.243796,0.0,0.0,0,F#2,,5,144,42,26,,6012,,,1,1,0,,0.7694860160887174,,0.2689075294117647,1,0.0,0.0,0.0,0.0,4.464286,7.178571,5.581909399999999,0.5577516503771549,0.0,0.0,0.0,0.0,0.0,4.25,1.0785713749999999,1.1657021665380203
,4541,,,0,56.290668,,,,,,,176,64,110,,,,,1,1,0,,,,,,,,,,,,,,,,,,,,,
,4542,,,0,56.298480,,,,,,,176,64,111,,,,,1,1,0,,,,,,,,,,,,,,,,,,,,,
,4543,,,0,56.308896,,,,,,,176,64,110,,,,,1,1,0,,,,,,,,,,,,,,,,,,,,,
,4544,,,0,56.321916,,,,,,,128,42,0,,,,,1,1,0,,,,,,,,,,,,,,,,,,,,,
,4545,,,0,56.329728,,,,,,,176,64,111,,,,,1,1,0,,,,,,,,,,,,,,,,,,,,,
,4546,,,0,56.340144,,,,,,,176,64,110,,,,,1,1,0,,,,,,,,,,,,,,,,,,,,,
,4547,,,0,56.350560,,,,,,,176,64,111,,,,,1,1,0,,,,,,,,,,,,,,,,,,,,,
,4548,,,0,56.368788,,,,,,,176,64,110,,,,,1,1,0,,,,,,,,,,,,,,,,,,,,,
,4549,,,0,56.379204,,,,,,,176,64,111,,,,,1,1,0,,,,,,,,,,,,,,,,,,,,,
,4550,,,0,56.400036,,,,,,,176,64,110,,,,,1,1,0,,,,,,,,,,,,,,,,,,,,,
,4551,,,0,56.410452,,,,,,,176,64,111,,,,,1,1,0,,,,,,,,,,,,,,,,,,,,,
312,4552,1,4480,0,56.418264,0.0,0.0,0,G#1,,5,144,32,26,,6012,,,1,1,0,,0.7694860160887174,,0.2689075294117647,1,0.0,0.0,0.0,0.0,4.464286,7.178571,5.581909399999999,0.5577516503771549,0.0,0.0,0.0,0.0,0.0,4.25,1.0785713749999999,1.1657021665380203
,4553,,,0,56.439096,,,,,,,176,64,110,,,,,1,1,0,,,,,,,,,,,,,,,,,,,,,
,4554,,,0,56.449512,,,,,,,176,64,111,,,,,1,1,0,,,,,,,,,,,,,,,,,,,,,
,4555,,,0,56.478156,,,,,,,176,64,107,,,,,1,1,0,,,,,,,,,,,,,,,,,,,,,
,4556,,,0,56.488572,,,,,,,176,64,105,,,,,1,1,0,,,,,,,,,,,,,,,,,,,,,
,4557,,,0,56.498988,,,,,,,176,64,97,,,,,1,1,0,,,,,,,,,,,,,,,,,,,,,
,4558,,,0,56.509404,,,,,,,176,64,82,,,,,1,1,0,,,,,,,,,,,,,,,,,,,,,
,4559,,,0,56.519820,,,,,,,176,64,58,,,,,0,1,0,,,,,,,,,,,,,,,,,,,,,
,4560,,,0,56.519820,,,,,,,128,32,0,,,,,0,1,0,,,,,,,,,,,,,,,,,,,,,
,4561,,,0,56.530236,,,,,,,176,64,35,,,,,0,1,0,,,,,,,,,,,,,,,,,,,,,
,4562,,,0,56.540652,,,,,,,176,64,18,,,,,0,1,0,,,,,,,,,,,,,,,,,,,,,
,4563,,,0,56.548464,,,,,,,176,64,12,,,,,0,1,0,,,,,,,,,,,,,,,,,,,,,
,4564,,,0,56.558880,,,,,,,176,64,11,,,,,0,1,0,,,,,,,,,,,,,,,,,,,,,
,4565,,,0,56.569296,,,,,,,176,64,12,,,,,0,1,0,,,,,,,,,,,,,,,,,,,,,
,4566,,,0,56.600544,,,,,,,176,64,15,,,,,0,1,0,,,,,,,,,,,,,,,,,,,,,
,4567,,,0,56.608356,,,,,,,176,64,18,,,,,0,1,0,,,,,,,,,,,,,,,,,,,,,
,4568,,,0,56.618772,,,,,,,176,64,21,,,,,0,1,0,,,,,,,,,,,,,,,,,,,,,
312,4569,1,4481,0,56.621376,0.0,0.0,0,E1,,14,144,28,74,,6012,,,0,1,0,,0.7694860160887174,,0.2689075294117647,1,0.0,0.0,0.0,0.0,4.464286,7.178571,5.581909399999999,0.5577516503771549,0.0,0.0,0.0,0.0,0.0,4.25,1.0785713749999999,1.1657021665380203
,4570,,,0,56.629188,,,,,,,176,64,23,,,,,0,1,0,,,,,,,,,,,,,,,,,,,,,
,4571,,,0,56.639604,,,,,,,176,64,27,,,,,0,1,0,,,,,,,,,,,,,,,,,,,,,
,4572,,,0,56.650020,,,,,,,176,64,32,,,,,0,1,0,,,,,,,,,,,,,,,,,,,,,
,4573,,,0,56.650020,,,,,,,176,67,126,,,,,0,1,0,,,,,,,,,,,,,,,,,,,,,
312,4574,1,4481,0,56.652624,0.0,0.0,0,C2,,14,144,36,74,,6012,,,0,1,0,,0.7694860160887174,,0.2689075294117647,1,0.0,0.0,0.0,0.0,4.464286,7.178571,5.581909399999999,0.5577516503771549,0.0,0.0,0.0,0.0,0.0,4.25,1.0785713749999999,1.1657021665380203
,4575,,,0,56.660436,,,,,,,176,64,35,,,,,0,1,0,,,,,,,,,,,,,,,,,,,,,
,4576,,,0,56.660436,,,,,,,176,67,116,,,,,0,1,0,,,,,,,,,,,,,,,,,,,,,
0,4577,1,0,0,56.660436,0.0,0.0,0,B1,,-1,144,35,32,,,,,0,1,0,,,,,,,,,,,,,,,,,,,,,
,4578,,,0,56.668248,,,,,,,176,64,42,,,,,0,1,0,,,,,,,,,,,,,,,,,,,,,
,4579,,,0,56.670852,,,,,,,176,67,108,,,,,0,1,0,,,,,,,,,,,,,,,,,,,,,
,4580,,,0,56.678664,,,,,,,176,64,50,,,,,0,1,0,,,,,,,,,,,,,,,,,,,,,
,4581,,,0,56.681268,,,,,,,176,67,101,,,,,0,1,0,,,,,,,,,,,,,,,,,,,,,
,4582,,,0,56.689080,,,,,,,176,64,60,,,,,0,1,0,,,,,,,,,,,,,,,,,,,,,
,4583,,,0,56.691684,,,,,,,176,67,94,,,,,0,1,0,,,,,,,,,,,,,,,,,,,,,
,4584,,,0,56.699496,,,,,,,176,64,72,,,,,1,1,0,,,,,,,,,,,,,,,,,,,,,
,4585,,,0,56.699496,,,,,,,176,67,87,,,,,1,1,0,,,,,,,,,,,,,,,,,,,,,
,4586,,,0,56.709912,,,,,,,176,64,83,,,,,1,1,0,,,,,,,,,,,,,,,,,,,,,
,4587,,,0,56.709912,,,,,,,176,67,81,,,,,1,1,0,,,,,,,,,,,,,,,,,,,,,
,4588,,,0,56.720328,,,,,,,176,64,93,,,,,1,1,0,,,,,,,,,,,,,,,,,,,,,
,4589,,,0,56.720328,,,,,,,176,67,74,,,,,1,1,0,,,,,,,,,,,,,,,,,,,,,
,4590,,,0,56.728140,,,,,,,176,64,102,,,,,1,1,0,,,,,,,,,,,,,,,,,,,,,
,4591,,,0,56.730744,,,,,,,176,67,67,,,,,1,1,0,,,,,,,,,,,,,,,,,,,,,
,4592,,,0,56.730744,,,,,,,128,36,0,,,,,1,1,0,,,,,,,,,,,,,,,,,,,,,
,4593,,,0,56.733348,,,,,,,128,35,0,,,,,1,1,0,,,,,,,,,,,,,,,,,,,,,
,4594,,,0,56.738556,,,,,,,176,64,105,,,,,1,1,0,,,,,,,,,,,,,,,,,,,,,
,4595,,,0,56.741160,,,,,,,176,67,61,,,,,1,0,0,,,,,,,,,,,,,,,,,,,,,
,4596,,,0,56.748972,,,,,,,176,64,107,,,,,1,0,0,,,,,,,,,,,,,,,,,,,,,
,4597,,,0,56.751576,,,,,,,176,67,54,,,,,1,0,0,,,,,,,,,,,,,,,,,,,,,
,4598,,,0,56.759388,,,,,,,176,67,47,,,,,1,0,0,,,,,,,,,,,,,,,,,,,,,
,4599,,,0,56.769804,,,,,,,176,67,40,,,,,1,0,0,,,,,,,,,,,,,,,,,,,,,
312,4600,1,4482,0,56.769804,0.0,0.0,0,G#1,,15,144,32,80,,6012,,,1,0,0,,0.7694860160887174,,0.2689075294117647,1,0.0,0.0,0.0,0.0,4.464286,7.178571,5.581909399999999,0.5577516503771549,0.0,0.0,0.0,0.0,0.0,4.25,1.0785713749999999,1.1657021665380203
,4601,,,0,56.780220,,,,,,,176,67,34,,,,,1,0,0,,,,,,,,,,,,,,,,,,,,,
,4602,,,0,56.790636,,,,,,,176,67,27,,,,,1,0,0,,,,,,,,,,,,,,,,,,,,,
,4603,,,0,56.798448,,,,,,,128,28,0,,,,,1,0,0,,,,,,,,,,,,,,,,,,,,,
,4604,,,0,56.850528,,,,,,,176,67,26,,,,,1,0,0,,,,,,,,,,,,,,,,,,,,,
,4605,,,0,56.858340,,,,,,,176,67,27,,,,,1,0,0,,,,,,,,,,,,,,,,,,,,,
,4606,,,0,56.868756,,,,,,,176,67,26,,,,,1,0,0,,,,,,,,,,,,,,,,,,,,,
,4607,,,0,56.879172,,,,,,,176,67,27,,,,,1,0,0,,,,,,,,,,,,,,,,,,,,,
,4608,,,0,56.889588,,,,,,,176,67,26,,,,,1,0,0,,,,,,,,,,,,,,,,,,,,,
,4609,,,0,56.918232,,,,,,,176,67,25,,,,,1,0,0,,,,,,,,,,,,,,,,,,,,,
,4610,,,0,56.928648,,,,,,,176,64,104,,,,,1,0,0,,,,,,,,,,,,,,,,,,,,,
,4611,,,0,56.931252,,,,,,,176,67,26,,,,,1,0,0,,,,,,,,,,,,,,,,,,,,,
,4612,,,0,56.939064,,,,,,,176,64,98,,,,,1,0,0,,,,,,,,,,,,,,,,,,,,,
,4613,,,0,56.941668,,,,,,,176,67,25,,,,,1,0,0,,,,,,,,,,,,,,,,,,,,,
,4614,,,0,56.949480,,,,,,,176,64,84,,,,,1,0,0,,,,,,,,,,,,,,,,,,,,,
,4615,,,0,56.952084,,,,,,,176,67,26,,,,,1,0,0,,,,,,,,,,,,,,,,,,,,,
,4616,,,0,56.952084,,,,,,,128,32,0,,,,,1,0,0,,,,,,,,,,,,,,,,,,,,,
312,4617,1,4483,0,56.954688,0.0,0.0,0,E1,,16,144,28,85,,6012,,,1,0,0,,0.7694860160887174,,0.2689075294117647,1,0.0,0.0,0.0,0.0,4.464286,7.178571,5.581909399999999,0.5577516503771549,0.0,0.0,0.0,0.0,0.0,4.25,1.0785713749999999,1.1657021665380203
,4618,,,0,56.959896,,,,,,,176,64,63,,,,,0,0,0,,,,,,,,,,,,,,,,,,,,,
,4619,,,0,56.962500,,,,,,,176,67,24,,,,,0,0,0,,,,,,,,,,,,,,,,,,,,,
312,4620,1,4483,0,56.965104,0.0,0.0,0,C2,,16,144,36,85,,6012,,,0,0,0,,0.7694860160887174,,0.2689075294117647,1,0.0,0.0,0.0,0.0,4.464286,7.178571,5.581909399999999,0.5577516503771549,0.0,0.0,0.0,0.0,0.0,4.25,1.0785713749999999,1.1657021665380203
,4621,,,0,56.970312,,,,,,,176,64,40,,,,,0,0,0,,,,,,,,,,,,,,,,,,,,,
,4622,,,0,56.970312,,,,,,,176,67,26,,,,,0,0,0,,,,,,,,,,,,,,,,,,,,,
,4623,,,0,56.978124,,,,,,,176,64,22,,,,,0,0,0,,,,,,,,,,,,,,,,,,,,,
,4624,,,0,56.980728,,,,,,,176,67,25,,,,,0,0,0,,,,,,,,,,,,,,,,,,,,,
,4625,,,0,56.988540,,,,,,,176,64,16,,,,,0,0,0,,,,,,,,,,,,,,,,,,,,,
,4626,,,0,56.991144,,,,,,,176,67,26,,,,,0,0,0,,,,,,,,,,,,,,,,,,,,,
,4627,,,0,57.030204,,,,,,,176,64,19,,,,,0,0,0,,,,,,,,,,,,,,,,,,,,,
312,4628,1,4484,0,57.038016,0.0,0.0,0,F#3,,18,144,54,96,,6012,,,0,0,0,,0.7694860160887174,,0.2689075294117647,1,0.0,0.0,0.0,0.0,4.464286,7.178571,5.581909399999999,0.5577516503771549,0.0,0.0,0.0,0.0,0.0,4.25,1.0785713749999999,1.1657021665380203
,4629,,,0,57.040620,,,,,,,176,64,20,,,,,0,0,0,,,,,,,,,,,,,,,,,,,,,
,4630,,,0,57.048432,,,,,,,176,64,23,,,,,0,0,0,,,,,,,,,,,,,,,,,,,,,
,4631,,,0,57.058848,,,,,,,176,64,27,,,,,0,0,0,,,,,,,,,,,,,,,,,,,,,
,4632,,,0,57.061452,,,,,,,176,67,22,,,,,0,0,0,,,,,,,,,,,,,,,,,,,,,
,4633,,,0,57.069264,,,,,,,176,64,28,,,,,0,0,0,,,,,,,,,,,,,,,,,,,,,
,4634,,,0,57.079680,,,,,,,176,64,34,,,,,0,0,0,,,,,,,,,,,,,,,,,,,,,
,4635,,,0,57.079680,,,,,,,176,67,21,,,,,0,0,0,,,,,,,,,,,,,,,,,,,,,
,4636,,,0,57.090096,,,,,,,176,64,39,,,,,0,0,0,,,,,,,,,,,,,,,,,,,,,
,4637,,,0,57.090096,,,,,,,176,67,20,,,,,0,0,0,,,,,,,,,,,,,,,,,,,,,
,4638,,,0,57.100512,,,,,,,176,64,47,,,,,0,0,0,,,,,,,,,,,,,,,,,,,,,
,4639,,,0,57.100512,,,,,,,176,67,21,,,,,0,0,0,,,,,,,,,,,,,,,,,,,,,
,4640,,,0,57.108324,,,,,,,176,64,58,,,,,0,0,0,,,,,,,,,,,,,,,,,,,,,
,4641,,,0,57.110928,,,,,,,176,67,20,,,,,0,0,0,,,,,,,,,,,,,,,,,,,,,
,4642,,,0,57.118740,,,,,,,176,64,68,,,,,1,0,0,,,,,,,,,,,,,,,,,,,,,
,4643,,,0,57.121344,,,,,,,176,67,21,,,,,1,0,0,,,,,,,,,,,,,,,,,,,,,
,4644,,,0,57.129156,,,,,,,176,64,81,,,,,1,0,0,,,,,,,,,,,,,,,,,,,,,
,4645,,,0,57.129156,,,,,,,176,67,20,,,,,1,0,0,,,,,,,,,,,,,,,,,,,,,
,4646,,,0,57.139572,,,,,,,176,64,93,,,,,1,0,0,,,,,,,,,,,,,,,,,,,,,
,4647,,,0,57.139572,,,,,,,176,67,21,,,,,1,0,0,,,,,,,,,,,,,,,,,,,,,
,4648,,,0,57.149988,,,,,,,176,64,102,,,,,1,0,0,,,,,,,,,,,,,,,,,,,,,
,4649,,,0,57.149988,,,,,,,176,67,20,,,,,1,0,0,,,,,,,,,,,,,,,,,,,,,
,4650,,,0,57.152592,,,,,,,128,28,0,,,,,1,0,0,,,,,,,,,,,,,,,,,,,,,
,4651,,,0,57.152592,,,,,,,128,36,0,,,,,1,0,0,,,,,,,,,,,,,,,,,,,,,
,4652,,,0,57.160404,,,,,,,176,64,109,,,,,1,0,0,,,,,,,,,,,,,,,,,,,,,
,4653,,,0,57.168216,,,,,,,176,67,21,,,,,1,0,0,,,,,,,,,,,,,,,,,,,,,
,4654,,,0,57.178632,,,,,,,176,64,107,,,,,1,0,0,,,,,,,,,,,,,,,,,,,,,
,4655,,,0,57.241128,,,,,,,176,67,20,,,,,1,0,0,,,,,,,,,,,,,,,,,,,,,
,4656,,,0,57.251544,,,,,,,176,64,109,,,,,1,0,0,,,,,,,,,,,,,,,,,,,,,
,4657,,,0,57.254148,,,,,,,176,67,21,,,,,1,0,0,,,,,,,,,,,,,,,,,,,,,
,4658,,,0,57.259356,,,,,,,176,64,107,,,,,1,0,0,,,,,,,,,,,,,,,,,,,,,
,4659,,,0,57.264564,,,,,,,176,67,20,,,,,1,0,0,,,,,,,,,,,,,,,,,,,,,
,4660,,,0,57.269772,,,,,,,176,64,109,,,,,1,0,0,,,,,,,,,,,,,,,,,,,,,
,4661,,,0,57.280188,,,,,,,176,64,107,,,,,1,0,0,,,,,,,,,,,,,,,,,,,,,
,4662,,,0,57.280188,,,,,,,176,67,21,,,,,1,0,0,,,,,,,,,,,,,,,,,,,,,
,4663,,,0,57.290604,,,,,,,176,64,109,,,,,1,0,0,,,,,,,,,,,,,,,,,,,,,
,4664,,,0,57.290604,,,,,,,176,67,20,,,,,1,0,0,,,,,,,,,,,,,,,,,,,,,
,4665,,,0,57.298416,,,,,,,176,64,108,,,,,1,0,0,,,,,,,,,,,,,,,,,,,,,
,4666,,,0,57.301020,,,,,,,176,67,21,,,,,1,0,0,,,,,,,,,,,,,,,,,,,,,
,4667,,,0,57.308832,,,,,,,176,64,109,,,,,1,0,0,,,,,,,,,,,,,,,,,,,,,
,4668,,,0,57.319248,,,,,,,176,64,110,,,,,1,0,0,,,,,,,,,,,,,,,,,,,,,
,4669,,,0,57.329664,,,,,,,176,64,108,,,,,1,0,0,,,,,,,,,,,,,,,,,,,,,
,4670,,,0,57.332268,,,,,,,176,67,22,,,,,1,0,0,,,,,,,,,,,,,,,,,,,,,
,4671,,,0,57.340080,,,,,,,176,64,110,,,,,1,0,0,,,,,,,,,,,,,,,,,,,,,
,4672,,,0,57.340080,,,,,,,176,67,21,,,,,1,0,0,,,,,,,,,,,,,,,,,,,,,
312,4673,1,4485,0,57.347892,0.0,0.0,0,E1,,20,144,28,106,,6012,,,1,0,0,,0.7694860160887174,,0.2689075294117647,1,0.0,0.0,0.0,0.0,4.464286,7.178571,5.581909399999999,0.5577516503771549,0.0,0.0,0.0,0.0,0.0,4.25,1.0785713749999999,1.1657021665380203
,4674,,,0,57.350496,,,,,,,176,67,20,,,,,1,0,0,,,,,,,,,,,,,,,,,,,,,
,4675,,,0,57.355704,,,,,,,128,54,0,,,,,1,0,0,,,,,,,,,,,,,,,,,,,,,
,4676,,,0,57.358308,,,,,,,176,64,111,,,,,1,0,0,,,,,,,,,,,,,,,,,,,,,
,4677,,,0,57.360912,,,,,,,176,67,21,,,,,1,0,0,,,,,,,,,,,,,,,,,,,,,
312,4678,1,4485,0,57.360912,0.0,0.0,0,C2,,20,144,36,106,,6012,,,1,0,0,,0.7694860160887174,,0.2689075294117647,1,0.0,0.0,0.0,0.0,4.464286,7.178571,5.581909399999999,0.5577516503771549,0.0,0.0,0.0,0.0,0.0,4.25,1.0785713749999999,1.1657021665380203
312,4679,1,4485,0,57.363516,0.0,0.0,0,G#1,,20,144,32,106,,6012,,,1,0,0,,0.7694860160887174,,0.2689075294117647,1,0.0,0.0,0.0,0.0,4.464286,7.178571,5.581909399999999,0.5577516503771549,0.0,0.0,0.0,0.0,0.0,4.25,1.0785713749999999,1.1657021665380203
,4680,,,0,57.389556,,,,,,,176,67,22,,,,,1,0,0,,,,,,,,,,,,,,,,,,,,,
,4681,,,0,57.399972,,,,,,,176,67,26,,,,,1,0,0,,,,,,,,,,,,,,,,,,,,,
,4682,,,0,57.410388,,,,,,,176,64,110,,,,,1,0,0,,,,,,,,,,,,,,,,,,,,,
,4683,,,0,57.410388,,,,,,,176,67,25,,,,,1,0,0,,,,,,,,,,,,,,,,,,,,,
,4684,,,0,57.420804,,,,,,,176,64,111,,,,,1,0,0,,,,,,,,,,,,,,,,,,,,,
,4685,,,0,57.431220,,,,,,,176,64,110,,,,,1,0,0,,,,,,,,,,,,,,,,,,,,,
,4686,,,0,57.431220,,,,,,,176,67,26,,,,,1,0,0,,,,,,,,,,,,,,,,,,,,,
,4687,,,0,57.439032,,,,,,,176,64,107,,,,,1,0,0,,,,,,,,,,,,,,,,,,,,,
,4688,,,0,57.439032,,,,,,,176,67,24,,,,,1,0,0,,,,,,,,,,,,,,,,,,,,,
,4689,,,0,57.449448,,,,,,,176,67,26,,,,,1,0,0,,,,,,,,,,,,,,,,,,,,,
,4690,,,0,57.459864,,,,,,,176,64,102,,,,,1,0,0,,,,,,,,,,,,,,,,,,,,,
,4691,,,0,57.459864,,,,,,,176,67,25,,,,,1,0,0,,,,,,,,,,,,,,,,,,,,,
,4692,,,0,57.467676,,,,,,,128,36,0,,,,,1,0,0,,,,,,,,,,,,,,,,,,,,,
,4693,,,0,57.470280,,,,,,,176,64,94,,,,,1,0,0,,,,,,,,,,,,,,,,,,,,,
,4694,,,0,57.470280,,,,,,,176,67,27,,,,,1,0,0,,,,,,,,,,,,,,,,,,,,,
,4695,,,0,57.478092,,,,,,,176,64,82,,,,,1,0,0,,,,,,,,,,,,,,,,,,,,,
,4696,,,0,57.480696,,,,,,,176,67,25,,,,,1,0,0,,,,,,,,,,,,,,,,,,,,,
,4697,,,0,57.488508,,,,,,,128,28,0,,,,,1,0,0,,,,,,,,,,,,,,,,,,,,,
,4698,,,0,57.488508,,,,,,,176,64,67,,,,,1,0,0,,,,,,,,,,,,,,,,,,,,,
,4699,,,0,57.491112,,,,,,,176,67,27,,,,,1,0,0,,,,,,,,,,,,,,,,,,,,,
,4700,,,0,57.498924,,,,,,,176,64,52,,,,,0,0,0,,,,,,,,,,,,,,,,,,,,,
,4701,,,0,57.509340,,,,,,,176,64,39,,,,,0,0,0,,,,,,,,,,,,,,,,,,,,,
,4702,,,0,57.511944,,,,,,,128,32,0,,,,,0,0,0,,,,,,,,,,,,,,,,,,,,,
,4703,,,0,57.519756,,,,,,,176,64,28,,,,,0,0,0,,,,,,,,,,,,,,,,,,,,,
,4704,,,0,57.530172,,,,,,,176,64,24,,,,,0,0,0,,,,,,,,,,,,,,,,,,,,,
,4705,,,0,57.540588,,,,,,,176,64,20,,,,,0,0,0,,,,,,,,,,,,,,,,,,,,,
,4706,,,0,57.548400,,,,,,,176,64,17,,,,,0,0,0,,,,,,,,,,,,,,,,,,,,,
,4707,,,0,57.558816,,,,,,,176,64,16,,,,,0,0,0,,,,,,,,,,,,,,,,,,,,,
,4708,,,0,57.579648,,,,,,,176,64,12,,,,,0,0,0,,,,,,,,,,,,,,,,,,,,,
,4709,,,0,57.608292,,,,,,,176,64,8,,,,,0,0,0,,,,,,,,,,,,,,,,,,,,,
,4710,,,0,57.660372,,,,,,,176,64,7,,,,,0,0,0,,,,,,,,,,,,,,,,,,,,,
,4711,,,0,57.678600,,,,,,,176,64,8,,,,,0,0,0,,,,,,,,,,,,,,,,,,,,,
312,4712,1,4486,0,57.691620,0.0,0.0,0,F#4,,11,144,66,58,,6012,,,0,0,0,,0.7694860160887174,,0.2689075294117647,1,0.0,0.0,0.0,0.0,4.464286,7.178571,5.581909399999999,0.5577516503771549,0.0,0.0,0.0,0.0,0.0,4.25,1.0785713749999999,1.1657021665380203
,4713,,,0,57.720264,,,,,,,176,64,7,,,,,0,0,0,,,,,,,,,,,,,,,,,,,,,
,4714,,,0,57.720264,,,,,,,176,67,29,,,,,0,0,0,,,,,,,,,,,,,,,,,,,,,
,4715,,,0,57.728076,,,,,,,176,64,8,,,,,0,0,0,,,,,,,,,,,,,,,,,,,,,
,4716,,,0,57.730680,,,,,,,176,67,33,,,,,0,0,0,,,,,,,,,,,,,,,,,,,,,
,4717,,,0,57.738492,,,,,,,176,67,37,,,,,0,0,0,,,,,,,,,,,,,,,,,,,,,
,4718,,,0,57.748908,,,,,,,176,67,44,,,,,0,0,0,,,,,,,,,,,,,,,,,,,,,
,4719,,,0,57.759324,,,,,,,128,66,0,,,,,0,0,0,,,,,,,,,,,,,,,,,,,,,
,4720,,,0,57.759324,,,,,,,176,67,53,,,,,0,0,0,,,,,,,,,,,,,,,,,,,,,
312,4721,1,4487,0,57.764532,0.0,0.0,0,F3,,10,144,53,53,,6012,,,0,0,0,,0.7694860160887174,,0.2689075294117647,1,0.0,0.0,0.0,0.0,4.464286,7.178571,5.581909399999999,0.5577516503771549,0.0,0.0,0.0,0.0,0.0,4.25,1.0785713749999999,1.1657021665380203
,4722,,,0,57.769740,,,,,,,176,64,7,,,,,0,0,0,,,,,,,,,,,,,,,,,,,,,
,4723,,,0,57.772344,,,,,,,176,67,65,,,,,0,1,0,,,,,,,,,,,,,,,,,,,,,
,4724,,,0,57.780156,,,,,,,176,67,79,,,,,0,1,0,,,,,,,,,,,,,,,,,,,,,
,4725,,,0,57.790572,,,,,,,176,67,90,,,,,0,1,0,,,,,,,,,,,,,,,,,,,,,
,4726,,,0,57.798384,,,,,,,176,64,8,,,,,0,1,0,,,,,,,,,,,,,,,,,,,,,
,4727,,,0,57.800988,,,,,,,176,67,100,,,,,0,1,0,,,,,,,,,,,,,,,,,,,,,
,4728,,,0,57.808800,,,,,,,176,67,110,,,,,0,1,0,,,,,,,,,,,,,,,,,,,,,
,4729,,,0,57.819216,,,,,,,176,64,7,,,,,0,1,0,,,,,,,,,,,,,,,,,,,,,
,4730,,,0,57.819216,,,,,,,176,67,121,,,,,0,1,0,,,,,,,,,,,,,,,,,,,,,
,4731,,,0,57.829632,,,,,,,176,64,8,,,,,0,1,0,,,,,,,,,,,,,,,,,,,,,
,4732,,,0,57.829632,,,,,,,176,67,127,,,,,0,1,0,,,,,,,,,,,,,,,,,,,,,
,4733,,,0,57.832236,,,,,,,128,53,0,,,,,0,1,0,,,,,,,,,,,,,,,,,,,,,
312,4734,1,4488,0,57.840048,0.0,0.0,0,G#1,,10,144,32,53,,6012,,,0,1,0,,0.7694860160887174,,0.2689075294117647,1,0.0,0.0,0.0,0.0,4.464286,7.178571,5.581909399999999,0.5577516503771549,0.0,0.0,0.0,0.0,0.0,4.25,1.0785713749999999,1.1657021665380203
,4735,,,0,57.858276,,,,,,,176,64,7,,,,,0,1,0,,,,,,,,,,,,,,,,,,,,,
,4736,,,0,57.868692,,,,,,,176,64,8,,,,,0,1,0,,,,,,,,,,,,,,,,,,,,,
,4737,,,0,57.889524,,,,,,,176,64,7,,,,,0,1,0,,,,,,,,,,,,,,,,,,,,,
,4738,,,0,57.936396,,,,,,,128,32,0,,,,,0,1,0,,,,,,,,,,,,,,,,,,,,,
,4739,,,0,57.939000,,,,,,,176,64,8,,,,,0,1,0,,,,,,,,,,,,,,,,,,,,,
312,4740,1,4489,0,57.949416,0.0,0.0,0,C2,,9,144,36,48,,6012,,,0,1,0,,0.7694860160887174,,0.2689075294117647,1,0.0,0.0,0.0,0.0,4.464286,7.178571,5.581909399999999,0.5577516503771549,0.0,0.0,0.0,0.0,0.0,4.25,1.0785713749999999,1.1657021665380203
,4741,,,0,57.949416,,,,,,,176,64,7,,,,,0,1,0,,,,,,,,,,,,,,,,,,,,,
,4742,,,0,57.970248,,,,,,,176,64,8,,,,,0,1,0,,,,,,,,,,,,,,,,,,,,,
,4743,,,0,57.988476,,,,,,,176,64,11,,,,,0,1,0,,,,,,,,,,,,,,,,,,,,,
,4744,,,0,57.998892,,,,,,,176,64,12,,,,,0,1,0,,,,,,,,,,,,,,,,,,,,,
,4745,,,0,58.009308,,,,,,,176,64,15,,,,,0,1,0,,,,,,,,,,,,,,,,,,,,,
312,4746,1,4489,0,58.014516,0.0,0.0,0,F#3,,9,144,54,48,,6012,,,0,1,0,,0.7694860160887174,,0.2689075294117647,1,0.0,0.0,0.0,0.0,4.464286,7.178571,5.581909399999999,0.5577516503771549,0.0,0.0,0.0,0.0,0.0,4.25,1.0785713749999999,1.1657021665380203
,4747,,,0,58.019724,,,,,,,176,64,19,,,,,0,1,0,,,,,,,,,,,,,,,,,,,,,
0,4748,1,0,0,58.022328,0.0,0.0,0,F1,,-1,144,29,1,,,,,0,1,0,,,,,,,,,,,,,,,,,,,,,
,4749,,,0,58.030140,,,,,,,176,64,22,,,,,0,1,0,,,,,,,,,,,,,,,,,,,,,
312,4750,1,4489,0,58.030140,0.0,0.0,0,E1,,9,144,28,48,,6012,,,0,1,0,,0.7694860160887174,,0.2689075294117647,1,0.0,0.0,0.0,0.0,4.464286,7.178571,5.581909399999999,0.5577516503771549,0.0,0.0,0.0,0.0,0.0,4.25,1.0785713749999999,1.1657021665380203
,4751,,,0,58.040556,,,,,,,176,64,24,,,,,0,1,0,,,,,,,,,,,,,,,,,,,,,
,4752,,,0,58.048368,,,,,,,176,64,27,,,,,0,1,0,,,,,,,,,,,,,,,,,,,,,
,4753,,,0,58.058784,,,,,,,176,64,30,,,,,0,1,0,,,,,,,,,,,,,,,,,,,,,
,4754,,,0,58.069200,,,,,,,176,64,33,,,,,0,1,0,,,,,,,,,,,,,,,,,,,,,
,4755,,,0,58.077012,,,,,,,128,36,0,,,,,0,1,0,,,,,,,,,,,,,,,,,,,,,
,4756,,,0,58.079616,,,,,,,176,64,35,,,,,0,1,0,,,,,,,,,,,,,,,,,,,,,
312,4757,1,4490,0,58.084824,0.0,0.0,0,G#1,,8,144,32,42,,6012,,,0,1,0,,0.7694860160887174,,0.2689075294117647,1,0.0,0.0,0.0,0.0,4.464286,7.178571,5.581909399999999,0.5577516503771549,0.0,0.0,0.0,0.0,0.0,4.25,1.0785713749999999,1.1657021665380203
,4758,,,0,58.090032,,,,,,,176,64,41,,,,,0,1,0,,,,,,,,,,,,,,,,,,,,,
,4759,,,0,58.100448,,,,,,,176,64,44,,,,,0,1,0,,,,,,,,,,,,,,,,,,,,,
,4760,,,0,58.108260,,,,,,,176,64,51,,,,,0,1,0,,,,,,,,,,,,,,,,,,,,,
,4761,,,0,58.116072,,,,,,,128,29,0,,,,,0,1,0,,,,,,,,,,,,,,,,,,,,,
,4762,,,0,58.118676,,,,,,,176,64,59,,,,,0,1,0,,,,,,,,,,,,,,,,,,,,,
,4763,,,0,58.129092,,,,,,,176,64,68,,,,,1,1,0,,,,,,,,,,,,,,,,,,,,,
,4764,,,0,58.139508,,,,,,,176,64,80,,,,,1,1,0,,,,,,,,,,,,,,,,,,,,,
,4765,,,0,58.149924,,,,,,,176,64,89,,,,,1,1,0,,,,,,,,,,,,,,,,,,,,,
,4766,,,0,58.160340,,,,,,,176,64,97,,,,,1,1,0,,,,,,,,,,,,,,,,,,,,,
,4767,,,0,58.168152,,,,,,,176,64,102,,,,,1,1,0,,,,,,,,,,,,,,,,,,,,,
,4768,,,0,58.178568,,,,,,,176,64,106,,,,,1,1,0,,,,,,,,,,,,,,,,,,,,,
,4769,,,0,58.188984,,,,,,,176,64,107,,,,,1,1,0,,,,,,,,,,,,,,,,,,,,,
,4770,,,0,58.251480,,,,,,,128,54,0,,,,,1,1,0,,,,,,,,,,,,,,,,,,,,,
,4771,,,0,58.259292,,,,,,,176,67,123,,,,,1,1,0,,,,,,,,,,,,,,,,,,,,,
,4772,,,0,58.269708,,,,,,,176,67,116,,,,,1,1,0,,,,,,,,,,,,,,,,,,,,,
,4773,,,0,58.280124,,,,,,,176,67,108,,,,,1,1,0,,,,,,,,,,,,,,,,,,,,,
,4774,,,0,58.290540,,,,,,,176,67,103,,,,,1,1,0,,,,,,,,,,,,,,,,,,,,,
,4775,,,0,58.298352,,,,,,,176,67,99,,,,,1,1,0,,,,,,,,,,,,,,,,,,,,,
,4776,,,0,58.308768,,,,,,,176,67,94,,,,,1,1,0,,,,,,,,,,,,,,,,,,,,,
,4777,,,0,58.319184,,,,,,,176,67,88,,,,,1,1,0,,,,,,,,,,,,,,,,,,,,,
,4778,,,0,58.329600,,,,,,,176,67,83,,,,,1,1,0,,,,,,,,,,,,,,,,,,,,,
,4779,,,0,58.340016,,,,,,,176,67,78,,,,,1,1,0,,,,,,,,,,,,,,,,,,,,,
,4780,,,0,58.350432,,,,,,,176,67,71,,,,,1,1,0,,,,,,,,,,,,,,,,,,,,,
,4781,,,0,58.358244,,,,,,,176,67,63,,,,,1,0,0,,,,,,,,,,,,,,,,,,,,,
,4782,,,0,58.368660,,,,,,,176,67,54,,,,,1,0,0,,,,,,,,,,,,,,,,,,,,,
,4783,,,0,58.379076,,,,,,,176,67,46,,,,,1,0,0,,,,,,,,,,,,,,,,,,,,,
,4784,,,0,58.386888,,,,,,,128,28,0,,,,,1,0,0,,,,,,,,,,,,,,,,,,,,,
,4785,,,0,58.389492,,,,,,,176,67,35,,,,,1,0,0,,,,,,,,,,,,,,,,,,,,,
,4786,,,0,58.399908,,,,,,,176,67,27,,,,,1,0,0,,,,,,,,,,,,,,,,,,,,,
,4787,,,0,58.410324,,,,,,,176,67,24,,,,,1,0,0,,,,,,,,,,,,,,,,,,,,,
,4788,,,0,58.418136,,,,,,,176,67,21,,,,,1,0,0,,,,,,,,,,,,,,,,,,,,,
0,4789,1,0,0,58.425948,0.0,0.0,0,E2,,-1,144,40,19,,,,,1,0,0,,,,,,,,,,,,,,,,,,,,,
,4790,,,0,58.438968,,,,,,,128,32,0,,,,,1,0,0,,,,,,,,,,,,,,,,,,,,,
,4791,,,0,58.470216,,,,,,,176,64,108,,,,,1,0,0,,,,,,,,,,,,,,,,,,,,,
,4792,,,0,58.470216,,,,,,,176,67,20,,,,,1,0,0,,,,,,,,,,,,,,,,,,,,,
,4793,,,0,58.478028,,,,,,,176,64,107,,,,,1,0,0,,,,,,,,,,,,,,,,,,,,,
,4794,,,0,58.480632,,,,,,,176,67,21,,,,,1,0,0,,,,,,,,,,,,,,,,,,,,,
,4795,,,0,58.488444,,,,,,,176,67,20,,,,,1,0,0,,,,,,,,,,,,,,,,,,,,,
,4796,,,0,58.501464,,,,,,,128,40,0,,,,,1,0,0,,,,,,,,,,,,,,,,,,,,,
,4797,,,0,58.519692,,,,,,,176,67,21,,,,,1,0,0,,,,,,,,,,,,,,,,,,,,,
,4798,,,0,58.530108,,,,,,,176,67,20,,,,,1,0,0,,,,,,,,,,,,,,,,,,,,,
,4799,,,0,58.537920,,,,,,,176,67,21,,,,,1,0,0,,,,,,,,,,,,,,,,,,,,,
,4800,,,0,58.558752,,,,,,,176,64,109,,,,,1,0,0,,,,,,,,,,,,,,,,,,,,,
,4801,,,0,58.561356,,,,,,,176,67,20,,,,,1,0,0,,,,,,,,,,,,,,,,,,,,,
,4802,,,0,58.569168,,,,,,,176,64,107,,,,,1,0,0,,,,,,,,,,,,,,,,,,,,,
,4803,,,0,58.579584,,,,,,,176,64,108,,,,,1,0,0,,,,,,,,,,,,,,,,,,,,,
,4804,,,0,58.590000,,,,,,,176,64,107,,,,,1,0,0,,,,,,,,,,,,,,,,,,,,,
,4805,,,0,58.592604,,,,,,,176,67,21,,,,,1,0,0,,,,,,,,,,,,,,,,,,,,,
,4806,,,0,58.600416,,,,,,,176,64,108,,,,,1,0,0,,,,,,,,,,,,,,,,,,,,,
,4807,,,0,58.603020,,,,,,,176,67,20,,,,,1,0,0,,,,,,,,,,,,,,,,,,,,,
,4808,,,0,58.610832,,,,,,,176,64,107,,,,,1,0,0,,,,,,,,,,,,,,,,,,,,,
,4809,,,0,58.613436,,,,,,,176,67,21,,,,,1,0,0,,,,,,,,,,,,,,,,,,,,,
,4810,,,0,58.618644,,,,,,,176,67,20,,,,,1,0,0,,,,,,,,,,,,,,,,,,,,,
,4811,,,0,58.629060,,,,,,,176,64,109,,,,,1,0,0,,,,,,,,,,,,,,,,,,,,,
,4812,,,0,58.639476,,,,,,,176,64,107,,,,,1,0,0,,,,,,,,,,,,,,,,,,,,,
,4813,,,0,58.649892,,,,,,,176,67,21,,,,,1,0,0,,,,,,,,,,,,,,,,,,,,,
,4814,,,0,58.688952,,,,,,,176,64,109,,,,,1,0,0,,,,,,,,,,,,,,,,,,,,,
,4815,,,0,58.691556,,,,,,,176,67,20,,,,,1,0,0,,,,,,,,,,,,,,,,,,,,,
,4816,,,0,58.699368,,,,,,,176,64,107,,,,,1,0,0,,,,,,,,,,,,,,,,,,,,,
,4817,,,0,58.701972,,,,,,,176,67,21,,,,,1,0,0,,,,,,,,,,,,,,,,,,,,,
,4818,,,0,58.709784,,,,,,,176,67,20,,,,,1,0,0,,,,,,,,,,,,,,,,,,,,,
,4819,,,0,58.720200,,,,,,,176,67,21,,,,,1,0,0,,,,,,,,,,,,,,,,,,,,,
,4820,,,0,58.728012,,,,,,,176,67,20,,,,,1,0,0,,,,,,,,,,,,,,,,,,,,,
,4821,,,0,58.738428,,,,,,,176,67,21,,,,,1,0,0,,,,,,,,,,,,,,,,,,,,,
,4822,,,0,58.748844,,,,,,,176,67,20,,,,,1,0,0,,,,,,,,,,,,,,,,,,,,,
,4823,,,0,58.761864,,,,,,,176,64,108,,,,,1,0,0,,,,,,,,,,,,,,,,,,,,,
,4824,,,0,58.764468,,,,,,,176,67,21,,,,,1,0,0,,,,,,,,,,,,,,,,,,,,,
,4825,,,0,58.769676,,,,,,,176,64,107,,,,,1,0,0,,,,,,,,,,,,,,,,,,,,,
,4826,,,0,58.772280,,,,,,,176,67,20,,,,,1,0,0,,,,,,,,,,,,,,,,,,,,,
,4827,,,0,58.780092,,,,,,,176,64,110,,,,,1,0,0,,,,,,,,,,,,,,,,,,,,,
,4828,,,0,58.782696,,,,,,,176,67,21,,,,,1,0,0,,,,,,,,,,,,,,,,,,,,,
,4829,,,0,58.790508,,,,,,,176,64,107,,,,,1,0,0,,,,,,,,,,,,,,,,,,,,,
,4830,,,0,58.798320,,,,,,,176,64,109,,,,,1,0,0,,,,,,,,,,,,,,,,,,,,,
,4831,,,0,58.800924,,,,,,,176,67,20,,,,,1,0,0,,,,,,,,,,,,,,,,,,,,,
312,4832,1,4492,0,58.800924,0.0,0.0,0,G#2,,22,144,44,117,,6012,,,1,0,0,,0.7694860160887174,,0.2689075294117647,1,0.0,0.0,0.0,0.0,4.464286,7.178571,5.581909399999999,0.5577516503771549,0.0,0.0,0.0,0.0,0.0,4.25,1.0785713749999999,1.1657021665380203
312,4833,1,4493,0,58.806132,0.0,0.0,0,F#2,,22,144,42,117,,6012,,,1,0,0,,0.7694860160887174,,0.2689075294117647,1,0.0,0.0,0.0,0.0,4.464286,7.178571,5.581909399999999,0.5577516503771549,0.0,0.0,0.0,0.0,0.0,4.25,1.0785713749999999,1.1657021665380203
,4834,,,0,58.808736,,,,,,,176,64,107,,,,,1,0,0,,,,,,,,,,,,,,,,,,,,,
,4835,,,0,58.811340,,,,,,,176,67,21,,,,,1,0,0,,,,,,,,,,,,,,,,,,,,,
,4836,,,0,58.819152,,,,,,,176,64,110,,,,,1,0,0,,,,,,,,,,,,,,,,,,,,,
,4837,,,0,58.819152,,,,,,,176,67,20,,,,,1,0,0,,,,,,,,,,,,,,,,,,,,,
,4838,,,0,58.829568,,,,,,,176,64,109,,,,,1,0,0,,,,,,,,,,,,,,,,,,,,,
,4839,,,0,58.829568,,,,,,,176,67,21,,,,,1,0,0,,,,,,,,,,,,,,,,,,,,,
,4840,,,0,58.839984,,,,,,,176,67,20,,,,,1,0,0,,,,,,,,,,,,,,,,,,,,,
,4841,,,0,58.845192,,,,,,,128,42,0,,,,,1,0,0,,,,,,,,,,,,,,,,,,,,,
,4842,,,0,58.850400,,,,,,,176,67,21,,,,,1,0,0,,,,,,,,,,,,,,,,,,,,,
,4843,,,0,58.860816,,,,,,,176,64,107,,,,,1,0,0,,,,,,,,,,,,,,,,,,,,,
,4844,,,0,58.863420,,,,,,,176,67,20,,,,,1,0,0,,,,,,,,,,,,,,,,,,,,,
,4845,,,0,58.868628,,,,,,,176,67,21,,,,,1,0,0,,,,,,,,,,,,,,,,,,,,,
,4846,,,0,58.876440,,,,,,,128,44,0,,,,,1,0,0,,,,,,,,,,,,,,,,,,,,,
,4847,,,0,58.879044,,,,,,,176,67,20,,,,,1,0,0,,,,,,,,,,,,,,,,,,,,,
,4848,,,0,58.889460,,,,,,,176,64,105,,,,,1,0,0,,,,,,,,,,,,,,,,,,,,,
,4849,,,0,58.899876,,,,,,,176,64,99,,,,,1,0,0,,,,,,,,,,,,,,,,,,,,,
,4850,,,0,58.910292,,,,,,,176,64,92,,,,,1,0,0,,,,,,,,,,,,,,,,,,,,,
,4851,,,0,58.918104,,,,,,,176,64,78,,,,,1,0,0,,,,,,,,,,,,,,,,,,,,,
312,4852,1,4493,0,58.925916,0.0,0.0,0,F#2,,22,144,42,117,,6012,,,1,0,0,,0.7694860160887174,,0.2689075294117647,1,0.0,0.0,0.0,0.0,4.464286,7.178571,5.581909399999999,0.5577516503771549,0.0,0.0,0.0,0.0,0.0,4.25,1.0785713749999999,1.1657021665380203
,4853,,,0,58.928520,,,,,,,176,64,61,,,,,0,0,0,,,,,,,,,,,,,,,,,,,,,
312,4854,1,4493,0,58.931124,0.0,0.0,0,G#2,,22,144,44,117,,6012,,,0,0,0,,0.7694860160887174,,0.2689075294117647,1,0.0,0.0,0.0,0.0,4.464286,7.178571,5.581909399999999,0.5577516503771549,0.0,0.0,0.0,0.0,0.0,4.25,1.0785713749999999,1.1657021665380203
,4855,,,0,58.938936,,,,,,,176,64,40,,,,,0,0,0,,,,,,,,,,,,,,,,,,,,,
,4856,,,0,58.949352,,,,,,,176,64,21,,,,,0,0,0,,,,,,,,,,,,,,,,,,,,,
,4857,,,0,58.959768,,,,,,,176,64,13,,,,,0,0,0,,,,,,,,,,,,,,,,,,,,,
,4858,,,0,58.970184,,,,,,,176,64,8,,,,,0,0,0,,,,,,,,,,,,,,,,,,,,,
,4859,,,0,58.977996,,,,,,,176,64,7,,,,,0,0,0,,,,,,,,,,,,,,,,,,,,,
,4860,,,0,58.988412,,,,,,,176,64,8,,,,,0,0,0,,,,,,,,,,,,,,,,,,,,,
,4861,,,0,59.009244,,,,,,,176,64,7,,,,,0,0,0,,,,,,,,,,,,,,,,,,,,,
,4862,,,0,59.022264,,,,,,,176,64,8,,,,,0,0,0,,,,,,,,,,,,,,,,,,,,,
,4863,,,0,59.030076,,,,,,,128,44,0,,,,,0,0,0,,,,,,,,,,,,,,,,,,,,,
,4864,,,0,59.040492,,,,,,,176,64,7,,,,,0,0,0,,,,,,,,,,,,,,,,,,,,,
,4865,,,0,59.048304,,,,,,,176,64,8,,,,,0,0,0,,,,,,,,,,,,,,,,,,,,,
,4866,,,0,59.069136,,,,,,,176,64,7,,,,,0,0,0,,,,,,,,,,,,,,,,,,,,,
,4867,,,0,59.069136,,,,,,,176,67,21,,,,,0,0,0,,,,,,,,,,,,,,,,,,,,,
,4868,,,0,59.079552,,,,,,,176,64,8,,,,,0,0,0,,,,,,,,,,,,,,,,,,,,,
,4869,,,0,59.079552,,,,,,,176,67,20,,,,,0,0,0,,,,,,,,,,,,,,,,,,,,,
,4870,,,0,59.087364,,,,,,,128,42,0,,,,,0,0,0,,,,,,,,,,,,,,,,,,,,,
,4871,,,0,59.089968,,,,,,,176,67,25,,,,,0,0,0,,,,,,,,,,,,,,,,,,,,,
,4872,,,0,59.100384,,,,,,,176,67,27,,,,,0,0,0,,,,,,,,,,,,,,,,,,,,,
,4873,,,0,59.108196,,,,,,,176,67,31,,,,,0,0,0,,,,,,,,,,,,,,,,,,,,,
,4874,,,0,59.118612,,,,,,,176,67,36,,,,,0,0,0,,,,,,,,,,,,,,,,,,,,,
,4875,,,0,59.129028,,,,,,,176,64,7,,,,,0,0,0,,,,,,,,,,,,,,,,,,,,,
,4876,,,0,59.129028,,,,,,,176,67,50,,,,,0,0,0,,,,,,,,,,,,,,,,,,,,,
,4877,,,0,59.139444,,,,,,,176,64,8,,,,,0,0,0,,,,,,,,,,,,,,,,,,,,,
,4878,,,0,59.139444,,,,,,,176,67,71,,,,,0,1,0,,,,,,,,,,,,,,,,,,,,,
,4879,,,0,59.149860,,,,,,,176,67,104,,,,,0,1,0,,,,,,,,,,,,,,,,,,,,,
,4880,,,0,59.160276,,,,,,,176,64,7,,,,,0,1,0,,,,,,,,,,,,,,,,,,,,,
,4881,,,0,59.160276,,,,,,,176,67,127,,,,,0,1,0,,,,,,,,,,,,,,,,,,,,,
,4882,,,0,59.209752,,,,,,,176,64,8,,,,,0,1,0,,,,,,,,,,,,,,,,,,,,,
,4883,,,0,59.220168,,,,,,,176,64,7,,,,,0,1,0,,,,,,,,,,,,,,,,,,,,,
,4884,,,0,59.227980,,,,,,,176,64,8,,,,,0,1,0,,,,,,,,,,,,,,,,,,,,,
,4885,,,0,59.238396,,,,,,,176,64,7,,,,,0,1,0,,,,,,,,,,,,,,,,,,,,,
,4886,,,0,59.248812,,,,,,,176,64,8,,,,,0,1,0,,,,,,,,,,,,,,,,,,,,,
,4887,,,0,59.287872,,,,,,,176,64,7,,,,,0,1,0,,,,,,,,,,,,,,,,,,,,,
,4888,,,0,59.308704,,,,,,,176,64,8,,,,,0,1,0,,,,,,,,,,,,,,,,,,,,,
,4889,,,0,59.339952,,,,,,,176,64,7,,,,,0,1,0,,,,,,,,,,,,,,,,,,,,,
,4890,,,0,59.358180,,,,,,,176,64,8,,,,,0,1,0,,,,,,,,,,,,,,,,,,,,,
,4891,,,0,59.389428,,,,,,,176,64,7,,,,,0,1,0,,,,,,,,,,,,,,,,,,,,,
312,4892,1,4494,0,59.394636,0.0,0.0,0,C2,,5,144,36,26,,6012,,,0,1,0,,0.7694860160887174,,0.2689075294117647,1,0.0,0.0,0.0,0.0,4.464286,7.178571,5.581909399999999,0.5577516503771549,0.0,0.0,0.0,0.0,0.0,4.25,1.0785713749999999,1.1657021665380203
,4893,,,0,59.399844,,,,,,,176,64,8,,,,,0,1,0,,,,,,,,,,,,,,,,,,,,,
312,4894,1,4494,0,59.402448,0.0,0.0,0,E1,,5,144,28,26,,6012,,,0,1,0,,0.7694860160887174,,0.2689075294117647,1,0.0,0.0,0.0,0.0,4.464286,7.178571,5.581909399999999,0.5577516503771549,0.0,0.0,0.0,0.0,0.0,4.25,1.0785713749999999,1.1657021665380203
312,4895,1,4494,0,59.405052,0.0,0.0,0,G#1,,5,144,32,26,,6012,,,0,1,0,,0.7694860160887174,,0.2689075294117647,1,0.0,0.0,0.0,0.0,4.464286,7.178571,5.581909399999999,0.5577516503771549,0.0,0.0,0.0,0.0,0.0,4.25,1.0785713749999999,1.1657021665380203
312,4896,1,4494,0,59.407656,0.0,0.0,0,F#4,,5,144,66,26,,6012,,,0,1,0,,0.7694860160887174,,0.2689075294117647,1,0.0,0.0,0.0,0.0,4.464286,7.178571,5.581909399999999,0.5577516503771549,0.0,0.0,0.0,0.0,0.0,4.25,1.0785713749999999,1.1657021665380203
312,4897,1,4494,0,59.410260,0.0,0.0,0,F4,,5,144,65,26,,6012,,,0,1,0,,0.7694860160887174,,0.2689075294117647,1,0.0,0.0,0.0,0.0,4.464286,7.178571,5.581909399999999,0.5577516503771549,0.0,0.0,0.0,0.0,0.0,4.25,1.0785713749999999,1.1657021665380203
,4898,,,0,59.418072,,,,,,,176,64,7,,,,,0,1,0,,,,,,,,,,,,,,,,,,,,,
,4899,,,0,59.428488,,,,,,,176,64,8,,,,,0,1,0,,,,,,,,,,,,,,,,,,,,,
,4900,,,0,59.438904,,,,,,,176,64,7,,,,,0,1,0,,,,,,,,,,,,,,,,,,,,,
,4901,,,0,59.449320,,,,,,,176,64,8,,,,,0,1,0,,,,,,,,,,,,,,,,,,,,,
,4902,,,0,59.470152,,,,,,,176,64,7,,,,,0,1,0,,,,,,,,,,,,,,,,,,,,,
,4903,,,0,59.477964,,,,,,,176,64,8,,,,,0,1,0,,,,,,,,,,,,,,,,,,,,,
,4904,,,0,59.498796,,,,,,,176,64,7,,,,,0,1,0,,,,,,,,,,,,,,,,,,,,,
,4905,,,0,59.519628,,,,,,,176,64,8,,,,,0,1,0,,,,,,,,,,,,,,,,,,,,,
,4906,,,0,59.537856,,,,,,,176,64,7,,,,,0,1,0,,,,,,,,,,,,,,,,,,,,,
,4907,,,0,59.558688,,,,,,,176,64,8,,,,,0,1,0,,,,,,,,,,,,,,,,,,,,,
,4908,,,0,59.589936,,,,,,,176,64,7,,,,,0,1,0,,,,,,,,,,,,,,,,,,,,,
,4909,,,0,59.600352,,,,,,,176,64,8,,,,,0,1,0,,,,,,,,,,,,,,,,,,,,,
,4910,,,0,59.608164,,,,,,,176,64,7,,,,,0,1,0,,,,,,,,,,,,,,,,,,,,,
,4911,,,0,59.631600,,,,,,,176,64,8,,,,,0,1,0,,,,,,,,,,,,,,,,,,,,,
,4912,,,0,59.649828,,,,,,,176,64,7,,,,,0,1,0,,,,,,,,,,,,,,,,,,,,,
,4913,,,0,59.660244,,,,,,,176,64,8,,,,,0,1,0,,,,,,,,,,,,,,,,,,,,,
,4914,,,0,59.678472,,,,,,,176,64,7,,,,,0,1,0,,,,,,,,,,,,,,,,,,,,,
,4915,,,0,59.699304,,,,,,,176,64,9,,,,,0,1,0,,,,,,,,,,,,,,,,,,,,,
,4916,,,0,59.709720,,,,,,,176,64,11,,,,,0,1,0,,,,,,,,,,,,,,,,,,,,,
,4917,,,0,59.720136,,,,,,,176,64,15,,,,,0,1,0,,,,,,,,,,,,,,,,,,,,,
,4918,,,0,59.727948,,,,,,,176,64,19,,,,,0,1,0,,,,,,,,,,,,,,,,,,,,,
,4919,,,0,59.738364,,,,,,,176,64,23,,,,,0,1,0,,,,,,,,,,,,,,,,,,,,,
,4920,,,0,59.748780,,,,,,,176,64,27,,,,,0,1,0,,,,,,,,,,,,,,,,,,,,,
,4921,,,0,59.759196,,,,,,,176,64,31,,,,,0,1,0,,,,,,,,,,,,,,,,,,,,,
,4922,,,0,59.769612,,,,,,,176,64,37,,,,,0,1,0,,,,,,,,,,,,,,,,,,,,,
,4923,,,0,59.780028,,,,,,,176,64,46,,,,,0,1,0,,,,,,,,,,,,,,,,,,,,,
,4924,,,0,59.787840,,,,,,,176,64,57,,,,,0,1,0,,,,,,,,,,,,,,,,,,,,,
,4925,,,0,59.798256,,,,,,,176,64,70,,,,,1,1,0,,,,,,,,,,,,,,,,,,,,,
,4926,,,0,59.808672,,,,,,,176,64,85,,,,,1,1,0,,,,,,,,,,,,,,,,,,,,,
,4927,,,0,59.819088,,,,,,,176,64,99,,,,,1,1,0,,,,,,,,,,,,,,,,,,,,,
,4928,,,0,59.829504,,,,,,,176,64,110,,,,,1,1,0,,,,,,,,,,,,,,,,,,,,,
,4929,,,0,59.839920,,,,,,,176,64,112,,,,,1,1,0,,,,,,,,,,,,,,,,,,,,,
,4930,,,0,59.850336,,,,,,,176,64,110,,,,,1,1,0,,,,,,,,,,,,,,,,,,,,,
,4931,,,0,59.868564,,,,,,,176,64,111,,,,,1,1,0,,,,,,,,,,,,,,,,,,,,,
,4932,,,0,59.931060,,,,,,,176,64,110,,,,,1,1,0,,,,,,,,,,,,,,,,,,,,,
,4933,,,0,59.941476,,,,,,,176,64,111,,,,,1,1,0,,,,,,,,,,,,,,,,,,,,,
,4934,,,0,59.959704,,,,,,,176,64,110,,,,,1,1,0,,,,,,,,,,,,,,,,,,,,,
,4935,,,0,59.962308,,,,,,,128,28,0,,,,,1,1,0,,,,,,,,,,,,,,,,,,,,,
,4936,,,0,59.975328,,,,,,,128,65,0,,,,,1,1,0,,,,,,,,,,,,,,,,,,,,,
,4937,,,0,59.977932,,,,,,,176,64,111,,,,,1,1,0,,,,,,,,,,,,,,,,,,,,,
,4938,,,0,59.990952,,,,,,,128,36,0,,,,,1,1,0,,,,,,,,,,,,,,,,,,,,,
,4939,,,0,59.993556,,,,,,,128,32,0,,,,,1,1,0,,,,,,,,,,,,,,,,,,,,,
,4940,,,0,60.003972,,,,,,,128,66,0,,,,,1,1,0,,,,,,,,,,,,,,,,,,,,,
,4941,,,0,60.019596,,,,,,,176,64,110,,,,,1,1,0,,,,,,,,,,,,,,,,,,,,,
,4942,,,0,60.030012,,,,,,,176,64,111,,,,,1,1,0,,,,,,,,,,,,,,,,,,,,,
,4943,,,0,60.069072,,,,,,,176,64,110,,,,,1,1,0,,,,,,,,,,,,,,,,,,,,,
,4944,,,0,60.089904,,,,,,,176,64,111,,,,,1,1,0,,,,,,,,,,,,,,,,,,,,,
,4945,,,0,60.108132,,,,,,,176,64,110,,,,,1,1,0,,,,,,,,,,,,,,,,,,,,,
,4946,,,0,60.121152,,,,,,,176,64,111,,,,,1,1,0,,,,,,,,,,,,,,,,,,,,,
,4947,,,0,60.339888,,,,,,,176,64,110,,,,,1,1,0,,,,,,,,,,,,,,,,,,,,,
,4948,,,0,60.350304,,,,,,,176,64,111,,,,,1,1,0,,,,,,,,,,,,,,,,,,,,,
,4949,,,0,60.410196,,,,,,,176,64,110,,,,,1,1,0,,,,,,,,,,,,,,,,,,,,,
,4950,,,0,60.438840,,,,,,,176,64,111,,,,,1,1,0,,,,,,,,,,,,,,,,,,,,,
,4951,,,0,60.477900,,,,,,,176,64,110,,,,,1,1,0,,,,,,,,,,,,,,,,,,,,,
,4952,,,0,60.488316,,,,,,,176,64,111,,,,,1,1,0,,,,,,,,,,,,,,,,,,,,,
,4953,,,0,60.509148,,,,,,,176,64,110,,,,,1,1,0,,,,,,,,,,,,,,,,,,,,,
,4954,,,0,60.519564,,,,,,,176,64,111,,,,,1,1,0,,,,,,,,,,,,,,,,,,,,,
,4955,,,0,60.529980,,,,,,,176,64,110,,,,,1,1,0,,,,,,,,,,,,,,,,,,,,,
,4956,,,0,60.537792,,,,,,,176,64,111,,,,,1,1,0,,,,,,,,,,,,,,,,,,,,,
312,4957,1,4495,0,60.545604,0.0,0.0,0,E5,,8,144,76,42,,6012,,,1,1,0,,0.7694860160887174,,0.2689075294117647,1,0.0,0.0,0.0,0.0,4.464286,7.178571,5.581909399999999,0.5577516503771549,0.0,0.0,0.0,0.0,0.0,4.25,1.0785713749999999,1.1657021665380203
,4958,,,0,60.548208,,,,,,,176,64,110,,,,,1,1,0,,,,,,,,,,,,,,,,,,,,,
,4959,,,0,60.558624,,,,,,,176,64,111,,,,,1,1,0,,,,,,,,,,,,,,,,,,,,,
,4960,,,0,60.600288,,,,,,,176,64,110,,,,,1,1,0,,,,,,,,,,,,,,,,,,,,,
,4961,,,0,60.608100,,,,,,,176,64,111,,,,,1,1,0,,,,,,,,,,,,,,,,,,,,,
,4962,,,0,60.660180,,,,,,,176,64,110,,,,,1,1,0,,,,,,,,,,,,,,,,,,,,,
,4963,,,0,60.667992,,,,,,,176,64,111,,,,,1,1,0,,,,,,,,,,,,,,,,,,,,,
,4964,,,0,60.678408,,,,,,,176,64,110,,,,,1,1,0,,,,,,,,,,,,,,,,,,,,,
,4965,,,0,60.688824,,,,,,,176,64,111,,,,,1,1,0,,,,,,,,,,,,,,,,,,,,,
,4966,,,0,60.738300,,,,,,,176,64,110,,,,,1,1,0,,,,,,,,,,,,,,,,,,,,,
,4967,,,0,60.748716,,,,,,,176,64,111,,,,,1,1,0,,,,,,,,,,,,,,,,,,,,,
,4968,,,0,60.756528,,,,,,,128,76,0,,,,,1,1,0,,,,,,,,,,,,,,,,,,,,,
,4969,,,0,60.779964,,,,,,,176,64,110,,,,,1,1,0,,,,,,,,,,,,,,,,,,,,,
,4970,,,0,60.787776,,,,,,,176,64,111,,,,,1,1,0,,,,,,,,,,,,,,,,,,,,,
312,4971,1,4496,0,60.829440,0.0,0.0,0,D4,,8,144,62,42,,6012,,,1,1,0,,0.7694860160887174,,0.2689075294117647,1,0.0,0.0,0.0,0.0,4.464286,7.178571,5.581909399999999,0.5577516503771549,0.0,0.0,0.0,0.0,0.0,4.25,1.0785713749999999,1.1657021665380203
,4972,,,0,60.878916,,,,,,,176,64,110,,,,,1,1,0,,,,,,,,,,,,,,,,,,,,,
,4973,,,0,60.889332,,,,,,,176,64,111,,,,,1,1,0,,,,,,,,,,,,,,,,,,,,,
,4974,,,0,60.904956,,,,,,,128,62,0,,,,,1,1,0,,,,,,,,,,,,,,,,,,,,,
,4975,,,0,60.938808,,,,,,,176,64,110,,,,,1,1,0,,,,,,,,,,,,,,,,,,,,,
,4976,,,0,60.959640,,,,,,,176,64,111,,,,,1,1,0,,,,,,,,,,,,,,,,,,,,,
312,4977,1,4497,0,60.985680,0.0,0.0,0,F#5,,9,144,78,48,,6012,,,1,1,0,,0.7694860160887174,,0.2689075294117647,1,0.0,0.0,0.0,0.0,4.464286,7.178571,5.581909399999999,0.5577516503771549,0.0,0.0,0.0,0.0,0.0,4.25,1.0785713749999999,1.1657021665380203
,4978,,,0,61.095048,,,,,,,128,78,0,,,,,1,1,0,,,,,,,,,,,,,,,,,,,,,
312,4979,1,4498,0,61.126296,0.0,0.0,0,A#4,,9,144,70,48,,6012,,,1,1,0,,0.7694860160887174,,0.2689075294117647,1,0.0,0.0,0.0,0.0,4.464286,7.178571,5.581909399999999,0.5577516503771549,0.0,0.0,0.0,0.0,0.0,4.25,1.0785713749999999,1.1657021665380203
,4980,,,0,61.199208,,,,,,,176,64,110,,,,,1,1,0,,,,,,,,,,,,,,,,,,,,,
,4981,,,0,61.201812,,,,,,,128,70,0,,,,,1,1,0,,,,,,,,,,,,,,,,,,,,,
,4982,,,0,61.209624,,,,,,,176,64,111,,,,,1,1,0,,,,,,,,,,,,,,,,,,,,,
312,4983,1,4499,0,61.212228,0.0,0.0,0,F#5,,9,144,78,48,,6012,,,1,1,0,,0.7694860160887174,,0.2689075294117647,1,0.0,0.0,0.0,0.0,4.464286,7.178571,5.581909399999999,0.5577516503771549,0.0,0.0,0.0,0.0,0.0,4.25,1.0785713749999999,1.1657021665380203
312,4984,1,4500,0,61.303368,0.0,0.0,0,A#4,,9,144,70,48,,6012,,,1,1,0,,0.7694860160887174,,0.2689075294117647,1,0.0,0.0,0.0,0.0,4.464286,7.178571,5.581909399999999,0.5577516503771549,0.0,0.0,0.0,0.0,0.0,4.25,1.0785713749999999,1.1657021665380203
,4985,,,0,61.313784,,,,,,,128,78,0,,,,,1,1,0,,,,,,,,,,,,,,,,,,,,,
,4986,,,0,61.410132,,,,,,,128,70,0,,,,,1,1,0,,,,,,,,,,,,,,,,,,,,,
312,4987,1,4501,0,61.423152,0.0,0.0,0,F#6,,9,144,90,48,,6012,,,1,1,0,,0.7694860160887174,,0.2689075294117647,1,0.0,0.0,0.0,0.0,4.464286,7.178571,5.581909399999999,0.5577516503771549,0.0,0.0,0.0,0.0,0.0,4.25,1.0785713749999999,1.1657021665380203
,4988,,,0,61.428360,,,,,,,176,64,110,,,,,1,1,0,,,,,,,,,,,,,,,,,,,,,
,4989,,,0,61.438776,,,,,,,176,64,111,,,,,1,1,0,,,,,,,,,,,,,,,,,,,,,
,4990,,,0,61.488252,,,,,,,176,64,110,,,,,1,1,0,,,,,,,,,,,,,,,,,,,,,
,4991,,,0,61.498668,,,,,,,176,64,111,,,,,1,1,0,,,,,,,,,,,,,,,,,,,,,
,4992,,,0,61.519500,,,,,,,176,64,110,,,,,1,1,0,,,,,,,,,,,,,,,,,,,,,
312,4993,1,4502,0,61.522104,0.0,0.0,0,A#4,,10,144,70,53,,6012,,,1,1,0,,0.7694860160887174,,0.2689075294117647,1,0.0,0.0,0.0,0.0,4.464286,7.178571,5.581909399999999,0.5577516503771549,0.0,0.0,0.0,0.0,0.0,4.25,1.0785713749999999,1.1657021665380203
,4994,,,0,61.529916,,,,,,,176,64,111,,,,,1,1,0,,,,,,,,,,,,,,,,,,,,,
,4995,,,0,61.540332,,,,,,,176,64,110,,,,,1,1,0,,,,,,,,,,,,,,,,,,,,,
,4996,,,0,61.553352,,,,,,,128,90,0,,,,,1,1,0,,,,,,,,,,,,,,,,,,,,,
,4997,,,0,61.558560,,,,,,,176,64,111,,,,,1,1,0,,,,,,,,,,,,,,,,,,,,,
,4998,,,0,61.579392,,,,,,,176,64,110,,,,,1,1,0,,,,,,,,,,,,,,,,,,,,,
,4999,,,0,61.589808,,,,,,,176,64,111,,,,,1,1,0,,,,,,,,,,,,,,,,,,,,,
,5000,,,0,61.600224,,,,,,,176,64,110,,,,,1,1,0,,,,,,,,,,,,,,,,,,,,,
,5001,,,0,61.608036,,,,,,,176,64,111,,,,,1,1,0,,,,,,,,,,,,,,,,,,,,,
312,5002,1,4503,0,61.613244,0.0,0.0,0,D4,,10,144,62,53,,6012,,,1,1,0,,0.7694860160887174,,0.2689075294117647,1,0.0,0.0,0.0,0.0,4.464286,7.178571,5.581909399999999,0.5577516503771549,0.0,0.0,0.0,0.0,0.0,4.25,1.0785713749999999,1.1657021665380203
,5003,,,0,61.641888,,,,,,,128,70,0,,,,,1,1,0,,,,,,,,,,,,,,,,,,,,,
312,5004,1,4504,0,61.647096,0.0,0.0,0,F#6,,10,144,90,53,,6012,,,1,1,0,,0.7694860160887174,,0.2689075294117647,1,0.0,0.0,0.0,0.0,4.464286,7.178571,5.581909399999999,0.5577516503771549,0.0,0.0,0.0,0.0,0.0,4.25,1.0785713749999999,1.1657021665380203
,5005,,,0,61.649700,,,,,,,176,64,110,,,,,1,1,0,,,,,,,,,,,,,,,,,,,,,
,5006,,,0,61.660116,,,,,,,176,64,111,,,,,1,1,0,,,,,,,,,,,,,,,,,,,,,
,5007,,,0,61.662720,,,,,,,128,62,0,,,,,1,1,0,,,,,,,,,,,,,,,,,,,,,
,5008,,,0,61.720008,,,,,,,128,90,0,,,,,1,1,0,,,,,,,,,,,,,,,,,,,,,
,5009,,,0,61.748652,,,,,,,176,64,110,,,,,1,1,0,,,,,,,,,,,,,,,,,,,,,
,5010,,,0,61.759068,,,,,,,176,64,111,,,,,1,1,0,,,,,,,,,,,,,,,,,,,,,
,5011,,,0,61.779900,,,,,,,176,64,110,,,,,1,1,0,,,,,,,,,,,,,,,,,,,,,
,5012,,,0,61.787712,,,,,,,176,64,111,,,,,1,1,0,,,,,,,,,,,,,,,,,,,,,
312,5013,1,4505,0,61.813752,0.0,0.0,0,A#4,,10,144,70,53,,6012,,,1,1,0,,0.7694860160887174,,0.2689075294117647,1,0.0,0.0,0.0,0.0,4.464286,7.178571,5.581909399999999,0.5577516503771549,0.0,0.0,0.0,0.0,0.0,4.25,1.0785713749999999,1.1657021665380203
,5014,,,0,61.889268,,,,,,,176,64,110,,,,,1,1,0,,,,,,,,,,,,,,,,,,,,,
,5015,,,0,61.899684,,,,,,,176,64,111,,,,,1,1,0,,,,,,,,,,,,,,,,,,,,,
,5016,,,0,61.915308,,,,,,,128,70,0,,,,,1,1,0,,,,,,,,,,,,,,,,,,,,,
312,5017,1,4506,0,61.938744,0.0,0.0,0,D#3,,10,144,51,53,,6012,,,1,1,0,,0.7694860160887174,,0.2689075294117647,1,0.0,0.0,0.0,0.0,4.464286,7.178571,5.581909399999999,0.5577516503771549,0.0,0.0,0.0,0.0,0.0,4.25,1.0785713749999999,1.1657021665380203
312,5018,1,4507,0,62.037696,0.0,0.0,0,A#4,,11,144,70,58,,6012,,,1,1,0,,0.7694860160887174,,0.2689075294117647,1,0.0,0.0,0.0,0.0,4.464286,7.178571,5.581909399999999,0.5577516503771549,0.0,0.0,0.0,0.0,0.0,4.25,1.0785713749999999,1.1657021665380203
,5019,,,0,62.037696,,,,,,,176,64,110,,,,,1,1,0,,,,,,,,,,,,,,,,,,,,,
312,5020,1,4507,0,62.040300,0.0,0.0,0,F#5,,11,144,78,58,,6012,,,1,1,0,,0.7694860160887174,,0.2689075294117647,1,0.0,0.0,0.0,0.0,4.464286,7.178571,5.581909399999999,0.5577516503771549,0.0,0.0,0.0,0.0,0.0,4.25,1.0785713749999999,1.1657021665380203
,5021,,,0,62.048112,,,,,,,176,64,111,,,,,1,1,0,,,,,,,,,,,,,,,,,,,,,
312,5022,1,4507,0,62.053320,0.0,0.0,0,D4,,11,144,62,58,,6012,,,1,1,0,,0.7694860160887174,,0.2689075294117647,1,0.0,0.0,0.0,0.0,4.464286,7.178571,5.581909399999999,0.5577516503771549,0.0,0.0,0.0,0.0,0.0,4.25,1.0785713749999999,1.1657021665380203
,5023,,,0,62.092380,,,,,,,128,51,0,,,,,1,1,0,,,,,,,,,,,,,,,,,,,,,
,5024,,,0,62.160084,,,,,,,128,70,0,,,,,1,1,0,,,,,,,,,,,,,,,,,,,,,
,5025,,,0,62.191332,,,,,,,128,78,0,,,,,1,1,0,,,,,,,,,,,,,,,,,,,,,
,5026,,,0,62.230392,,,,,,,128,62,0,,,,,1,1,0,,,,,,,,,,,,,,,,,,,,,
,5027,,,0,62.259036,,,,,,,176,64,110,,,,,1,1,0,,,,,,,,,,,,,,,,,,,,,
,5028,,,0,62.269452,,,,,,,176,64,111,,,,,1,1,0,,,,,,,,,,,,,,,,,,,,,
312,5029,1,4508,0,62.305908,0.0,0.0,0,D#3,,11,144,51,58,,6012,,,1,1,0,,0.7694860160887174,,0.2689075294117647,1,0.0,0.0,0.0,0.0,4.464286,7.178571,5.581909399999999,0.5577516503771549,0.0,0.0,0.0,0.0,0.0,4.25,1.0785713749999999,1.1657021665380203
,5030,,,0,62.318928,,,,,,,176,64,110,,,,,1,1,0,,,,,,,,,,,,,,,,,,,,,
,5031,,,0,62.329344,,,,,,,176,64,111,,,,,1,1,0,,,,,,,,,,,,,,,,,,,,,
,5032,,,0,62.371008,,,,,,,128,51,0,,,,,1,1,0,,,,,,,,,,,,,,,,,,,,,
,5033,,,0,62.410068,,,,,,,176,64,110,,,,,1,1,0,,,,,,,,,,,,,,,,,,,,,
,5034,,,0,62.417880,,,,,,,176,64,111,,,,,1,1,0,,,,,,,,,,,,,,,,,,,,,
,5035,,,0,62.568912,,,,,,,176,64,110,,,,,1,1,0,,,,,,,,,,,,,,,,,,,,,
,5036,,,0,62.579328,,,,,,,176,64,111,,,,,1,1,0,,,,,,,,,,,,,,,,,,,,,
,5037,,,0,62.639220,,,,,,,176,64,110,,,,,1,1,0,,,,,,,,,,,,,,,,,,,,,
,5038,,,0,62.649636,,,,,,,176,64,111,,,,,1,1,0,,,,,,,,,,,,,,,,,,,,,
,5039,,,0,62.727756,,,,,,,176,64,110,,,,,1,1,0,,,,,,,,,,,,,,,,,,,,,
,5040,,,0,62.738172,,,,,,,176,64,111,,,,,1,1,0,,,,,,,,,,,,,,,,,,,,,
,5041,,,0,62.748588,,,,,,,176,64,110,,,,,1,1,0,,,,,,,,,,,,,,,,,,,,,
,5042,,,0,62.769420,,,,,,,176,64,111,,,,,1,1,0,,,,,,,,,,,,,,,,,,,,,
,5043,,,0,62.779836,,,,,,,176,64,110,,,,,1,1,0,,,,,,,,,,,,,,,,,,,,,
,5044,,,0,62.790252,,,,,,,176,64,111,,,,,1,1,0,,,,,,,,,,,,,,,,,,,,,
,5045,,,0,62.870976,,,,,,,176,64,110,,,,,1,1,0,,,,,,,,,,,,,,,,,,,,,
,5046,,,0,62.878788,,,,,,,176,64,111,,,,,1,1,0,,,,,,,,,,,,,,,,,,,,,
,5047,,,0,62.910036,,,,,,,176,64,110,,,,,1,1,0,,,,,,,,,,,,,,,,,,,,,
,5048,,,0,62.917848,,,,,,,176,64,111,,,,,1,1,0,,,,,,,,,,,,,,,,,,,,,
,5049,,,0,62.928264,,,,,,,176,64,110,,,,,1,1,0,,,,,,,,,,,,,,,,,,,,,
,5050,,,0,62.938680,,,,,,,176,64,111,,,,,1,1,0,,,,,,,,,,,,,,,,,,,,,
,5051,,,0,63.037632,,,,,,,176,64,110,,,,,1,1,0,,,,,,,,,,,,,,,,,,,,,
,5052,,,0,63.058464,,,,,,,176,64,111,,,,,1,1,0,,,,,,,,,,,,,,,,,,,,,
313,5053,1,4509,0,63.118356,0.0,0.0,0,C2,,5,144,36,26,,6013,,,1,1,0,0.8661161858081764,0.21951219512195122,0.8250883382199675,0.2689075294117647,1,0.025595,0.071816,0.044049874999999995,0.01022014888880661,1.125,5.125,2.2,0.9286246550679128,0.0,98.678692,78.970034825,15.870989294538122,0.0,4.25,1.0684236,1.0620049096008408
313,5054,1,4509,0,63.118356,0.0,0.0,0,F#4,,5,144,66,26,,6013,,,1,1,0,0.8661161858081764,0.21951219512195122,0.8250883382199675,0.2689075294117647,1,0.025595,0.071816,0.044049874999999995,0.01022014888880661,1.125,5.125,2.2,0.9286246550679128,0.0,98.678692,78.970034825,15.870989294538122,0.0,4.25,1.0684236,1.0620049096008408
,5055,,,0,63.120960,,,,,,,176,67,126,,,,,1,1,0,,,,,,,,,,,,,,,,,,,,,
313,5056,1,4509,0,63.120960,0.0,0.0,0,E1,,5,144,28,26,,6013,,,1,1,0,0.8661161858081764,0.21951219512195122,0.8250883382199675,0.2689075294117647,1,0.025595,0.071816,0.044049874999999995,0.01022014888880661,1.125,5.125,2.2,0.9286246550679128,0.0,98.678692,78.970034825,15.870989294538122,0.0,4.25,1.0684236,1.0620049096008408
313,5057,1,4509,0,63.120960,0.0,0.0,0,G#1,,5,144,32,26,,6013,,,1,1,0,0.8661161858081764,0.21951219512195122,0.8250883382199675,0.2689075294117647,1,0.025595,0.071816,0.044049874999999995,0.01022014888880661,1.125,5.125,2.2,0.9286246550679128,0.0,98.678692,78.970034825,15.870989294538122,0.0,4.25,1.0684236,1.0620049096008408
313,5058,1,4509,0,63.126168,0.0,0.0,0,F4,,5,144,65,26,,6013,,,1,1,0,0.8661161858081764,0.21951219512195122,0.8250883382199675,0.2689075294117647,1,0.025595,0.071816,0.044049874999999995,0.01022014888880661,1.125,5.125,2.2,0.9286246550679128,0.0,98.678692,78.970034825,15.870989294538122,0.0,4.25,1.0684236,1.0620049096008408
,5059,,,0,63.128772,,,,,,,176,64,110,,,,,1,1,0,,,,,,,,,,,,,,,,,,,,,
,5060,,,0,63.128772,,,,,,,176,67,104,,,,,1,1,0,,,,,,,,,,,,,,,,,,,,,
,5061,,,0,63.139188,,,,,,,176,64,111,,,,,1,1,0,,,,,,,,,,,,,,,,,,,,,
,5062,,,0,63.139188,,,,,,,176,67,78,,,,,1,1,0,,,,,,,,,,,,,,,,,,,,,
,5063,,,0,63.149604,,,,,,,176,67,52,,,,,1,0,0,,,,,,,,,,,,,,,,,,,,,
,5064,,,0,63.160020,,,,,,,176,67,26,,,,,1,0,0,,,,,,,,,,,,,,,,,,,,,
,5065,,,0,63.167832,,,,,,,176,67,19,,,,,1,0,0,,,,,,,,,,,,,,,,,,,,,
,5066,,,0,63.178248,,,,,,,176,64,110,,,,,1,0,0,,,,,,,,,,,,,,,,,,,,,
,5067,,,0,63.180852,,,,,,,176,67,20,,,,,1,0,0,,,,,,,,,,,,,,,,,,,,,
,5068,,,0,63.188664,,,,,,,176,64,107,,,,,1,0,0,,,,,,,,,,,,,,,,,,,,,
,5069,,,0,63.199080,,,,,,,176,64,102,,,,,1,0,0,,,,,,,,,,,,,,,,,,,,,
,5070,,,0,63.209496,,,,,,,176,64,91,,,,,1,0,0,,,,,,,,,,,,,,,,,,,,,
,5071,,,0,63.219912,,,,,,,176,64,73,,,,,1,0,0,,,,,,,,,,,,,,,,,,,,,
,5072,,,0,63.227724,,,,,,,176,64,50,,,,,0,0,0,,,,,,,,,,,,,,,,,,,,,
,5073,,,0,63.238140,,,,,,,176,64,27,,,,,0,0,0,,,,,,,,,,,,,,,,,,,,,
,5074,,,0,63.248556,,,,,,,176,64,14,,,,,0,0,0,,,,,,,,,,,,,,,,,,,,,
,5075,,,0,63.258972,,,,,,,176,64,8,,,,,0,0,0,,,,,,,,,,,,,,,,,,,,,
,5076,,,0,63.357924,,,,,,,176,64,7,,,,,0,0,0,,,,,,,,,,,,,,,,,,,,,
,5077,,,0,63.368340,,,,,,,176,64,8,,,,,0,0,0,,,,,,,,,,,,,,,,,,,,,
,5078,,,0,63.376152,,,,,,,176,66,127,,,,,0,0,1,,,,,,,,,,,,,,,,,,,,,
,5079,,,0,63.378756,,,,,,,176,64,7,,,,,0,0,1,,,,,,,,,,,,,,,,,,,,,
,5080,,,0,63.389172,,,,,,,176,64,8,,,,,0,0,1,,,,,,,,,,,,,,,,,,,,,
,5081,,,0,63.428232,,,,,,,176,64,7,,,,,0,0,1,,,,,,,,,,,,,,,,,,,,,
,5082,,,0,63.436044,,,,,,,128,36,0,,,,,0,0,1,,,,,,,,,,,,,,,,,,,,,
,5083,,,0,63.438648,,,,,,,176,64,8,,,,,0,0,1,,,,,,,,,,,,,,,,,,,,,
,5084,,,0,63.459480,,,,,,,176,64,7,,,,,0,0,1,,,,,,,,,,,,,,,,,,,,,
,5085,,,0,63.475104,,,,,,,128,65,0,,,,,0,0,1,,,,,,,,,,,,,,,,,,,,,
,5086,,,0,63.477708,,,,,,,176,64,8,,,,,0,0,1,,,,,,,,,,,,,,,,,,,,,
,5087,,,0,63.493332,,,,,,,128,66,0,,,,,0,0,1,,,,,,,,,,,,,,,,,,,,,
,5088,,,0,63.498540,,,,,,,176,64,7,,,,,0,0,1,,,,,,,,,,,,,,,,,,,,,
,5089,,,0,63.508956,,,,,,,176,64,8,,,,,0,0,1,,,,,,,,,,,,,,,,,,,,,
,5090,,,0,63.540204,,,,,,,128,32,0,,,,,0,0,1,,,,,,,,,,,,,,,,,,,,,
,5091,,,0,63.548016,,,,,,,176,64,7,,,,,0,0,1,,,,,,,,,,,,,,,,,,,,,
,5092,,,0,63.558432,,,,,,,176,64,8,,,,,0,0,1,,,,,,,,,,,,,,,,,,,,,
,5093,,,0,63.589680,,,,,,,176,64,7,,,,,0,0,1,,,,,,,,,,,,,,,,,,,,,
,5094,,,0,63.597492,,,,,,,176,64,8,,,,,0,0,1,,,,,,,,,,,,,,,,,,,,,
313,5095,1,4510,0,63.620928,0.0,0.0,0,D2,,17,144,38,90,,6013,,,0,0,1,0.8661161858081764,0.21951219512195122,0.8250883382199675,0.2689075294117647,1,0.025595,0.071816,0.044049874999999995,0.01022014888880661,1.125,5.125,2.2,0.9286246550679128,0.0,98.678692,78.970034825,15.870989294538122,0.0,4.25,1.0684236,1.0620049096008408
,5096,,,0,63.633948,,,,,,,128,28,0,,,,,0,0,1,,,,,,,,,,,,,,,,,,,,,
,5097,,,0,63.639156,,,,,,,176,64,7,,,,,0,0,1,,,,,,,,,,,,,,,,,,,,,
,5098,,,0,63.659988,,,,,,,176,64,8,,,,,0,0,1,,,,,,,,,,,,,,,,,,,,,
,5099,,,0,63.730296,,,,,,,176,64,7,,,,,0,0,1,,,,,,,,,,,,,,,,,,,,,
313,5100,1,4511,0,63.730296,0.0,0.0,0,E3,,17,144,52,90,,6013,,,0,0,1,0.8661161858081764,0.21951219512195122,0.8250883382199675,0.2689075294117647,1,0.025595,0.071816,0.044049874999999995,0.01022014888880661,1.125,5.125,2.2,0.9286246550679128,0.0,98.678692,78.970034825,15.870989294538122,0.0,4.25,1.0684236,1.0620049096008408
,5101,,,0,63.732900,,,,,,,128,38,0,,,,,0,0,1,,,,,,,,,,,,,,,,,,,,,
,5102,,,0,63.748524,,,,,,,176,64,8,,,,,0,0,1,,,,,,,,,,,,,,,,,,,,,
,5103,,,0,63.758940,,,,,,,176,64,7,,,,,0,0,1,,,,,,,,,,,,,,,,,,,,,
,5104,,,0,63.769356,,,,,,,176,64,8,,,,,0,0,1,,,,,,,,,,,,,,,,,,,,,
,5105,,,0,63.829248,,,,,,,176,64,7,,,,,0,0,1,,,,,,,,,,,,,,,,,,,,,
,5106,,,0,63.839664,,,,,,,176,64,8,,,,,0,0,1,,,,,,,,,,,,,,,,,,,,,
313,5107,1,4512,0,63.844872,0.0,0.0,0,D2,,17,144,38,90,,6013,,,0,0,1,0.8661161858081764,0.21951219512195122,0.8250883382199675,0.2689075294117647,1,0.025595,0.071816,0.044049874999999995,0.01022014888880661,1.125,5.125,2.2,0.9286246550679128,0.0,98.678692,78.970034825,15.870989294538122,0.0,4.25,1.0684236,1.0620049096008408
,5108,,,0,63.857892,,,,,,,176,64,7,,,,,0,0,1,,,,,,,,,,,,,,,,,,,,,
,5109,,,0,63.860496,,,,,,,128,52,0,,,,,0,0,1,,,,,,,,,,,,,,,,,,,,,
,5110,,,0,63.868308,,,,,,,176,64,8,,,,,0,0,1,,,,,,,,,,,,,,,,,,,,,
,5111,,,0,63.909972,,,,,,,176,64,7,,,,,0,0,1,,,,,,,,,,,,,,,,,,,,,
313,5112,1,4513,0,63.917784,0.0,0.0,0,C1,,14,144,24,74,,6013,,,0,0,1,0.8661161858081764,0.21951219512195122,0.8250883382199675,0.2689075294117647,1,0.025595,0.071816,0.044049874999999995,0.01022014888880661,1.125,5.125,2.2,0.9286246550679128,0.0,98.678692,78.970034825,15.870989294538122,0.0,4.25,1.0684236,1.0620049096008408
,5113,,,0,63.925596,,,,,,,128,38,0,,,,,0,0,1,,,,,,,,,,,,,,,,,,,,,
,5114,,,0,63.951636,,,,,,,176,64,8,,,,,0,0,1,,,,,,,,,,,,,,,,,,,,,
,5115,,,0,63.969864,,,,,,,176,64,7,,,,,0,0,1,,,,,,,,,,,,,,,,,,,,,
,5116,,,0,63.977676,,,,,,,176,64,8,,,,,0,0,1,,,,,,,,,,,,,,,,,,,,,
,5117,,,0,64.019340,,,,,,,176,64,7,,,,,0,0,1,,,,,,,,,,,,,,,,,,,,,
,5118,,,0,64.029756,,,,,,,176,64,8,,,,,0,0,1,,,,,,,,,,,,,,,,,,,,,
313,5119,1,4514,0,64.084440,0.0,0.0,0,F#1,,11,144,30,58,,6013,,,0,0,1,0.8661161858081764,0.21951219512195122,0.8250883382199675,0.2689075294117647,1,0.025595,0.071816,0.044049874999999995,0.01022014888880661,1.125,5.125,2.2,0.9286246550679128,0.0,98.678692,78.970034825,15.870989294538122,0.0,4.25,1.0684236,1.0620049096008408
,5120,,,0,64.110480,,,,,,,176,64,7,,,,,0,0,1,,,,,,,,,,,,,,,,,,,,,
,5121,,,0,64.120896,,,,,,,176,64,8,,,,,0,0,1,,,,,,,,,,,,,,,,,,,,,
,5122,,,0,64.133916,,,,,,,128,24,0,,,,,0,0,1,,,,,,,,,,,,,,,,,,,,,
,5123,,,0,64.139124,,,,,,,176,64,7,,,,,0,0,1,,,,,,,,,,,,,,,,,,,,,
,5124,,,0,64.167768,,,,,,,176,64,8,,,,,0,0,1,,,,,,,,,,,,,,,,,,,,,
,5125,,,0,64.230264,,,,,,,128,30,0,,,,,0,0,1,,,,,,,,,,,,,,,,,,,,,
313,5126,1,4515,0,64.253700,0.0,0.0,0,G#1,,8,144,32,42,,6013,,,0,0,1,0.8661161858081764,0.21951219512195122,0.8250883382199675,0.2689075294117647,1,0.025595,0.071816,0.044049874999999995,0.01022014888880661,1.125,5.125,2.2,0.9286246550679128,0.0,98.678692,78.970034825,15.870989294538122,0.0,4.25,1.0684236,1.0620049096008408
,5127,,,0,64.287552,,,,,,,176,64,7,,,,,0,0,1,,,,,,,,,,,,,,,,,,,,,
,5128,,,0,64.297968,,,,,,,176,64,8,,,,,0,0,1,,,,,,,,,,,,,,,,,,,,,
,5129,,,0,64.339632,,,,,,,176,64,7,,,,,0,0,1,,,,,,,,,,,,,,,,,,,,,
,5130,,,0,64.339632,,,,,,,128,32,0,,,,,0,0,1,,,,,,,,,,,,,,,,,,,,,
313,5131,1,4516,0,64.344840,0.0,0.0,0,C1,,11,144,24,58,,6013,,,0,0,1,0.8661161858081764,0.21951219512195122,0.8250883382199675,0.2689075294117647,1,0.025595,0.071816,0.044049874999999995,0.01022014888880661,1.125,5.125,2.2,0.9286246550679128,0.0,98.678692,78.970034825,15.870989294538122,0.0,4.25,1.0684236,1.0620049096008408
,5132,,,0,64.347444,,,,,,,176,64,8,,,,,0,0,1,,,,,,,,,,,,,,,,,,,,,
,5133,,,0,64.399524,,,,,,,176,64,7,,,,,0,0,1,,,,,,,,,,,,,,,,,,,,,
,5134,,,0,64.407336,,,,,,,176,64,8,,,,,0,0,1,,,,,,,,,,,,,,,,,,,,,
313,5135,1,4516,0,64.415148,0.0,0.0,0,F#1,,11,144,30,58,,6013,,,0,0,1,0.8661161858081764,0.21951219512195122,0.8250883382199675,0.2689075294117647,1,0.025595,0.071816,0.044049874999999995,0.01022014888880661,1.125,5.125,2.2,0.9286246550679128,0.0,98.678692,78.970034825,15.870989294538122,0.0,4.25,1.0684236,1.0620049096008408
,5136,,,0,64.417752,,,,,,,176,64,7,,,,,0,0,1,,,,,,,,,,,,,,,,,,,,,
,5137,,,0,64.428168,,,,,,,176,64,8,,,,,0,0,1,,,,,,,,,,,,,,,,,,,,,
313,5138,1,4516,0,64.441188,0.0,0.0,0,D5,,11,144,74,58,,6013,,,0,0,1,0.8661161858081764,0.21951219512195122,0.8250883382199675,0.2689075294117647,1,0.025595,0.071816,0.044049874999999995,0.01022014888880661,1.125,5.125,2.2,0.9286246550679128,0.0,98.678692,78.970034825,15.870989294538122,0.0,4.25,1.0684236,1.0620049096008408
,5139,,,0,64.477644,,,,,,,176,64,7,,,,,0,0,1,,,,,,,,,,,,,,,,,,,,,
,5140,,,0,64.488060,,,,,,,176,64,8,,,,,0,0,1,,,,,,,,,,,,,,,,,,,,,
,5141,,,0,64.498476,,,,,,,176,64,7,,,,,0,0,1,,,,,,,,,,,,,,,,,,,,,
,5142,,,0,64.516704,,,,,,,128,24,0,,,,,0,0,1,,,,,,,,,,,,,,,,,,,,,
,5143,,,0,64.519308,,,,,,,176,64,8,,,,,0,0,1,,,,,,,,,,,,,,,,,,,,,
,5144,,,0,64.529724,,,,,,,176,64,7,,,,,0,0,1,,,,,,,,,,,,,,,,,,,,,
,5145,,,0,64.550556,,,,,,,128,30,0,,,,,0,0,1,,,,,,,,,,,,,,,,,,,,,
,5146,,,0,64.568784,,,,,,,176,64,11,,,,,0,0,1,,,,,,,,,,,,,,,,,,,,,
,5147,,,0,64.579200,,,,,,,176,64,12,,,,,0,0,1,,,,,,,,,,,,,,,,,,,,,
,5148,,,0,64.589616,,,,,,,176,64,14,,,,,0,0,1,,,,,,,,,,,,,,,,,,,,,
,5149,,,0,64.597428,,,,,,,176,64,17,,,,,0,0,1,,,,,,,,,,,,,,,,,,,,,
,5150,,,0,64.607844,,,,,,,176,64,22,,,,,0,0,1,,,,,,,,,,,,,,,,,,,,,
,5151,,,0,64.618260,,,,,,,176,64,27,,,,,0,0,1,,,,,,,,,,,,,,,,,,,,,
,5152,,,0,64.628676,,,,,,,176,64,30,,,,,0,0,1,,,,,,,,,,,,,,,,,,,,,
,5153,,,0,64.639092,,,,,,,176,64,33,,,,,0,0,1,,,,,,,,,,,,,,,,,,,,,
,5154,,,0,64.649508,,,,,,,176,64,35,,,,,0,0,1,,,,,,,,,,,,,,,,,,,,,
,5155,,,0,64.659924,,,,,,,176,64,39,,,,,0,0,1,,,,,,,,,,,,,,,,,,,,,
,5156,,,0,64.667736,,,,,,,176,64,43,,,,,0,0,1,,,,,,,,,,,,,,,,,,,,,
,5157,,,0,64.678152,,,,,,,176,64,48,,,,,0,0,1,,,,,,,,,,,,,,,,,,,,,
,5158,,,0,64.680756,,,,,,,128,74,0,,,,,0,0,1,,,,,,,,,,,,,,,,,,,,,
,5159,,,0,64.688568,,,,,,,176,64,51,,,,,0,0,1,,,,,,,,,,,,,,,,,,,,,
,5160,,,0,64.698984,,,,,,,176,64,55,,,,,0,0,1,,,,,,,,,,,,,,,,,,,,,
,5161,,,0,64.709400,,,,,,,176,64,59,,,,,0,0,1,,,,,,,,,,,,,,,,,,,,,
,5162,,,0,64.730232,,,,,,,176,64,63,,,,,0,0,1,,,,,,,,,,,,,,,,,,,,,
,5163,,,0,64.738044,,,,,,,176,64,64,,,,,1,0,1,,,,,,,,,,,,,,,,,,,,,
,5164,,,0,64.748460,,,,,,,176,64,67,,,,,1,0,1,,,,,,,,,,,,,,,,,,,,,
,5165,,,0,64.758876,,,,,,,176,64,68,,,,,1,0,1,,,,,,,,,,,,,,,,,,,,,
,5166,,,0,64.769292,,,,,,,176,64,72,,,,,1,0,1,,,,,,,,,,,,,,,,,,,,,
,5167,,,0,64.779708,,,,,,,176,64,75,,,,,1,0,1,,,,,,,,,,,,,,,,,,,,,
,5168,,,0,64.787520,,,,,,,176,64,78,,,,,1,0,1,,,,,,,,,,,,,,,,,,,,,
,5169,,,0,64.797936,,,,,,,176,64,79,,,,,1,0,1,,,,,,,,,,,,,,,,,,,,,
,5170,,,0,64.808352,,,,,,,176,64,83,,,,,1,0,1,,,,,,,,,,,,,,,,,,,,,
,5171,,,0,64.818768,,,,,,,176,64,85,,,,,1,0,1,,,,,,,,,,,,,,,,,,,,,
,5172,,,0,64.829184,,,,,,,176,64,87,,,,,1,0,1,,,,,,,,,,,,,,,,,,,,,
,5173,,,0,64.847412,,,,,,,176,64,90,,,,,1,0,1,,,,,,,,,,,,,,,,,,,,,
,5174,,,0,64.860432,,,,,,,176,64,94,,,,,1,0,1,,,,,,,,,,,,,,,,,,,,,
,5175,,,0,64.868244,,,,,,,176,64,98,,,,,1,0,1,,,,,,,,,,,,,,,,,,,,,
313,5176,1,4517,0,64.873452,0.0,0.0,0,A#2,,12,144,46,64,,6013,,,1,0,1,0.8661161858081764,0.21951219512195122,0.8250883382199675,0.2689075294117647,1,0.025595,0.071816,0.044049874999999995,0.01022014888880661,1.125,5.125,2.2,0.9286246550679128,0.0,98.678692,78.970034825,15.870989294538122,0.0,4.25,1.0684236,1.0620049096008408
,5177,,,0,64.878660,,,,,,,176,64,99,,,,,1,0,1,,,,,,,,,,,,,,,,,,,,,
,5178,,,0,64.917720,,,,,,,176,64,100,,,,,1,0,1,,,,,,,,,,,,,,,,,,,,,
,5179,,,0,64.928136,,,,,,,176,64,99,,,,,1,0,1,,,,,,,,,,,,,,,,,,,,,
,5180,,,0,64.938552,,,,,,,176,64,102,,,,,1,0,1,,,,,,,,,,,,,,,,,,,,,
,5181,,,0,64.948968,,,,,,,176,64,101,,,,,1,0,1,,,,,,,,,,,,,,,,,,,,,
,5182,,,0,64.959384,,,,,,,176,64,103,,,,,1,0,1,,,,,,,,,,,,,,,,,,,,,
,5183,,,0,64.964592,,,,,,,128,46,0,,,,,1,0,1,,,,,,,,,,,,,,,,,,,,,
313,5184,1,4518,0,65.079168,0.0,0.0,0,D6,,13,144,86,69,,6013,,,1,0,1,0.8661161858081764,0.21951219512195122,0.8250883382199675,0.2689075294117647,1,0.025595,0.071816,0.044049874999999995,0.01022014888880661,1.125,5.125,2.2,0.9286246550679128,0.0,98.678692,78.970034825,15.870989294538122,0.0,4.25,1.0684236,1.0620049096008408
,5185,,,0,65.118228,,,,,,,176,64,102,,,,,1,0,1,,,,,,,,,,,,,,,,,,,,,
,5186,,,0,65.128644,,,,,,,176,64,103,,,,,1,0,1,,,,,,,,,,,,,,,,,,,,,
,5187,,,0,65.139060,,,,,,,176,64,106,,,,,1,0,1,,,,,,,,,,,,,,,,,,,,,
,5188,,,0,65.139060,,,,,,,176,67,19,,,,,1,0,1,,,,,,,,,,,,,,,,,,,,,
,5189,,,0,65.149476,,,,,,,176,64,107,,,,,1,0,1,,,,,,,,,,,,,,,,,,,,,
,5190,,,0,65.149476,,,,,,,176,67,20,,,,,1,0,1,,,,,,,,,,,,,,,,,,,,,
,5191,,,0,65.157288,,,,,,,176,66,0,,,,,1,0,0,,,,,,,,,,,,,,,,,,,,,
,5192,,,0,65.178120,,,,,,,176,64,108,,,,,1,0,0,,,,,,,,,,,,,,,,,,,,,
,5193,,,0,65.188536,,,,,,,176,64,111,,,,,1,0,0,,,,,,,,,,,,,,,,,,,,,
313,5194,1,4519,0,65.211972,0.0,0.0,0,A#2,,14,144,46,74,,6013,,,1,0,0,0.8661161858081764,0.21951219512195122,0.8250883382199675,0.2689075294117647,1,0.025595,0.071816,0.044049874999999995,0.01022014888880661,1.125,5.125,2.2,0.9286246550679128,0.0,98.678692,78.970034825,15.870989294538122,0.0,4.25,1.0684236,1.0620049096008408
,5195,,,0,65.219784,,,,,,,128,86,0,,,,,1,0,0,,,,,,,,,,,,,,,,,,,,,
,5196,,,0,65.230200,,,,,,,176,64,110,,,,,1,0,0,,,,,,,,,,,,,,,,,,,,,
,5197,,,0,65.240616,,,,,,,176,64,111,,,,,1,0,0,,,,,,,,,,,,,,,,,,,,,
,5198,,,0,65.303112,,,,,,,128,46,0,,,,,1,0,0,,,,,,,,,,,,,,,,,,,,,
,5199,,,0,65.318736,,,,,,,176,64,110,,,,,1,0,0,,,,,,,,,,,,,,,,,,,,,
313,5200,1,4520,0,65.326548,0.0,0.0,0,C5,,15,144,72,80,,6013,,,1,0,0,0.8661161858081764,0.21951219512195122,0.8250883382199675,0.2689075294117647,1,0.025595,0.071816,0.044049874999999995,0.01022014888880661,1.125,5.125,2.2,0.9286246550679128,0.0,98.678692,78.970034825,15.870989294538122,0.0,4.25,1.0684236,1.0620049096008408
,5201,,,0,65.329152,,,,,,,176,64,111,,,,,1,0,0,,,,,,,,,,,,,,,,,,,,,
,5202,,,0,65.386440,,,,,,,128,72,0,,,,,1,0,0,,,,,,,,,,,,,,,,,,,,,
,5203,,,0,65.428104,,,,,,,176,64,110,,,,,1,0,0,,,,,,,,,,,,,,,,,,,,,
313,5204,1,4521,0,65.430708,0.0,0.0,0,A#2,,17,144,46,90,,6013,,,1,0,0,0.8661161858081764,0.21951219512195122,0.8250883382199675,0.2689075294117647,1,0.025595,0.071816,0.044049874999999995,0.01022014888880661,1.125,5.125,2.2,0.9286246550679128,0.0,98.678692,78.970034825,15.870989294538122,0.0,4.25,1.0684236,1.0620049096008408
313,5205,1,4521,0,65.433312,0.0,0.0,0,F#3,,17,144,54,90,,6013,,,1,0,0,0.8661161858081764,0.21951219512195122,0.8250883382199675,0.2689075294117647,1,0.025595,0.071816,0.044049874999999995,0.01022014888880661,1.125,5.125,2.2,0.9286246550679128,0.0,98.678692,78.970034825,15.870989294538122,0.0,4.25,1.0684236,1.0620049096008408
,5206,,,0,65.438520,,,,,,,176,64,111,,,,,1,0,0,,,,,,,,,,,,,,,,,,,,,
,5207,,,0,65.487996,,,,,,,176,67,19,,,,,1,0,0,,,,,,,,,,,,,,,,,,,,,
,5208,,,0,65.498412,,,,,,,176,67,20,,,,,1,0,0,,,,,,,,,,,,,,,,,,,,,
,5209,,,0,65.508828,,,,,,,176,64,110,,,,,1,0,0,,,,,,,,,,,,,,,,,,,,,
,5210,,,0,65.524452,,,,,,,128,54,0,,,,,1,0,0,,,,,,,,,,,,,,,,,,,,,
,5211,,,0,65.529660,,,,,,,176,64,111,,,,,1,0,0,,,,,,,,,,,,,,,,,,,,,
,5212,,,0,65.540076,,,,,,,128,46,0,,,,,1,0,0,,,,,,,,,,,,,,,,,,,,,
313,5213,1,4522,0,65.545284,0.0,0.0,0,C4,,18,144,60,96,,6013,,,1,0,0,0.8661161858081764,0.21951219512195122,0.8250883382199675,0.2689075294117647,1,0.025595,0.071816,0.044049874999999995,0.01022014888880661,1.125,5.125,2.2,0.9286246550679128,0.0,98.678692,78.970034825,15.870989294538122,0.0,4.25,1.0684236,1.0620049096008408
313,5214,1,4523,0,65.620800,0.0,0.0,0,D4,,19,144,62,101,,6013,,,1,0,0,0.8661161858081764,0.21951219512195122,0.8250883382199675,0.2689075294117647,1,0.025595,0.071816,0.044049874999999995,0.01022014888880661,1.125,5.125,2.2,0.9286246550679128,0.0,98.678692,78.970034825,15.870989294538122,0.0,4.25,1.0684236,1.0620049096008408
313,5215,1,4523,0,65.641632,0.0,0.0,0,F#3,,19,144,54,101,,6013,,,1,0,0,0.8661161858081764,0.21951219512195122,0.8250883382199675,0.2689075294117647,1,0.025595,0.071816,0.044049874999999995,0.01022014888880661,1.125,5.125,2.2,0.9286246550679128,0.0,98.678692,78.970034825,15.870989294538122,0.0,4.25,1.0684236,1.0620049096008408
313,5216,1,4523,0,65.641632,0.0,0.0,0,A#2,,19,144,46,101,,6013,,,1,0,0,0.8661161858081764,0.21951219512195122,0.8250883382199675,0.2689075294117647,1,0.025595,0.071816,0.044049874999999995,0.01022014888880661,1.125,5.125,2.2,0.9286246550679128,0.0,98.678692,78.970034825,15.870989294538122,0.0,4.25,1.0684236,1.0620049096008408
,5217,,,0,65.659860,,,,,,,176,64,112,,,,,1,0,0,,,,,,,,,,,,,,,,,,,,,
,5218,,,0,65.670276,,,,,,,176,64,111,,,,,1,0,0,,,,,,,,,,,,,,,,,,,,,
,5219,,,0,65.670276,,,,,,,128,60,0,,,,,1,0,0,,,,,,,,,,,,,,,,,,,,,
313,5220,1,4524,0,65.706732,0.0,0.0,0,B3,,20,144,59,106,,6013,,,1,0,0,0.8661161858081764,0.21951219512195122,0.8250883382199675,0.2689075294117647,1,0.025595,0.071816,0.044049874999999995,0.01022014888880661,1.125,5.125,2.2,0.9286246550679128,0.0,98.678692,78.970034825,15.870989294538122,0.0,4.25,1.0684236,1.0620049096008408
,5221,,,0,65.722356,,,,,,,128,54,0,,,,,1,0,0,,,,,,,,,,,,,,,,,,,,,
,5222,,,0,65.753604,,,,,,,128,46,0,,,,,1,0,0,,,,,,,,,,,,,,,,,,,,,
,5223,,,0,65.758812,,,,,,,176,67,19,,,,,1,0,0,,,,,,,,,,,,,,,,,,,,,
,5224,,,0,65.769228,,,,,,,176,67,20,,,,,1,0,0,,,,,,,,,,,,,,,,,,,,,
,5225,,,0,65.771832,,,,,,,128,62,0,,,,,1,0,0,,,,,,,,,,,,,,,,,,,,,
,5226,,,0,65.790060,,,,,,,128,59,0,,,,,1,0,0,,,,,,,,,,,,,,,,,,,,,
,5227,,,0,65.808288,,,,,,,176,64,112,,,,,1,0,0,,,,,,,,,,,,,,,,,,,,,
,5228,,,0,65.821308,,,,,,,176,64,111,,,,,1,0,0,,,,,,,,,,,,,,,,,,,,,
,5229,,,0,65.821308,,,,,,,176,67,19,,,,,1,0,0,,,,,,,,,,,,,,,,,,,,,
,5230,,,0,65.829120,,,,,,,176,67,20,,,,,1,0,0,,,,,,,,,,,,,,,,,,,,,
,5231,,,0,65.857764,,,,,,,176,67,21,,,,,1,0,0,,,,,,,,,,,,,,,,,,,,,
,5232,,,0,65.868180,,,,,,,176,67,22,,,,,1,0,0,,,,,,,,,,,,,,,,,,,,,
,5233,,,0,65.878596,,,,,,,176,64,112,,,,,1,0,0,,,,,,,,,,,,,,,,,,,,,
,5234,,,0,65.878596,,,,,,,176,67,21,,,,,1,0,0,,,,,,,,,,,,,,,,,,,,,
,5235,,,0,65.886408,,,,,,,176,64,111,,,,,1,0,0,,,,,,,,,,,,,,,,,,,,,
,5236,,,0,65.899428,,,,,,,176,67,20,,,,,1,0,0,,,,,,,,,,,,,,,,,,,,,
,5237,,,0,65.907240,,,,,,,176,67,21,,,,,1,0,0,,,,,,,,,,,,,,,,,,,,,
0,5238,1,0,0,65.907240,0.0,0.0,0,A1,,-1,144,33,13,,,,,1,0,0,,,,,,,,,,,,,,,,,,,,,
,5239,,,0,65.917656,,,,,,,176,67,20,,,,,1,0,0,,,,,,,,,,,,,,,,,,,,,
,5240,,,0,65.928072,,,,,,,176,67,21,,,,,1,0,0,,,,,,,,,,,,,,,,,,,,,
,5241,,,0,65.938488,,,,,,,176,67,20,,,,,1,0,0,,,,,,,,,,,,,,,,,,,,,
,5242,,,0,65.948904,,,,,,,176,67,21,,,,,1,0,0,,,,,,,,,,,,,,,,,,,,,
,5243,,,0,65.959320,,,,,,,176,67,20,,,,,1,0,0,,,,,,,,,,,,,,,,,,,,,
,5244,,,0,65.969736,,,,,,,176,67,21,,,,,1,0,0,,,,,,,,,,,,,,,,,,,,,
,5245,,,0,65.998380,,,,,,,176,67,20,,,,,1,0,0,,,,,,,,,,,,,,,,,,,,,
,5246,,,0,66.003588,,,,,,,128,33,0,,,,,1,0,0,,,,,,,,,,,,,,,,,,,,,
,5247,,,0,66.019212,,,,,,,176,67,21,,,,,1,0,0,,,,,,,,,,,,,,,,,,,,,
,5248,,,0,66.029628,,,,,,,176,67,20,,,,,1,0,0,,,,,,,,,,,,,,,,,,,,,
,5249,,,0,66.037440,,,,,,,176,64,110,,,,,1,0,0,,,,,,,,,,,,,,,,,,,,,
,5250,,,0,66.040044,,,,,,,176,67,21,,,,,1,0,0,,,,,,,,,,,,,,,,,,,,,
,5251,,,0,66.047856,,,,,,,176,64,111,,,,,1,0,0,,,,,,,,,,,,,,,,,,,,,
,5252,,,0,66.050460,,,,,,,176,67,20,,,,,1,0,0,,,,,,,,,,,,,,,,,,,,,
,5253,,,0,66.058272,,,,,,,176,67,21,,,,,1,0,0,,,,,,,,,,,,,,,,,,,,,
,5254,,,0,66.068688,,,,,,,176,67,20,,,,,1,0,0,,,,,,,,,,,,,,,,,,,,,
0,5255,1,0,0,66.076500,0.0,0.0,0,A1,,-1,144,33,60,,,,,1,0,0,,,,,,,,,,,,,,,,,,,,,
,5256,,,0,66.079104,,,,,,,176,67,21,,,,,1,0,0,,,,,,,,,,,,,,,,,,,,,
,5257,,,0,66.089520,,,,,,,176,67,20,,,,,1,0,0,,,,,,,,,,,,,,,,,,,,,
,5258,,,0,66.097332,,,,,,,176,67,21,,,,,1,0,0,,,,,,,,,,,,,,,,,,,,,
313,5259,1,4526,0,66.102540,0.0,0.0,0,C#4,,11,144,61,58,,6013,,,1,0,0,0.8661161858081764,0.21951219512195122,0.8250883382199675,0.2689075294117647,1,0.025595,0.071816,0.044049874999999995,0.01022014888880661,1.125,5.125,2.2,0.9286246550679128,0.0,98.678692,78.970034825,15.870989294538122,0.0,4.25,1.0684236,1.0620049096008408
,5260,,,0,66.128580,,,,,,,176,67,20,,,,,1,0,0,,,,,,,,,,,,,,,,,,,,,
,5261,,,0,66.144204,,,,,,,128,61,0,,,,,1,0,0,,,,,,,,,,,,,,,,,,,,,
,5262,,,0,66.149412,,,,,,,176,67,21,,,,,1,0,0,,,,,,,,,,,,,,,,,,,,,
,5263,,,0,66.157224,,,,,,,128,33,0,,,,,1,0,0,,,,,,,,,,,,,,,,,,,,,
,5264,,,0,66.159828,,,,,,,176,67,20,,,,,1,0,0,,,,,,,,,,,,,,,,,,,,,
,5265,,,0,66.167640,,,,,,,176,67,21,,,,,1,0,0,,,,,,,,,,,,,,,,,,,,,
,5266,,,0,66.178056,,,,,,,176,67,22,,,,,1,0,0,,,,,,,,,,,,,,,,,,,,,
,5267,,,0,66.188472,,,,,,,176,67,21,,,,,1,0,0,,,,,,,,,,,,,,,,,,,,,
,5268,,,0,66.209304,,,,,,,176,67,22,,,,,1,0,0,,,,,,,,,,,,,,,,,,,,,
,5269,,,0,66.219720,,,,,,,176,67,21,,,,,1,0,0,,,,,,,,,,,,,,,,,,,,,
,5270,,,0,66.227532,,,,,,,176,67,20,,,,,1,0,0,,,,,,,,,,,,,,,,,,,,,
,5271,,,0,66.237948,,,,,,,176,67,21,,,,,1,0,0,,,,,,,,,,,,,,,,,,,,,
0,5272,1,0,0,66.240552,0.0,0.0,0,A1,,-1,144,33,56,,,,,1,0,0,,,,,,,,,,,,,,,,,,,,,
,5273,,,0,66.258780,,,,,,,176,67,20,,,,,1,0,0,,,,,,,,,,,,,,,,,,,,,
,5274,,,0,66.269196,,,,,,,176,67,21,,,,,1,0,0,,,,,,,,,,,,,,,,,,,,,
,5275,,,0,66.287424,,,,,,,176,67,22,,,,,1,0,0,,,,,,,,,,,,,,,,,,,,,
,5276,,,0,66.297840,,,,,,,176,64,109,,,,,1,0,0,,,,,,,,,,,,,,,,,,,,,
,5277,,,0,66.300444,,,,,,,176,67,21,,,,,1,0,0,,,,,,,,,,,,,,,,,,,,,
,5278,,,0,66.308256,,,,,,,176,64,107,,,,,1,0,0,,,,,,,,,,,,,,,,,,,,,
,5279,,,0,66.308256,,,,,,,176,67,20,,,,,1,0,0,,,,,,,,,,,,,,,,,,,,,
,5280,,,0,66.318672,,,,,,,176,64,103,,,,,1,0,0,,,,,,,,,,,,,,,,,,,,,
,5281,,,0,66.318672,,,,,,,176,67,21,,,,,1,0,0,,,,,,,,,,,,,,,,,,,,,
,5282,,,0,66.329088,,,,,,,176,64,95,,,,,1,0,0,,,,,,,,,,,,,,,,,,,,,
,5283,,,0,66.339504,,,,,,,176,64,79,,,,,1,0,0,,,,,,,,,,,,,,,,,,,,,
,5284,,,0,66.342108,,,,,,,128,33,0,,,,,1,0,0,,,,,,,,,,,,,,,,,,,,,
,5285,,,0,66.347316,,,,,,,176,64,57,,,,,0,0,0,,,,,,,,,,,,,,,,,,,,,
,5286,,,0,66.357732,,,,,,,176,64,30,,,,,0,0,0,,,,,,,,,,,,,,,,,,,,,
,5287,,,0,66.368148,,,,,,,176,64,10,,,,,0,0,0,,,,,,,,,,,,,,,,,,,,,
,5288,,,0,66.378564,,,,,,,176,64,8,,,,,0,0,0,,,,,,,,,,,,,,,,,,,,,
,5289,,,0,66.388980,,,,,,,176,67,20,,,,,0,0,0,,,,,,,,,,,,,,,,,,,,,
,5290,,,0,66.399396,,,,,,,176,64,7,,,,,0,0,0,,,,,,,,,,,,,,,,,,,,,
,5291,,,0,66.399396,,,,,,,176,67,21,,,,,0,0,0,,,,,,,,,,,,,,,,,,,,,
,5292,,,0,66.417624,,,,,,,176,67,22,,,,,0,0,0,,,,,,,,,,,,,,,,,,,,,
,5293,,,0,66.428040,,,,,,,176,64,8,,,,,0,0,0,,,,,,,,,,,,,,,,,,,,,
,5294,,,0,66.430644,,,,,,,176,67,21,,,,,0,0,0,,,,,,,,,,,,,,,,,,,,,
,5295,,,0,66.438456,,,,,,,176,67,20,,,,,0,0,0,,,,,,,,,,,,,,,,,,,,,
,5296,,,0,66.448872,,,,,,,176,64,7,,,,,0,0,0,,,,,,,,,,,,,,,,,,,,,
,5297,,,0,66.448872,,,,,,,176,67,21,,,,,0,0,0,,,,,,,,,,,,,,,,,,,,,
313,5298,1,4528,0,66.454080,0.0,0.0,0,F#2,,11,144,42,58,,6013,,,0,0,0,0.8661161858081764,0.21951219512195122,0.8250883382199675,0.2689075294117647,1,0.025595,0.071816,0.044049874999999995,0.01022014888880661,1.125,5.125,2.2,0.9286246550679128,0.0,98.678692,78.970034825,15.870989294538122,0.0,4.25,1.0684236,1.0620049096008408
,5299,,,0,66.459288,,,,,,,176,64,8,,,,,0,0,0,,,,,,,,,,,,,,,,,,,,,
313,5300,1,4528,0,66.459288,0.0,0.0,0,A#1,,20,144,34,106,,6013,,,0,0,0,0.8661161858081764,0.21951219512195122,0.8250883382199675,0.2689075294117647,1,0.025595,0.071816,0.044049874999999995,0.01022014888880661,1.125,5.125,2.2,0.9286246550679128,0.0,98.678692,78.970034825,15.870989294538122,0.0,4.25,1.0684236,1.0620049096008408
0,5301,1,0,0,66.464496,0.0,0.0,0,E5,,-1,144,76,90,,,,,0,0,0,,,,,,,,,,,,,,,,,,,,,
0,5302,1,0,0,66.469704,0.0,0.0,0,G#5,,-1,144,80,89,,,,,0,0,0,,,,,,,,,,,,,,,,,,,,,
,5303,,,0,66.487932,,,,,,,176,67,20,,,,,0,0,0,,,,,,,,,,,,,,,,,,,,,
,5304,,,0,66.498348,,,,,,,176,64,11,,,,,0,0,0,,,,,,,,,,,,,,,,,,,,,
,5305,,,0,66.498348,,,,,,,176,67,21,,,,,0,0,0,,,,,,,,,,,,,,,,,,,,,
,5306,,,0,66.508764,,,,,,,176,64,14,,,,,0,0,0,,,,,,,,,,,,,,,,,,,,,
,5307,,,0,66.519180,,,,,,,176,64,19,,,,,0,0,0,,,,,,,,,,,,,,,,,,,,,
,5308,,,0,66.529596,,,,,,,176,64,26,,,,,0,0,0,,,,,,,,,,,,,,,,,,,,,
,5309,,,0,66.537408,,,,,,,176,64,31,,,,,0,0,0,,,,,,,,,,,,,,,,,,,,,
,5310,,,0,66.540012,,,,,,,176,67,22,,,,,0,0,0,,,,,,,,,,,,,,,,,,,,,
,5311,,,0,66.547824,,,,,,,176,64,35,,,,,0,0,0,,,,,,,,,,,,,,,,,,,,,
,5312,,,0,66.550428,,,,,,,176,67,21,,,,,0,0,0,,,,,,,,,,,,,,,,,,,,,
,5313,,,0,66.558240,,,,,,,176,64,44,,,,,0,0,0,,,,,,,,,,,,,,,,,,,,,
,5314,,,0,66.560844,,,,,,,128,42,0,,,,,0,0,0,,,,,,,,,,,,,,,,,,,,,
,5315,,,0,66.560844,,,,,,,128,34,0,,,,,0,0,0,,,,,,,,,,,,,,,,,,,,,
,5316,,,0,66.568656,,,,,,,176,64,55,,,,,0,0,0,,,,,,,,,,,,,,,,,,,,,
,5317,,,0,66.579072,,,,,,,176,64,65,,,,,1,0,0,,,,,,,,,,,,,,,,,,,,,
,5318,,,0,66.589488,,,,,,,176,64,78,,,,,1,0,0,,,,,,,,,,,,,,,,,,,,,
,5319,,,0,66.589488,,,,,,,176,67,20,,,,,1,0,0,,,,,,,,,,,,,,,,,,,,,
,5320,,,0,66.589488,,,,,,,128,76,0,,,,,1,0,0,,,,,,,,,,,,,,,,,,,,,
,5321,,,0,66.597300,,,,,,,176,64,91,,,,,1,0,0,,,,,,,,,,,,,,,,,,,,,
,5322,,,0,66.602508,,,,,,,128,80,0,,,,,1,0,0,,,,,,,,,,,,,,,,,,,,,
,5323,,,0,66.607716,,,,,,,176,64,101,,,,,1,0,0,,,,,,,,,,,,,,,,,,,,,
,5324,,,0,66.610320,,,,,,,176,67,21,,,,,1,0,0,,,,,,,,,,,,,,,,,,,,,
,5325,,,0,66.618132,,,,,,,176,64,108,,,,,1,0,0,,,,,,,,,,,,,,,,,,,,,
,5326,,,0,66.631152,,,,,,,176,64,111,,,,,1,0,0,,,,,,,,,,,,,,,,,,,,,
,5327,,,0,66.638964,,,,,,,176,64,107,,,,,1,0,0,,,,,,,,,,,,,,,,,,,,,
,5328,,,0,66.649380,,,,,,,176,64,109,,,,,1,0,0,,,,,,,,,,,,,,,,,,,,,
,5329,,,0,66.657192,,,,,,,176,64,108,,,,,1,0,0,,,,,,,,,,,,,,,,,,,,,
,5330,,,0,66.659796,,,,,,,176,67,22,,,,,1,0,0,,,,,,,,,,,,,,,,,,,,,
,5331,,,0,66.667608,,,,,,,176,64,110,,,,,1,0,0,,,,,,,,,,,,,,,,,,,,,
,5332,,,0,66.667608,,,,,,,176,67,21,,,,,1,0,0,,,,,,,,,,,,,,,,,,,,,
,5333,,,0,66.678024,,,,,,,176,64,107,,,,,1,0,0,,,,,,,,,,,,,,,,,,,,,
,5334,,,0,66.688440,,,,,,,176,64,110,,,,,1,0,0,,,,,,,,,,,,,,,,,,,,,
313,5335,1,4529,0,66.696252,0.0,0.0,0,F4,,12,144,65,64,,6013,,,1,0,0,0.8661161858081764,0.21951219512195122,0.8250883382199675,0.2689075294117647,1,0.025595,0.071816,0.044049874999999995,0.01022014888880661,1.125,5.125,2.2,0.9286246550679128,0.0,98.678692,78.970034825,15.870989294538122,0.0,4.25,1.0684236,1.0620049096008408
,5336,,,0,66.698856,,,,,,,176,64,107,,,,,1,0,0,,,,,,,,,,,,,,,,,,,,,
,5337,,,0,66.709272,,,,,,,176,64,110,,,,,1,0,0,,,,,,,,,,,,,,,,,,,,,
,5338,,,0,66.719688,,,,,,,176,64,108,,,,,1,0,0,,,,,,,,,,,,,,,,,,,,,
,5339,,,0,66.730104,,,,,,,176,67,22,,,,,1,0,0,,,,,,,,,,,,,,,,,,,,,
,5340,,,0,66.737916,,,,,,,176,64,109,,,,,1,0,0,,,,,,,,,,,,,,,,,,,,,
,5341,,,0,66.737916,,,,,,,176,67,21,,,,,1,0,0,,,,,,,,,,,,,,,,,,,,,
,5342,,,0,66.748332,,,,,,,176,67,23,,,,,1,0,0,,,,,,,,,,,,,,,,,,,,,
,5343,,,0,66.758748,,,,,,,176,64,110,,,,,1,0,0,,,,,,,,,,,,,,,,,,,,,
,5344,,,0,66.758748,,,,,,,176,67,21,,,,,1,0,0,,,,,,,,,,,,,,,,,,,,,
,5345,,,0,66.769164,,,,,,,176,64,109,,,,,1,0,0,,,,,,,,,,,,,,,,,,,,,
,5346,,,0,66.769164,,,,,,,176,67,23,,,,,1,0,0,,,,,,,,,,,,,,,,,,,,,
,5347,,,0,66.779580,,,,,,,176,64,108,,,,,1,0,0,,,,,,,,,,,,,,,,,,,,,
,5348,,,0,66.779580,,,,,,,176,67,21,,,,,1,0,0,,,,,,,,,,,,,,,,,,,,,
,5349,,,0,66.784788,,,,,,,128,65,0,,,,,1,0,0,,,,,,,,,,,,,,,,,,,,,
,5350,,,0,66.787392,,,,,,,176,67,22,,,,,1,0,0,,,,,,,,,,,,,,,,,,,,,
313,5351,1,4530,0,66.797808,0.0,0.0,0,F#3,,10,144,54,53,,6013,,,1,0,0,0.8661161858081764,0.21951219512195122,0.8250883382199675,0.2689075294117647,1,0.025595,0.071816,0.044049874999999995,0.01022014888880661,1.125,5.125,2.2,0.9286246550679128,0.0,98.678692,78.970034825,15.870989294538122,0.0,4.25,1.0684236,1.0620049096008408
,5352,,,0,66.800412,,,,,,,176,64,110,,,,,1,0,0,,,,,,,,,,,,,,,,,,,,,
,5353,,,0,66.808224,,,,,,,176,64,108,,,,,1,0,0,,,,,,,,,,,,,,,,,,,,,
,5354,,,0,66.818640,,,,,,,176,64,110,,,,,1,0,0,,,,,,,,,,,,,,,,,,,,,
,5355,,,0,66.829056,,,,,,,176,64,109,,,,,1,0,0,,,,,,,,,,,,,,,,,,,,,
,5356,,,0,66.829056,,,,,,,176,67,21,,,,,1,0,0,,,,,,,,,,,,,,,,,,,,,
,5357,,,0,66.839472,,,,,,,176,64,110,,,,,1,0,0,,,,,,,,,,,,,,,,,,,,,
,5358,,,0,66.839472,,,,,,,176,67,22,,,,,1,0,0,,,,,,,,,,,,,,,,,,,,,
,5359,,,0,66.847284,,,,,,,176,64,109,,,,,1,0,0,,,,,,,,,,,,,,,,,,,,,
,5360,,,0,66.847284,,,,,,,176,67,23,,,,,1,0,0,,,,,,,,,,,,,,,,,,,,,
,5361,,,0,66.857700,,,,,,,176,67,25,,,,,1,0,0,,,,,,,,,,,,,,,,,,,,,
,5362,,,0,66.868116,,,,,,,176,64,110,,,,,1,0,0,,,,,,,,,,,,,,,,,,,,,
,5363,,,0,66.870720,,,,,,,176,67,24,,,,,1,0,0,,,,,,,,,,,,,,,,,,,,,
,5364,,,0,66.878532,,,,,,,176,64,109,,,,,1,0,0,,,,,,,,,,,,,,,,,,,,,
,5365,,,0,66.881136,,,,,,,176,67,25,,,,,1,0,0,,,,,,,,,,,,,,,,,,,,,
,5366,,,0,66.888948,,,,,,,176,67,26,,,,,1,0,0,,,,,,,,,,,,,,,,,,,,,
,5367,,,0,66.899364,,,,,,,176,64,110,,,,,1,0,0,,,,,,,,,,,,,,,,,,,,,
,5368,,,0,66.899364,,,,,,,176,67,25,,,,,1,0,0,,,,,,,,,,,,,,,,,,,,,
,5369,,,0,66.907176,,,,,,,176,67,26,,,,,1,0,0,,,,,,,,,,,,,,,,,,,,,
,5370,,,0,66.928008,,,,,,,176,67,27,,,,,1,0,0,,,,,,,,,,,,,,,,,,,,,
,5371,,,0,66.938424,,,,,,,176,64,109,,,,,1,0,0,,,,,,,,,,,,,,,,,,,,,
,5372,,,0,66.946236,,,,,,,128,54,0,,,,,1,0,0,,,,,,,,,,,,,,,,,,,,,
,5373,,,0,66.948840,,,,,,,176,64,110,,,,,1,0,0,,,,,,,,,,,,,,,,,,,,,
,5374,,,0,66.959256,,,,,,,176,64,108,,,,,1,0,0,,,,,,,,,,,,,,,,,,,,,
,5375,,,0,66.959256,,,,,,,176,67,33,,,,,1,0,0,,,,,,,,,,,,,,,,,,,,,
,5376,,,0,66.969672,,,,,,,176,64,109,,,,,1,0,0,,,,,,,,,,,,,,,,,,,,,
,5377,,,0,66.969672,,,,,,,176,67,38,,,,,1,0,0,,,,,,,,,,,,,,,,,,,,,
,5378,,,0,66.977484,,,,,,,176,64,111,,,,,1,0,0,,,,,,,,,,,,,,,,,,,,,
,5379,,,0,66.980088,,,,,,,176,67,40,,,,,1,0,0,,,,,,,,,,,,,,,,,,,,,
,5380,,,0,66.987900,,,,,,,176,64,109,,,,,1,0,0,,,,,,,,,,,,,,,,,,,,,
,5381,,,0,66.990504,,,,,,,176,67,46,,,,,1,0,0,,,,,,,,,,,,,,,,,,,,,
,5382,,,0,66.998316,,,,,,,176,64,111,,,,,1,0,0,,,,,,,,,,,,,,,,,,,,,
,5383,,,0,66.998316,,,,,,,176,67,47,,,,,1,0,0,,,,,,,,,,,,,,,,,,,,,
313,5384,1,4531,0,67.006128,0.0,0.0,0,D4,,14,144,62,74,,6013,,,1,0,0,0.8661161858081764,0.21951219512195122,0.8250883382199675,0.2689075294117647,1,0.025595,0.071816,0.044049874999999995,0.01022014888880661,1.125,5.125,2.2,0.9286246550679128,0.0,98.678692,78.970034825,15.870989294538122,0.0,4.25,1.0684236,1.0620049096008408
,5385,,,0,67.008732,,,,,,,176,64,110,,,,,1,0,0,,,,,,,,,,,,,,,,,,,,,
,5386,,,0,67.008732,,,,,,,176,67,52,,,,,1,0,0,,,,,,,,,,,,,,,,,,,,,
313,5387,1,4531,0,67.016544,0.0,0.0,0,F#5,,14,144,78,74,,6013,,,1,0,0,0.8661161858081764,0.21951219512195122,0.8250883382199675,0.2689075294117647,1,0.025595,0.071816,0.044049874999999995,0.01022014888880661,1.125,5.125,2.2,0.9286246550679128,0.0,98.678692,78.970034825,15.870989294538122,0.0,4.25,1.0684236,1.0620049096008408
313,5388,1,4531,0,67.016544,0.0,0.0,0,C3,,8,144,48,42,,6013,,,1,0,0,0.8661161858081764,0.21951219512195122,0.8250883382199675,0.2689075294117647,1,0.025595,0.071816,0.044049874999999995,0.01022014888880661,1.125,5.125,2.2,0.9286246550679128,0.0,98.678692,78.970034825,15.870989294538122,0.0,4.25,1.0684236,1.0620049096008408
,5389,,,0,67.019148,,,,,,,176,64,111,,,,,1,0,0,,,,,,,,,,,,,,,,,,,,,
,5390,,,0,67.019148,,,,,,,176,67,54,,,,,1,0,0,,,,,,,,,,,,,,,,,,,,,
313,5391,1,4531,0,67.026960,0.0,0.0,0,A#4,,14,144,70,74,,6013,,,1,0,0,0.8661161858081764,0.21951219512195122,0.8250883382199675,0.2689075294117647,1,0.025595,0.071816,0.044049874999999995,0.01022014888880661,1.125,5.125,2.2,0.9286246550679128,0.0,98.678692,78.970034825,15.870989294538122,0.0,4.25,1.0684236,1.0620049096008408
,5392,,,0,67.029564,,,,,,,176,67,53,,,,,1,0,0,,,,,,,,,,,,,,,,,,,,,
,5393,,,0,67.037376,,,,,,,176,67,60,,,,,1,0,0,,,,,,,,,,,,,,,,,,,,,
,5394,,,0,67.047792,,,,,,,176,64,110,,,,,1,0,0,,,,,,,,,,,,,,,,,,,,,
,5395,,,0,67.050396,,,,,,,176,67,63,,,,,1,0,0,,,,,,,,,,,,,,,,,,,,,
,5396,,,0,67.058208,,,,,,,176,64,111,,,,,1,0,0,,,,,,,,,,,,,,,,,,,,,
,5397,,,0,67.058208,,,,,,,176,67,71,,,,,1,1,0,,,,,,,,,,,,,,,,,,,,,
,5398,,,0,67.068624,,,,,,,176,67,80,,,,,1,1,0,,,,,,,,,,,,,,,,,,,,,
,5399,,,0,67.079040,,,,,,,176,67,91,,,,,1,1,0,,,,,,,,,,,,,,,,,,,,,
,5400,,,0,67.089456,,,,,,,176,67,104,,,,,1,1,0,,,,,,,,,,,,,,,,,,,,,
,5401,,,0,67.097268,,,,,,,176,64,110,,,,,1,1,0,,,,,,,,,,,,,,,,,,,,,
,5402,,,0,67.099872,,,,,,,176,67,117,,,,,1,1,0,,,,,,,,,,,,,,,,,,,,,
,5403,,,0,67.107684,,,,,,,176,64,111,,,,,1,1,0,,,,,,,,,,,,,,,,,,,,,
,5404,,,0,67.110288,,,,,,,176,67,127,,,,,1,1,0,,,,,,,,,,,,,,,,,,,,,
313,5405,1,4531,0,67.115496,0.0,0.0,0,D#3,,14,144,51,74,,6013,,,1,1,0,0.8661161858081764,0.21951219512195122,0.8250883382199675,0.2689075294117647,1,0.025595,0.071816,0.044049874999999995,0.01022014888880661,1.125,5.125,2.2,0.9286246550679128,0.0,98.678692,78.970034825,15.870989294538122,0.0,4.25,1.0684236,1.0620049096008408
,5406,,,0,67.177992,,,,,,,176,64,110,,,,,1,1,0,,,,,,,,,,,,,,,,,,,,,
,5407,,,0,67.188408,,,,,,,176,64,111,,,,,1,1,0,,,,,,,,,,,,,,,,,,,,,
,5408,,,0,67.206636,,,,,,,128,70,0,,,,,1,1,0,,,,,,,,,,,,,,,,,,,,,
,5409,,,0,67.217052,,,,,,,176,64,110,,,,,1,1,0,,,,,,,,,,,,,,,,,,,,,
,5410,,,0,67.227468,,,,,,,176,64,111,,,,,1,1,0,,,,,,,,,,,,,,,,,,,,,
,5411,,,0,67.248300,,,,,,,128,62,0,,,,,1,1,0,,,,,,,,,,,,,,,,,,,,,
313,5412,1,4532,0,67.253508,0.0,0.0,0,G#3,,6,144,56,32,,6013,,,1,1,0,0.8661161858081764,0.21951219512195122,0.8250883382199675,0.2689075294117647,1,0.025595,0.071816,0.044049874999999995,0.01022014888880661,1.125,5.125,2.2,0.9286246550679128,0.0,98.678692,78.970034825,15.870989294538122,0.0,4.25,1.0684236,1.0620049096008408
,5413,,,0,67.256112,,,,,,,128,78,0,,,,,1,1,0,,,,,,,,,,,,,,,,,,,,,
,5414,,,0,67.276944,,,,,,,128,48,0,,,,,1,1,0,,,,,,,,,,,,,,,,,,,,,
,5415,,,0,67.318608,,,,,,,176,64,110,,,,,1,1,0,,,,,,,,,,,,,,,,,,,,,
,5416,,,0,67.329024,,,,,,,176,64,111,,,,,1,1,0,,,,,,,,,,,,,,,,,,,,,
,5417,,,0,67.339440,,,,,,,176,64,110,,,,,1,1,0,,,,,,,,,,,,,,,,,,,,,
,5418,,,0,67.357668,,,,,,,176,64,111,,,,,1,1,0,,,,,,,,,,,,,,,,,,,,,
313,5419,1,4533,0,67.386312,0.0,0.0,0,F#3,,5,144,54,26,,6013,,,1,1,0,0.8661161858081764,0.21951219512195122,0.8250883382199675,0.2689075294117647,1,0.025595,0.071816,0.044049874999999995,0.01022014888880661,1.125,5.125,2.2,0.9286246550679128,0.0,98.678692,78.970034825,15.870989294538122,0.0,4.25,1.0684236,1.0620049096008408
,5420,,,0,67.412352,,,,,,,128,56,0,,,,,1,1,0,,,,,,,,,,,,,,,,,,,,,
,5421,,,0,67.417560,,,,,,,176,64,110,,,,,1,1,0,,,,,,,,,,,,,,,,,,,,,
,5422,,,0,67.427976,,,,,,,128,51,0,,,,,1,1,0,,,,,,,,,,,,,,,,,,,,,
,5423,,,0,67.433184,,,,,,,128,54,0,,,,,1,1,0,,,,,,,,,,,,,,,,,,,,,
,5424,,,0,67.438392,,,,,,,176,64,111,,,,,1,1,0,,,,,,,,,,,,,,,,,,,,,
,5425,,,0,67.467036,,,,,,,176,64,110,,,,,1,1,0,,,,,,,,,,,,,,,,,,,,,
,5426,,,0,67.477452,,,,,,,176,64,111,,,,,1,1,0,,,,,,,,,,,,,,,,,,,,,
,5427,,,0,67.529532,,,,,,,176,64,110,,,,,1,1,0,,,,,,,,,,,,,,,,,,,,,
,5428,,,0,67.537344,,,,,,,176,64,111,,,,,1,1,0,,,,,,,,,,,,,,,,,,,,,
,5429,,,0,67.579008,,,,,,,176,64,110,,,,,1,1,0,,,,,,,,,,,,,,,,,,,,,
,5430,,,0,67.597236,,,,,,,176,64,111,,,,,1,1,0,,,,,,,,,,,,,,,,,,,,,
,5431,,,0,67.618068,,,,,,,176,64,110,,,,,1,1,0,,,,,,,,,,,,,,,,,,,,,
,5432,,,0,67.628484,,,,,,,176,64,113,,,,,1,1,0,,,,,,,,,,,,,,,,,,,,,
,5433,,,0,67.638900,,,,,,,176,64,111,,,,,1,1,0,,,,,,,,,,,,,,,,,,,,,
,5434,,,0,67.649316,,,,,,,176,64,114,,,,,1,1,0,,,,,,,,,,,,,,,,,,,,,
,5435,,,0,67.649316,,,,,,,176,67,114,,,,,1,1,0,,,,,,,,,,,,,,,,,,,,,
,5436,,,0,67.657128,,,,,,,176,64,112,,,,,1,1,0,,,,,,,,,,,,,,,,,,,,,
,5437,,,0,67.659732,,,,,,,176,67,96,,,,,1,1,0,,,,,,,,,,,,,,,,,,,,,
,5438,,,0,67.667544,,,,,,,176,64,113,,,,,1,1,0,,,,,,,,,,,,,,,,,,,,,
,5439,,,0,67.670148,,,,,,,176,67,83,,,,,1,1,0,,,,,,,,,,,,,,,,,,,,,
,5440,,,0,67.677960,,,,,,,176,64,112,,,,,1,1,0,,,,,,,,,,,,,,,,,,,,,
,5441,,,0,67.680564,,,,,,,176,67,72,,,,,1,1,0,,,,,,,,,,,,,,,,,,,,,
,5442,,,0,67.688376,,,,,,,176,64,113,,,,,1,1,0,,,,,,,,,,,,,,,,,,,,,
,5443,,,0,67.688376,,,,,,,176,67,61,,,,,1,0,0,,,,,,,,,,,,,,,,,,,,,
,5444,,,0,67.698792,,,,,,,176,64,114,,,,,1,0,0,,,,,,,,,,,,,,,,,,,,,
,5445,,,0,67.698792,,,,,,,176,67,44,,,,,1,0,0,,,,,,,,,,,,,,,,,,,,,
,5446,,,0,67.709208,,,,,,,176,67,25,,,,,1,0,0,,,,,,,,,,,,,,,,,,,,,
,5447,,,0,67.717020,,,,,,,176,64,115,,,,,1,0,0,,,,,,,,,,,,,,,,,,,,,
,5448,,,0,67.719624,,,,,,,176,67,20,,,,,1,0,0,,,,,,,,,,,,,,,,,,,,,
,5449,,,0,67.727436,,,,,,,176,64,114,,,,,1,0,0,,,,,,,,,,,,,,,,,,,,,
,5450,,,0,67.737852,,,,,,,176,64,115,,,,,1,0,0,,,,,,,,,,,,,,,,,,,,,
,5451,,,0,67.748268,,,,,,,176,64,114,,,,,1,0,0,,,,,,,,,,,,,,,,,,,,,
,5452,,,0,67.769100,,,,,,,176,64,115,,,,,1,0,0,,,,,,,,,,,,,,,,,,,,,
,5453,,,0,67.779516,,,,,,,176,64,114,,,,,1,0,0,,,,,,,,,,,,,,,,,,,,,
,5454,,,0,67.797744,,,,,,,176,64,115,,,,,1,0,0,,,,,,,,,,,,,,,,,,,,,
,5455,,,0,67.847220,,,,,,,176,67,19,,,,,1,0,0,,,,,,,,,,,,,,,,,,,,,
,5456,,,0,67.857636,,,,,,,176,67,20,,,,,1,0,0,,,,,,,,,,,,,,,,,,,,,
,5457,,,0,67.870656,,,,,,,176,64,114,,,,,1,0,0,,,,,,,,,,,,,,,,,,,,,
,5458,,,0,67.878468,,,,,,,176,64,111,,,,,1,0,0,,,,,,,,,,,,,,,,,,,,,
313,5459,1,4534,0,67.881072,0.0,0.0,0,D5,,11,144,74,58,,6013,,,1,0,0,0.8661161858081764,0.21951219512195122,0.8250883382199675,0.2689075294117647,1,0.025595,0.071816,0.044049874999999995,0.01022014888880661,1.125,5.125,2.2,0.9286246550679128,0.0,98.678692,78.970034825,15.870989294538122,0.0,4.25,1.0684236,1.0620049096008408
313,5460,1,4535,0,67.888884,0.0,0.0,0,E6,,12,144,88,64,,6013,,,1,0,0,0.8661161858081764,0.21951219512195122,0.8250883382199675,0.2689075294117647,1,0.025595,0.071816,0.044049874999999995,0.01022014888880661,1.125,5.125,2.2,0.9286246550679128,0.0,98.678692,78.970034825,15.870989294538122,0.0,4.25,1.0684236,1.0620049096008408
,5461,,,0,67.899300,,,,,,,176,64,105,,,,,1,0,0,,,,,,,,,,,,,,,,,,,,,
,5462,,,0,67.899300,,,,,,,176,67,21,,,,,1,0,0,,,,,,,,,,,,,,,,,,,,,
,5463,,,0,67.907112,,,,,,,176,64,97,,,,,1,0,0,,,,,,,,,,,,,,,,,,,,,
,5464,,,0,67.909716,,,,,,,176,67,20,,,,,1,0,0,,,,,,,,,,,,,,,,,,,,,
,5465,,,0,67.917528,,,,,,,176,64,80,,,,,1,0,0,,,,,,,,,,,,,,,,,,,,,
,5466,,,0,67.920132,,,,,,,176,67,21,,,,,1,0,0,,,,,,,,,,,,,,,,,,,,,
,5467,,,0,67.927944,,,,,,,176,64,59,,,,,0,0,0,,,,,,,,,,,,,,,,,,,,,
,5468,,,0,67.930548,,,,,,,176,67,20,,,,,0,0,0,,,,,,,,,,,,,,,,,,,,,
,5469,,,0,67.938360,,,,,,,176,64,41,,,,,0,0,0,,,,,,,,,,,,,,,,,,,,,
,5470,,,0,67.938360,,,,,,,176,67,21,,,,,0,0,0,,,,,,,,,,,,,,,,,,,,,
,5471,,,0,67.948776,,,,,,,176,64,32,,,,,0,0,0,,,,,,,,,,,,,,,,,,,,,
,5472,,,0,67.948776,,,,,,,176,67,20,,,,,0,0,0,,,,,,,,,,,,,,,,,,,,,
,5473,,,0,67.959192,,,,,,,176,64,31,,,,,0,0,0,,,,,,,,,,,,,,,,,,,,,
,5474,,,0,67.959192,,,,,,,176,67,22,,,,,0,0,0,,,,,,,,,,,,,,,,,,,,,
313,5475,1,4536,0,67.964400,0.0,0.0,0,F#7,,12,144,102,64,,6013,,,0,0,0,0.8661161858081764,0.21951219512195122,0.8250883382199675,0.2689075294117647,1,0.025595,0.071816,0.044049874999999995,0.01022014888880661,1.125,5.125,2.2,0.9286246550679128,0.0,98.678692,78.970034825,15.870989294538122,0.0,4.25,1.0684236,1.0620049096008408
,5476,,,0,67.967004,,,,,,,176,64,35,,,,,0,0,0,,,,,,,,,,,,,,,,,,,,,
,5477,,,0,67.969608,,,,,,,176,67,26,,,,,0,0,0,,,,,,,,,,,,,,,,,,,,,
,5478,,,0,67.977420,,,,,,,176,67,27,,,,,0,0,0,,,,,,,,,,,,,,,,,,,,,
,5479,,,0,67.998252,,,,,,,176,64,41,,,,,0,0,0,,,,,,,,,,,,,,,,,,,,,
,5480,,,0,68.008668,,,,,,,176,64,48,,,,,0,0,0,,,,,,,,,,,,,,,,,,,,,
,5481,,,0,68.019084,,,,,,,176,64,55,,,,,0,0,0,,,,,,,,,,,,,,,,,,,,,
,5482,,,0,68.019084,,,,,,,176,67,26,,,,,0,0,0,,,,,,,,,,,,,,,,,,,,,
,5483,,,0,68.029500,,,,,,,176,64,66,,,,,1,0,0,,,,,,,,,,,,,,,,,,,,,
,5484,,,0,68.029500,,,,,,,176,67,27,,,,,1,0,0,,,,,,,,,,,,,,,,,,,,,
,5485,,,0,68.037312,,,,,,,176,64,80,,,,,1,0,0,,,,,,,,,,,,,,,,,,,,,
,5486,,,0,68.047728,,,,,,,176,64,96,,,,,1,0,0,,,,,,,,,,,,,,,,,,,,,
,5487,,,0,68.058144,,,,,,,128,89,0,,,,,1,0,0,,,,,,,,,,,,,,,,,,,,,
,5488,,,0,68.060748,,,,,,,176,64,112,,,,,1,0,0,,,,,,,,,,,,,,,,,,,,,
,5489,,,0,68.063352,,,,,,,176,67,26,,,,,1,0,0,,,,,,,,,,,,,,,,,,,,,
,5490,,,0,68.068560,,,,,,,176,64,118,,,,,1,0,0,,,,,,,,,,,,,,,,,,,,,
,5491,,,0,68.071164,,,,,,,176,67,27,,,,,1,0,0,,,,,,,,,,,,,,,,,,,,,
,5492,,,0,68.076372,,,,,,,128,88,0,,,,,1,0,0,,,,,,,,,,,,,,,,,,,,,
,5493,,,0,68.078976,,,,,,,176,64,114,,,,,1,0,0,,,,,,,,,,,,,,,,,,,,,
,5494,,,0,68.078976,,,,,,,176,67,26,,,,,1,0,0,,,,,,,,,,,,,,,,,,,,,
,5495,,,0,68.089392,,,,,,,176,64,111,,,,,1,0,0,,,,,,,,,,,,,,,,,,,,,
,5496,,,0,68.089392,,,,,,,176,67,27,,,,,1,0,0,,,,,,,,,,,,,,,,,,,,,
,5497,,,0,68.097204,,,,,,,128,102,0,,,,,1,0,0,,,,,,,,,,,,,,,,,,,,,
,5498,,,0,68.097204,,,,,,,176,64,113,,,,,1,0,0,,,,,,,,,,,,,,,,,,,,,
,5499,,,0,68.107620,,,,,,,176,64,115,,,,,1,0,0,,,,,,,,,,,,,,,,,,,,,
,5500,,,0,68.110224,,,,,,,176,67,26,,,,,1,0,0,,,,,,,,,,,,,,,,,,,,,
,5501,,,0,68.118036,,,,,,,176,67,27,,,,,1,0,0,,,,,,,,,,,,,,,,,,,,,
,5502,,,0,68.128452,,,,,,,176,67,26,,,,,1,0,0,,,,,,,,,,,,,,,,,,,,,
,5503,,,0,68.138868,,,,,,,176,64,114,,,,,1,0,0,,,,,,,,,,,,,,,,,,,,,
,5504,,,0,68.141472,,,,,,,176,67,27,,,,,1,0,0,,,,,,,,,,,,,,,,,,,,,
,5505,,,0,68.149284,,,,,,,176,64,115,,,,,1,0,0,,,,,,,,,,,,,,,,,,,,,
,5506,,,0,68.151888,,,,,,,176,67,26,,,,,1,0,0,,,,,,,,,,,,,,,,,,,,,
,5507,,,0,68.157096,,,,,,,176,64,114,,,,,1,0,0,,,,,,,,,,,,,,,,,,,,,
,5508,,,0,68.159700,,,,,,,176,67,27,,,,,1,0,0,,,,,,,,,,,,,,,,,,,,,
,5509,,,0,68.167512,,,,,,,176,64,115,,,,,1,0,0,,,,,,,,,,,,,,,,,,,,,
,5510,,,0,68.170116,,,,,,,176,67,26,,,,,1,0,0,,,,,,,,,,,,,,,,,,,,,
,5511,,,0,68.177928,,,,,,,176,64,114,,,,,1,0,0,,,,,,,,,,,,,,,,,,,,,
,5512,,,0,68.180532,,,,,,,176,67,27,,,,,1,0,0,,,,,,,,,,,,,,,,,,,,,
,5513,,,0,68.188344,,,,,,,176,64,115,,,,,1,0,0,,,,,,,,,,,,,,,,,,,,,
,5514,,,0,68.188344,,,,,,,176,67,26,,,,,1,0,0,,,,,,,,,,,,,,,,,,,,,
,5515,,,0,68.198760,,,,,,,176,64,114,,,,,1,0,0,,,,,,,,,,,,,,,,,,,,,
,5516,,,0,68.209176,,,,,,,176,64,115,,,,,1,0,0,,,,,,,,,,,,,,,,,,,,,
,5517,,,0,68.219592,,,,,,,176,64,114,,,,,1,0,0,,,,,,,,,,,,,,,,,,,,,
,5518,,,0,68.219592,,,,,,,176,67,25,,,,,1,0,0,,,,,,,,,,,,,,,,,,,,,
,5519,,,0,68.230008,,,,,,,176,67,24,,,,,1,0,0,,,,,,,,,,,,,,,,,,,,,
,5520,,,0,68.240424,,,,,,,176,64,115,,,,,1,0,0,,,,,,,,,,,,,,,,,,,,,
,5521,,,0,68.248236,,,,,,,176,64,114,,,,,1,0,0,,,,,,,,,,,,,,,,,,,,,
,5522,,,0,68.248236,,,,,,,176,67,22,,,,,1,0,0,,,,,,,,,,,,,,,,,,,,,
,5523,,,0,68.258652,,,,,,,176,64,115,,,,,1,0,0,,,,,,,,,,,,,,,,,,,,,
,5524,,,0,68.258652,,,,,,,176,67,21,,,,,1,0,0,,,,,,,,,,,,,,,,,,,,,
,5525,,,0,68.269068,,,,,,,176,67,22,,,,,1,0,0,,,,,,,,,,,,,,,,,,,,,
,5526,,,0,68.279484,,,,,,,176,64,114,,,,,1,0,0,,,,,,,,,,,,,,,,,,,,,
,5527,,,0,68.279484,,,,,,,176,67,21,,,,,1,0,0,,,,,,,,,,,,,,,,,,,,,
,5528,,,0,68.279484,,,,,,,128,74,0,,,,,1,0,0,,,,,,,,,,,,,,,,,,,,,
,5529,,,0,68.287296,,,,,,,176,64,115,,,,,1,0,0,,,,,,,,,,,,,,,,,,,,,
,5530,,,0,68.289900,,,,,,,176,67,22,,,,,1,0,0,,,,,,,,,,,,,,,,,,,,,
,5531,,,0,68.297712,,,,,,,176,67,20,,,,,1,0,0,,,,,,,,,,,,,,,,,,,,,
,5532,,,0,68.308128,,,,,,,176,67,22,,,,,1,0,0,,,,,,,,,,,,,,,,,,,,,
,5533,,,0,68.318544,,,,,,,176,64,114,,,,,1,0,0,,,,,,,,,,,,,,,,,,,,,
,5534,,,0,68.318544,,,,,,,176,67,20,,,,,1,0,0,,,,,,,,,,,,,,,,,,,,,
,5535,,,0,68.328960,,,,,,,176,64,115,,,,,1,0,0,,,,,,,,,,,,,,,,,,,,,
,5536,,,0,68.339376,,,,,,,176,64,114,,,,,1,0,0,,,,,,,,,,,,,,,,,,,,,
,5537,,,0,68.339376,,,,,,,176,67,21,,,,,1,0,0,,,,,,,,,,,,,,,,,,,,,
,5538,,,0,68.347188,,,,,,,176,67,20,,,,,1,0,0,,,,,,,,,,,,,,,,,,,,,
,5539,,,0,68.368020,,,,,,,176,64,115,,,,,1,0,0,,,,,,,,,,,,,,,,,,,,,
,5540,,,0,68.368020,,,,,,,176,67,21,,,,,1,0,0,,,,,,,,,,,,,,,,,,,,,
,5541,,,0,68.378436,,,,,,,176,67,20,,,,,1,0,0,,,,,,,,,,,,,,,,,,,,,
313,5542,1,4537,0,68.386248,0.0,0.0,0,D#4,,13,144,63,69,,6013,,,1,0,0,0.8661161858081764,0.21951219512195122,0.8250883382199675,0.2689075294117647,1,0.025595,0.071816,0.044049874999999995,0.01022014888880661,1.125,5.125,2.2,0.9286246550679128,0.0,98.678692,78.970034825,15.870989294538122,0.0,4.25,1.0684236,1.0620049096008408
,5543,,,0,68.407080,,,,,,,176,64,114,,,,,1,0,0,,,,,,,,,,,,,,,,,,,,,
,5544,,,0,68.417496,,,,,,,176,64,115,,,,,1,0,0,,,,,,,,,,,,,,,,,,,,,
,5545,,,0,68.448744,,,,,,,176,64,114,,,,,1,0,0,,,,,,,,,,,,,,,,,,,,,
,5546,,,0,68.459160,,,,,,,176,64,115,,,,,1,0,0,,,,,,,,,,,,,,,,,,,,,
,5547,,,0,68.529468,,,,,,,176,64,114,,,,,1,0,0,,,,,,,,,,,,,,,,,,,,,
,5548,,,0,68.537280,,,,,,,176,64,115,,,,,1,0,0,,,,,,,,,,,,,,,,,,,,,
313,5549,1,4538,0,68.545092,0.0,0.0,0,A#5,,14,144,82,74,,6013,,,1,0,0,0.8661161858081764,0.21951219512195122,0.8250883382199675,0.2689075294117647,1,0.025595,0.071816,0.044049874999999995,0.01022014888880661,1.125,5.125,2.2,0.9286246550679128,0.0,98.678692,78.970034825,15.870989294538122,0.0,4.25,1.0684236,1.0620049096008408
,5550,,,0,68.552904,,,,,,,128,63,0,,,,,1,0,0,,,,,,,,,,,,,,,,,,,,,
,5551,,,0,68.558112,,,,,,,176,64,114,,,,,1,0,0,,,,,,,,,,,,,,,,,,,,,
,5552,,,0,68.568528,,,,,,,176,64,115,,,,,1,0,0,,,,,,,,,,,,,,,,,,,,,
,5553,,,0,68.578944,,,,,,,176,64,114,,,,,1,0,0,,,,,,,,,,,,,,,,,,,,,
,5554,,,0,68.589360,,,,,,,176,64,113,,,,,1,0,0,,,,,,,,,,,,,,,,,,,,,
,5555,,,0,68.597172,,,,,,,176,64,114,,,,,1,0,0,,,,,,,,,,,,,,,,,,,,,
,5556,,,0,68.607588,,,,,,,176,64,115,,,,,1,0,0,,,,,,,,,,,,,,,,,,,,,
,5557,,,0,68.649252,,,,,,,176,64,114,,,,,1,0,0,,,,,,,,,,,,,,,,,,,,,
,5558,,,0,68.657064,,,,,,,176,64,115,,,,,1,0,0,,,,,,,,,,,,,,,,,,,,,
,5559,,,0,68.659668,,,,,,,176,67,19,,,,,1,0,0,,,,,,,,,,,,,,,,,,,,,
,5560,,,0,68.667480,,,,,,,176,67,20,,,,,1,0,0,,,,,,,,,,,,,,,,,,,,,
313,5561,1,4539,0,68.685708,0.0,0.0,0,F#6,,16,144,90,85,,6013,,,1,0,0,0.8661161858081764,0.21951219512195122,0.8250883382199675,0.2689075294117647,1,0.025595,0.071816,0.044049874999999995,0.01022014888880661,1.125,5.125,2.2,0.9286246550679128,0.0,98.678692,78.970034825,15.870989294538122,0.0,4.25,1.0684236,1.0620049096008408
,5562,,,0,68.716956,,,,,,,176,64,114,,,,,1,0,0,,,,,,,,,,,,,,,,,,,,,
,5563,,,0,68.737788,,,,,,,176,64,115,,,,,1,0,0,,,,,,,,,,,,,,,,,,,,,
,5564,,,0,68.748204,,,,,,,128,82,0,,,,,1,0,0,,,,,,,,,,,,,,,,,,,,,
,5565,,,0,68.761224,,,,,,,128,92,0,,,,,1,0,0,,,,,,,,,,,,,,,,,,,,,
,5566,,,0,68.769036,,,,,,,176,64,114,,,,,1,0,0,,,,,,,,,,,,,,,,,,,,,
,5567,,,0,68.779452,,,,,,,128,90,0,,,,,1,0,0,,,,,,,,,,,,,,,,,,,,,
,5568,,,0,68.779452,,,,,,,176,64,115,,,,,1,0,0,,,,,,,,,,,,,,,,,,,,,
313,5569,1,4540,0,68.852364,0.0,0.0,0,D#4,,17,144,63,90,,6013,,,1,0,0,0.8661161858081764,0.21951219512195122,0.8250883382199675,0.2689075294117647,1,0.025595,0.071816,0.044049874999999995,0.01022014888880661,1.125,5.125,2.2,0.9286246550679128,0.0,98.678692,78.970034825,15.870989294538122,0.0,4.25,1.0684236,1.0620049096008408
,5570,,,0,68.857572,,,,,,,176,64,114,,,,,1,0,0,,,,,,,,,,,,,,,,,,,,,
,5571,,,0,68.867988,,,,,,,176,64,115,,,,,1,0,0,,,,,,,,,,,,,,,,,,,,,
,5572,,,0,68.878404,,,,,,,176,64,114,,,,,1,0,0,,,,,,,,,,,,,,,,,,,,,
,5573,,,0,68.888820,,,,,,,176,64,115,,,,,1,0,0,,,,,,,,,,,,,,,,,,,,,
,5574,,,0,68.899236,,,,,,,176,64,114,,,,,1,0,0,,,,,,,,,,,,,,,,,,,,,
,5575,,,0,68.912256,,,,,,,128,63,0,,,,,1,0,0,,,,,,,,,,,,,,,,,,,,,
,5576,,,0,68.917464,,,,,,,176,64,115,,,,,1,0,0,,,,,,,,,,,,,,,,,,,,,
,5577,,,0,68.938296,,,,,,,176,64,114,,,,,1,0,0,,,,,,,,,,,,,,,,,,,,,
,5578,,,0,68.948712,,,,,,,176,64,115,,,,,1,0,0,,,,,,,,,,,,,,,,,,,,,
,5579,,,0,68.987772,,,,,,,176,64,114,,,,,1,0,0,,,,,,,,,,,,,,,,,,,,,
,5580,,,0,68.998188,,,,,,,176,64,115,,,,,1,0,0,,,,,,,,,,,,,,,,,,,,,
,5581,,,0,69.047664,,,,,,,176,64,114,,,,,1,0,0,,,,,,,,,,,,,,,,,,,,,
,5582,,,0,69.068496,,,,,,,176,64,115,,,,,1,0,0,,,,,,,,,,,,,,,,,,,,,
,5583,,,0,69.078912,,,,,,,176,64,114,,,,,1,0,0,,,,,,,,,,,,,,,,,,,,,
,5584,,,0,69.089328,,,,,,,176,64,115,,,,,1,0,0,,,,,,,,,,,,,,,,,,,,,
,5585,,,0,69.097140,,,,,,,176,64,114,,,,,1,0,0,,,,,,,,,,,,,,,,,,,,,
,5586,,,0,69.117972,,,,,,,176,64,115,,,,,1,0,0,,,,,,,,,,,,,,,,,,,,,
,5587,,,0,69.138804,,,,,,,176,64,114,,,,,1,0,0,,,,,,,,,,,,,,,,,,,,,
,5588,,,0,69.149220,,,,,,,176,64,115,,,,,1,0,0,,,,,,,,,,,,,,,,,,,,,
,5589,,,0,69.188280,,,,,,,176,64,114,,,,,1,0,0,,,,,,,,,,,,,,,,,,,,,
,5590,,,0,69.198696,,,,,,,176,64,115,,,,,1,0,0,,,,,,,,,,,,,,,,,,,,,
,5591,,,0,69.227340,,,,,,,176,64,114,,,,,1,0,0,,,,,,,,,,,,,,,,,,,,,
,5592,,,0,69.258588,,,,,,,176,64,115,,,,,1,0,0,,,,,,,,,,,,,,,,,,,,,
,5593,,,0,69.318480,,,,,,,176,64,114,,,,,1,0,0,,,,,,,,,,,,,,,,,,,,,
,5594,,,0,69.321084,,,,,,,176,67,19,,,,,1,0,0,,,,,,,,,,,,,,,,,,,,,
,5595,,,0,69.328896,,,,,,,176,64,115,,,,,1,0,0,,,,,,,,,,,,,,,,,,,,,
,5596,,,0,69.328896,,,,,,,176,67,20,,,,,1,0,0,,,,,,,,,,,,,,,,,,,,,
,5597,,,0,69.339312,,,,,,,176,64,114,,,,,1,0,0,,,,,,,,,,,,,,,,,,,,,
,5598,,,0,69.347124,,,,,,,176,64,115,,,,,1,0,0,,,,,,,,,,,,,,,,,,,,,
,5599,,,0,69.417432,,,,,,,176,64,114,,,,,1,0,0,,,,,,,,,,,,,,,,,,,,,
,5600,,,0,69.448680,,,,,,,176,64,115,,,,,1,0,0,,,,,,,,,,,,,,,,,,,,,
314,5601,1,4541,0,69.453888,0.0,0.0,0,F#4,,5,144,66,26,,6013,,,1,0,0,0.8661161858081764,0.21951219512195122,0.8250883382199675,0.2689075294117647,1,0.025595,0.071816,0.044049874999999995,0.01022014888880661,1.125,5.125,2.2,0.9286246550679128,0.0,98.678692,78.970034825,15.870989294538122,0.0,4.25,1.0684236,1.0620049096008408
314,5602,1,4541,0,69.464304,0.0,0.0,0,F4,,5,144,65,26,,6013,,,1,0,0,0.8661161858081764,0.21951219512195122,0.8250883382199675,0.2689075294117647,1,0.025595,0.071816,0.044049874999999995,0.01022014888880661,1.125,5.125,2.2,0.9286246550679128,0.0,98.678692,78.970034825,15.870989294538122,0.0,4.25,1.0684236,1.0620049096008408
314,5603,1,4541,0,69.485136,0.0,0.0,0,G#1,,5,144,32,26,,6013,,,1,0,0,0.8661161858081764,0.21951219512195122,0.8250883382199675,0.2689075294117647,1,0.025595,0.071816,0.044049874999999995,0.01022014888880661,1.125,5.125,2.2,0.9286246550679128,0.0,98.678692,78.970034825,15.870989294538122,0.0,4.25,1.0684236,1.0620049096008408
314,5604,1,4541,0,69.498156,0.0,0.0,0,E1,,5,144,28,26,,6013,,,1,0,0,0.8661161858081764,0.21951219512195122,0.8250883382199675,0.2689075294117647,1,0.025595,0.071816,0.044049874999999995,0.01022014888880661,1.125,5.125,2.2,0.9286246550679128,0.0,98.678692,78.970034825,15.870989294538122,0.0,4.25,1.0684236,1.0620049096008408
314,5605,1,4541,0,69.500760,0.0,0.0,0,C2,,5,144,36,26,,6013,,,1,0,0,0.8661161858081764,0.21951219512195122,0.8250883382199675,0.2689075294117647,1,0.025595,0.071816,0.044049874999999995,0.01022014888880661,1.125,5.125,2.2,0.9286246550679128,0.0,98.678692,78.970034825,15.870989294538122,0.0,4.25,1.0684236,1.0620049096008408
,5606,,,0,69.518988,,,,,,,176,64,114,,,,,1,0,0,,,,,,,,,,,,,,,,,,,,,
,5607,,,0,69.537216,,,,,,,176,64,113,,,,,1,0,0,,,,,,,,,,,,,,,,,,,,,
,5608,,,0,69.550236,,,,,,,176,64,111,,,,,1,0,0,,,,,,,,,,,,,,,,,,,,,
,5609,,,0,69.558048,,,,,,,176,64,108,,,,,1,0,0,,,,,,,,,,,,,,,,,,,,,
,5610,,,0,69.568464,,,,,,,176,64,100,,,,,1,0,0,,,,,,,,,,,,,,,,,,,,,
,5611,,,0,69.578880,,,,,,,176,64,85,,,,,1,0,0,,,,,,,,,,,,,,,,,,,,,
,5612,,,0,69.589296,,,,,,,176,64,63,,,,,0,0,0,,,,,,,,,,,,,,,,,,,,,
,5613,,,0,69.597108,,,,,,,176,64,39,,,,,0,0,0,,,,,,,,,,,,,,,,,,,,,
,5614,,,0,69.610128,,,,,,,176,64,19,,,,,0,0,0,,,,,,,,,,,,,,,,,,,,,
,5615,,,0,69.617940,,,,,,,176,64,10,,,,,0,0,0,,,,,,,,,,,,,,,,,,,,,
,5616,,,0,69.628356,,,,,,,176,64,8,,,,,0,0,0,,,,,,,,,,,,,,,,,,,,,
,5617,,,0,69.677832,,,,,,,176,64,7,,,,,0,0,0,,,,,,,,,,,,,,,,,,,,,
,5618,,,0,69.688248,,,,,,,176,64,8,,,,,0,0,0,,,,,,,,,,,,,,,,,,,,,
,5619,,,0,69.709080,,,,,,,176,64,7,,,,,0,0,0,,,,,,,,,,,,,,,,,,,,,
,5620,,,0,69.716892,,,,,,,176,64,8,,,,,0,0,0,,,,,,,,,,,,,,,,,,,,,
,5621,,,0,69.768972,,,,,,,176,64,7,,,,,0,0,0,,,,,,,,,,,,,,,,,,,,,
,5622,,,0,69.779388,,,,,,,176,64,8,,,,,0,0,0,,,,,,,,,,,,,,,,,,,,,
,5623,,,0,69.797616,,,,,,,176,64,7,,,,,0,0,0,,,,,,,,,,,,,,,,,,,,,
,5624,,,0,69.839280,,,,,,,176,64,8,,,,,0,0,0,,,,,,,,,,,,,,,,,,,,,
,5625,,,0,69.841884,,,,,,,176,66,127,,,,,0,0,1,,,,,,,,,,,,,,,,,,,,,
,5626,,,0,69.906984,,,,,,,176,64,7,,,,,0,0,1,,,,,,,,,,,,,,,,,,,,,
,5627,,,0,69.917400,,,,,,,176,64,8,,,,,0,0,1,,,,,,,,,,,,,,,,,,,,,
,5628,,,0,69.938232,,,,,,,176,64,7,,,,,0,0,1,,,,,,,,,,,,,,,,,,,,,
,5629,,,0,69.948648,,,,,,,176,64,8,,,,,0,0,1,,,,,,,,,,,,,,,,,,,,,
,5630,,,0,70.008540,,,,,,,176,64,11,,,,,0,0,1,,,,,,,,,,,,,,,,,,,,,
,5631,,,0,70.018956,,,,,,,176,64,12,,,,,0,0,1,,,,,,,,,,,,,,,,,,,,,
,5632,,,0,70.029372,,,,,,,176,64,14,,,,,0,0,1,,,,,,,,,,,,,,,,,,,,,
,5633,,,0,70.031976,,,,,,,128,28,0,,,,,0,0,1,,,,,,,,,,,,,,,,,,,,,
,5634,,,0,70.037184,,,,,,,176,64,16,,,,,0,0,1,,,,,,,,,,,,,,,,,,,,,
,5635,,,0,70.042392,,,,,,,128,32,0,,,,,0,0,1,,,,,,,,,,,,,,,,,,,,,
,5636,,,0,70.047600,,,,,,,176,64,19,,,,,0,0,1,,,,,,,,,,,,,,,,,,,,,
,5637,,,0,70.052808,,,,,,,128,36,0,,,,,0,0,1,,,,,,,,,,,,,,,,,,,,,
,5638,,,0,70.058016,,,,,,,176,64,23,,,,,0,0,1,,,,,,,,,,,,,,,,,,,,,
,5639,,,0,70.068432,,,,,,,176,64,24,,,,,0,0,1,,,,,,,,,,,,,,,,,,,,,
,5640,,,0,70.078848,,,,,,,176,64,27,,,,,0,0,1,,,,,,,,,,,,,,,,,,,,,
,5641,,,0,70.097076,,,,,,,176,64,28,,,,,0,0,1,,,,,,,,,,,,,,,,,,,,,
,5642,,,0,70.107492,,,,,,,176,64,27,,,,,0,0,1,,,,,,,,,,,,,,,,,,,,,
,5643,,,0,70.120512,,,,,,,128,65,0,,,,,0,0,1,,,,,,,,,,,,,,,,,,,,,
,5644,,,0,70.123116,,,,,,,128,66,0,,,,,0,0,1,,,,,,,,,,,,,,,,,,,,,
,5645,,,0,70.188216,,,,,,,176,64,31,,,,,0,0,1,,,,,,,,,,,,,,,,,,,,,
,5646,,,0,70.209048,,,,,,,176,64,34,,,,,0,0,1,,,,,,,,,,,,,,,,,,,,,
,5647,,,0,70.216860,,,,,,,176,64,35,,,,,0,0,1,,,,,,,,,,,,,,,,,,,,,
,5648,,,0,70.237692,,,,,,,176,64,37,,,,,0,0,1,,,,,,,,,,,,,,,,,,,,,
,5649,,,0,70.248108,,,,,,,176,64,39,,,,,0,0,1,,,,,,,,,,,,,,,,,,,,,
,5650,,,0,70.258524,,,,,,,176,64,43,,,,,0,0,1,,,,,,,,,,,,,,,,,,,,,
,5651,,,0,70.268940,,,,,,,176,64,45,,,,,0,0,1,,,,,,,,,,,,,,,,,,,,,
,5652,,,0,70.279356,,,,,,,176,64,50,,,,,0,0,1,,,,,,,,,,,,,,,,,,,,,
,5653,,,0,70.287168,,,,,,,176,64,54,,,,,0,0,1,,,,,,,,,,,,,,,,,,,,,
,5654,,,0,70.297584,,,,,,,176,64,61,,,,,0,0,1,,,,,,,,,,,,,,,,,,,,,
,5655,,,0,70.308000,,,,,,,176,64,69,,,,,1,0,1,,,,,,,,,,,,,,,,,,,,,
,5656,,,0,70.318416,,,,,,,176,64,77,,,,,1,0,1,,,,,,,,,,,,,,,,,,,,,
,5657,,,0,70.328832,,,,,,,176,64,86,,,,,1,0,1,,,,,,,,,,,,,,,,,,,,,
,5658,,,0,70.339248,,,,,,,176,64,90,,,,,1,0,1,,,,,,,,,,,,,,,,,,,,,
,5659,,,0,70.347060,,,,,,,176,64,95,,,,,1,0,1,,,,,,,,,,,,,,,,,,,,,
,5660,,,0,70.357476,,,,,,,176,64,98,,,,,1,0,1,,,,,,,,,,,,,,,,,,,,,
,5661,,,0,70.367892,,,,,,,176,64,99,,,,,1,0,1,,,,,,,,,,,,,,,,,,,,,
,5662,,,0,70.378308,,,,,,,176,67,19,,,,,1,0,1,,,,,,,,,,,,,,,,,,,,,
,5663,,,0,70.388724,,,,,,,176,67,20,,,,,1,0,1,,,,,,,,,,,,,,,,,,,,,
,5664,,,0,71.078784,,,,,,,176,67,19,,,,,1,0,1,,,,,,,,,,,,,,,,,,,,,
,5665,,,0,71.089200,,,,,,,176,67,20,,,,,1,0,1,,,,,,,,,,,,,,,,,,,,,
,5666,,,0,71.149092,,,,,,,176,64,98,,,,,1,0,1,,,,,,,,,,,,,,,,,,,,,
,5667,,,0,71.156904,,,,,,,176,64,99,,,,,1,0,1,,,,,,,,,,,,,,,,,,,,,
,5668,,,0,71.276688,,,,,,,176,64,102,,,,,1,0,1,,,,,,,,,,,,,,,,,,,,,
,5669,,,0,71.287104,,,,,,,176,64,101,,,,,1,0,1,,,,,,,,,,,,,,,,,,,,,
,5670,,,0,71.297520,,,,,,,176,64,103,,,,,1,0,1,,,,,,,,,,,,,,,,,,,,,
314,5671,1,4542,0,71.354808,0.0,0.0,0,D#4,,11,144,63,58,,6013,,,1,0,1,0.8661161858081764,0.21951219512195122,0.8250883382199675,0.2689075294117647,1,0.025595,0.071816,0.044049874999999995,0.01022014888880661,1.125,5.125,2.2,0.9286246550679128,0.0,98.678692,78.970034825,15.870989294538122,0.0,4.25,1.0684236,1.0620049096008408
314,5672,1,4542,0,71.373036,0.0,0.0,0,D5,,11,144,74,58,,6013,,,1,0,1,0.8661161858081764,0.21951219512195122,0.8250883382199675,0.2689075294117647,1,0.025595,0.071816,0.044049874999999995,0.01022014888880661,1.125,5.125,2.2,0.9286246550679128,0.0,98.678692,78.970034825,15.870989294538122,0.0,4.25,1.0684236,1.0620049096008408
314,5673,1,4542,0,71.386056,0.0,0.0,0,A#4,,11,144,70,58,,6013,,,1,0,1,0.8661161858081764,0.21951219512195122,0.8250883382199675,0.2689075294117647,1,0.025595,0.071816,0.044049874999999995,0.01022014888880661,1.125,5.125,2.2,0.9286246550679128,0.0,98.678692,78.970034825,15.870989294538122,0.0,4.25,1.0684236,1.0620049096008408
314,5674,1,4542,0,71.391264,0.0,0.0,0,G#6,,8,144,92,42,,6013,,,1,0,1,0.8661161858081764,0.21951219512195122,0.8250883382199675,0.2689075294117647,1,0.025595,0.071816,0.044049874999999995,0.01022014888880661,1.125,5.125,2.2,0.9286246550679128,0.0,98.678692,78.970034825,15.870989294538122,0.0,4.25,1.0684236,1.0620049096008408
,5675,,,0,71.399076,,,,,,,176,64,104,,,,,1,0,1,,,,,,,,,,,,,,,,,,,,,
,5676,,,0,71.417304,,,,,,,176,64,103,,,,,1,0,1,,,,,,,,,,,,,,,,,,,,,
,5677,,,0,71.422512,,,,,,,128,63,0,,,,,1,0,1,,,,,,,,,,,,,,,,,,,,,
,5678,,,0,71.427720,,,,,,,176,64,106,,,,,1,0,1,,,,,,,,,,,,,,,,,,,,,
,5679,,,0,71.438136,,,,,,,176,64,103,,,,,1,0,1,,,,,,,,,,,,,,,,,,,,,
,5680,,,0,71.448552,,,,,,,176,64,106,,,,,1,0,1,,,,,,,,,,,,,,,,,,,,,
,5681,,,0,71.448552,,,,,,,176,67,19,,,,,1,0,1,,,,,,,,,,,,,,,,,,,,,
314,5682,1,4543,0,71.456364,0.0,0.0,0,C7,,9,144,96,48,,6013,,,1,0,1,0.8661161858081764,0.21951219512195122,0.8250883382199675,0.2689075294117647,1,0.025595,0.071816,0.044049874999999995,0.01022014888880661,1.125,5.125,2.2,0.9286246550679128,0.0,98.678692,78.970034825,15.870989294538122,0.0,4.25,1.0684236,1.0620049096008408
,5683,,,0,71.458968,,,,,,,176,64,105,,,,,1,0,1,,,,,,,,,,,,,,,,,,,,,
,5684,,,0,71.458968,,,,,,,176,67,20,,,,,1,0,1,,,,,,,,,,,,,,,,,,,,,
,5685,,,0,71.461572,,,,,,,128,74,0,,,,,1,0,1,,,,,,,,,,,,,,,,,,,,,
,5686,,,0,71.466780,,,,,,,128,70,0,,,,,1,0,1,,,,,,,,,,,,,,,,,,,,,
,5687,,,0,71.477196,,,,,,,176,64,104,,,,,1,0,1,,,,,,,,,,,,,,,,,,,,,
,5688,,,0,71.498028,,,,,,,176,64,106,,,,,1,0,1,,,,,,,,,,,,,,,,,,,,,
,5689,,,0,71.500632,,,,,,,128,92,0,,,,,1,0,1,,,,,,,,,,,,,,,,,,,,,
,5690,,,0,71.508444,,,,,,,176,64,103,,,,,1,0,1,,,,,,,,,,,,,,,,,,,,,
,5691,,,0,71.518860,,,,,,,176,64,105,,,,,1,0,1,,,,,,,,,,,,,,,,,,,,,
,5692,,,0,71.526672,,,,,,,176,64,103,,,,,1,0,1,,,,,,,,,,,,,,,,,,,,,
,5693,,,0,71.537088,,,,,,,176,64,106,,,,,1,0,1,,,,,,,,,,,,,,,,,,,,,
314,5694,1,4544,0,71.544900,0.0,0.0,0,E6,,10,144,88,53,,6013,,,1,0,1,0.8661161858081764,0.21951219512195122,0.8250883382199675,0.2689075294117647,1,0.025595,0.071816,0.044049874999999995,0.01022014888880661,1.125,5.125,2.2,0.9286246550679128,0.0,98.678692,78.970034825,15.870989294538122,0.0,4.25,1.0684236,1.0620049096008408
,5695,,,0,71.547504,,,,,,,176,64,103,,,,,1,0,1,,,,,,,,,,,,,,,,,,,,,
,5696,,,0,71.555316,,,,,,,128,96,0,,,,,1,0,1,,,,,,,,,,,,,,,,,,,,,
,5697,,,0,71.557920,,,,,,,176,64,105,,,,,1,0,1,,,,,,,,,,,,,,,,,,,,,
,5698,,,0,71.568336,,,,,,,176,64,104,,,,,1,0,1,,,,,,,,,,,,,,,,,,,,,
,5699,,,0,71.578752,,,,,,,176,64,105,,,,,1,0,1,,,,,,,,,,,,,,,,,,,,,
,5700,,,0,71.596980,,,,,,,176,64,104,,,,,1,0,1,,,,,,,,,,,,,,,,,,,,,
,5701,,,0,71.607396,,,,,,,176,64,106,,,,,1,0,1,,,,,,,,,,,,,,,,,,,,,
,5702,,,0,71.610000,,,,,,,128,88,0,,,,,1,0,1,,,,,,,,,,,,,,,,,,,,,
,5703,,,0,71.617812,,,,,,,176,64,105,,,,,1,0,1,,,,,,,,,,,,,,,,,,,,,
,5704,,,0,71.628228,,,,,,,176,64,107,,,,,1,0,1,,,,,,,,,,,,,,,,,,,,,
,5705,,,0,71.638644,,,,,,,176,64,104,,,,,1,0,1,,,,,,,,,,,,,,,,,,,,,
,5706,,,0,71.649060,,,,,,,176,64,107,,,,,1,0,1,,,,,,,,,,,,,,,,,,,,,
,5707,,,0,71.656872,,,,,,,176,64,103,,,,,1,0,1,,,,,,,,,,,,,,,,,,,,,
,5708,,,0,71.667288,,,,,,,176,64,106,,,,,1,0,1,,,,,,,,,,,,,,,,,,,,,
,5709,,,0,71.677704,,,,,,,176,64,103,,,,,1,0,1,,,,,,,,,,,,,,,,,,,,,
,5710,,,0,71.688120,,,,,,,176,64,106,,,,,1,0,1,,,,,,,,,,,,,,,,,,,,,
,5711,,,0,71.698536,,,,,,,176,64,105,,,,,1,0,1,,,,,,,,,,,,,,,,,,,,,
,5712,,,0,71.708952,,,,,,,176,64,106,,,,,1,0,1,,,,,,,,,,,,,,,,,,,,,
314,5713,1,4545,0,71.719368,0.0,0.0,0,F#7,,10,144,102,53,,6013,,,1,0,1,0.8661161858081764,0.21951219512195122,0.8250883382199675,0.2689075294117647,1,0.025595,0.071816,0.044049874999999995,0.01022014888880661,1.125,5.125,2.2,0.9286246550679128,0.0,98.678692,78.970034825,15.870989294538122,0.0,4.25,1.0684236,1.0620049096008408
,5714,,,0,71.727180,,,,,,,176,64,105,,,,,1,0,1,,,,,,,,,,,,,,,,,,,,,
,5715,,,0,71.737596,,,,,,,176,64,107,,,,,1,0,1,,,,,,,,,,,,,,,,,,,,,
314,5716,1,4545,0,71.745408,0.0,0.0,0,C7,,10,144,96,53,,6013,,,1,0,1,0.8661161858081764,0.21951219512195122,0.8250883382199675,0.2689075294117647,1,0.025595,0.071816,0.044049874999999995,0.01022014888880661,1.125,5.125,2.2,0.9286246550679128,0.0,98.678692,78.970034825,15.870989294538122,0.0,4.25,1.0684236,1.0620049096008408
,5717,,,0,71.748012,,,,,,,176,64,104,,,,,1,0,1,,,,,,,,,,,,,,,,,,,,,
,5718,,,0,71.758428,,,,,,,176,64,105,,,,,1,0,1,,,,,,,,,,,,,,,,,,,,,
,5719,,,0,71.768844,,,,,,,176,64,103,,,,,1,0,1,,,,,,,,,,,,,,,,,,,,,
,5720,,,0,71.776656,,,,,,,176,64,106,,,,,1,0,1,,,,,,,,,,,,,,,,,,,,,
,5721,,,0,71.787072,,,,,,,176,64,104,,,,,1,0,1,,,,,,,,,,,,,,,,,,,,,
,5722,,,0,71.797488,,,,,,,176,64,106,,,,,1,0,1,,,,,,,,,,,,,,,,,,,,,
,5723,,,0,71.826132,,,,,,,128,102,0,,,,,1,0,1,,,,,,,,,,,,,,,,,,,,,
,5724,,,0,71.828736,,,,,,,176,64,105,,,,,1,0,1,,,,,,,,,,,,,,,,,,,,,
314,5725,1,4546,0,71.828736,0.0,0.0,0,G#6,,11,144,92,58,,6013,,,1,0,1,0.8661161858081764,0.21951219512195122,0.8250883382199675,0.2689075294117647,1,0.025595,0.071816,0.044049874999999995,0.01022014888880661,1.125,5.125,2.2,0.9286246550679128,0.0,98.678692,78.970034825,15.870989294538122,0.0,4.25,1.0684236,1.0620049096008408
314,5726,1,4546,0,71.828736,0.0,0.0,0,E6,,11,144,88,58,,6013,,,1,0,1,0.8661161858081764,0.21951219512195122,0.8250883382199675,0.2689075294117647,1,0.025595,0.071816,0.044049874999999995,0.01022014888880661,1.125,5.125,2.2,0.9286246550679128,0.0,98.678692,78.970034825,15.870989294538122,0.0,4.25,1.0684236,1.0620049096008408
,5727,,,0,71.846964,,,,,,,176,64,107,,,,,1,0,1,,,,,,,,,,,,,,,,,,,,,
,5728,,,0,71.852172,,,,,,,128,96,0,,,,,1,0,1,,,,,,,,,,,,,,,,,,,,,
,5729,,,0,71.857380,,,,,,,176,64,104,,,,,1,0,1,,,,,,,,,,,,,,,,,,,,,
,5730,,,0,71.867796,,,,,,,176,64,106,,,,,1,0,1,,,,,,,,,,,,,,,,,,,,,
,5731,,,0,71.878212,,,,,,,176,64,104,,,,,1,0,1,,,,,,,,,,,,,,,,,,,,,
,5732,,,0,71.888628,,,,,,,176,64,106,,,,,1,0,1,,,,,,,,,,,,,,,,,,,,,
,5733,,,0,71.899044,,,,,,,176,64,103,,,,,1,0,1,,,,,,,,,,,,,,,,,,,,,
,5734,,,0,71.906856,,,,,,,176,64,106,,,,,1,0,1,,,,,,,,,,,,,,,,,,,,,
,5735,,,0,71.917272,,,,,,,176,64,104,,,,,1,0,1,,,,,,,,,,,,,,,,,,,,,
,5736,,,0,71.925084,,,,,,,128,92,0,,,,,1,0,1,,,,,,,,,,,,,,,,,,,,,
,5737,,,0,71.927688,,,,,,,176,64,106,,,,,1,0,1,,,,,,,,,,,,,,,,,,,,,
,5738,,,0,71.938104,,,,,,,176,64,105,,,,,1,0,1,,,,,,,,,,,,,,,,,,,,,
,5739,,,0,71.943312,,,,,,,128,88,0,,,,,1,0,1,,,,,,,,,,,,,,,,,,,,,
,5740,,,0,71.948520,,,,,,,176,64,104,,,,,1,0,1,,,,,,,,,,,,,,,,,,,,,
,5741,,,0,71.958936,,,,,,,176,64,105,,,,,1,0,1,,,,,,,,,,,,,,,,,,,,,
,5742,,,0,71.969352,,,,,,,176,64,104,,,,,1,0,1,,,,,,,,,,,,,,,,,,,,,
314,5743,1,4547,0,71.971956,0.0,0.0,0,C7,,12,144,96,64,,6013,,,1,0,1,0.8661161858081764,0.21951219512195122,0.8250883382199675,0.2689075294117647,1,0.025595,0.071816,0.044049874999999995,0.01022014888880661,1.125,5.125,2.2,0.9286246550679128,0.0,98.678692,78.970034825,15.870989294538122,0.0,4.25,1.0684236,1.0620049096008408
,5744,,,0,71.979768,,,,,,,176,64,106,,,,,1,0,1,,,,,,,,,,,,,,,,,,,,,
,5745,,,0,71.990184,,,,,,,176,64,104,,,,,1,0,1,,,,,,,,,,,,,,,,,,,,,
,5746,,,0,71.997996,,,,,,,176,64,105,,,,,1,0,1,,,,,,,,,,,,,,,,,,,,,
,5747,,,0,72.008412,,,,,,,176,64,104,,,,,1,0,1,,,,,,,,,,,,,,,,,,,,,
,5748,,,0,72.018828,,,,,,,176,64,106,,,,,1,0,1,,,,,,,,,,,,,,,,,,,,,
,5749,,,0,72.026640,,,,,,,176,64,103,,,,,1,0,1,,,,,,,,,,,,,,,,,,,,,
314,5750,1,4548,0,72.029244,0.0,0.0,0,F#7,,13,144,102,69,,6013,,,1,0,1,0.8661161858081764,0.21951219512195122,0.8250883382199675,0.2689075294117647,1,0.025595,0.071816,0.044049874999999995,0.01022014888880661,1.125,5.125,2.2,0.9286246550679128,0.0,98.678692,78.970034825,15.870989294538122,0.0,4.25,1.0684236,1.0620049096008408
,5751,,,0,72.037056,,,,,,,176,64,106,,,,,1,0,1,,,,,,,,,,,,,,,,,,,,,
,5752,,,0,72.047472,,,,,,,176,64,103,,,,,1,0,1,,,,,,,,,,,,,,,,,,,,,
,5753,,,0,72.057888,,,,,,,176,64,104,,,,,1,0,1,,,,,,,,,,,,,,,,,,,,,
314,5754,1,4548,0,72.060492,0.0,0.0,0,E6,,13,144,88,69,,6013,,,1,0,1,0.8661161858081764,0.21951219512195122,0.8250883382199675,0.2689075294117647,1,0.025595,0.071816,0.044049874999999995,0.01022014888880661,1.125,5.125,2.2,0.9286246550679128,0.0,98.678692,78.970034825,15.870989294538122,0.0,4.25,1.0684236,1.0620049096008408
314,5755,1,4548,0,72.063096,0.0,0.0,0,G#6,,13,144,92,69,,6013,,,1,0,1,0.8661161858081764,0.21951219512195122,0.8250883382199675,0.2689075294117647,1,0.025595,0.071816,0.044049874999999995,0.01022014888880661,1.125,5.125,2.2,0.9286246550679128,0.0,98.678692,78.970034825,15.870989294538122,0.0,4.25,1.0684236,1.0620049096008408
,5756,,,0,72.068304,,,,,,,176,64,105,,,,,1,0,1,,,,,,,,,,,,,,,,,,,,,
,5757,,,0,72.078720,,,,,,,176,64,104,,,,,1,0,1,,,,,,,,,,,,,,,,,,,,,
,5758,,,0,72.096948,,,,,,,176,64,103,,,,,1,0,1,,,,,,,,,,,,,,,,,,,,,
,5759,,,0,72.107364,,,,,,,176,64,104,,,,,1,0,1,,,,,,,,,,,,,,,,,,,,,
,5760,,,0,72.109968,,,,,,,128,96,0,,,,,1,0,1,,,,,,,,,,,,,,,,,,,,,
,5761,,,0,72.115176,,,,,,,128,92,0,,,,,1,0,1,,,,,,,,,,,,,,,,,,,,,
,5762,,,0,72.117780,,,,,,,176,64,103,,,,,1,0,1,,,,,,,,,,,,,,,,,,,,,
,5763,,,0,72.117780,,,,,,,128,88,0,,,,,1,0,1,,,,,,,,,,,,,,,,,,,,,
,5764,,,0,72.128196,,,,,,,176,64,105,,,,,1,0,1,,,,,,,,,,,,,,,,,,,,,
,5765,,,0,72.138612,,,,,,,176,64,103,,,,,1,0,1,,,,,,,,,,,,,,,,,,,,,
,5766,,,0,72.149028,,,,,,,176,64,105,,,,,1,0,1,,,,,,,,,,,,,,,,,,,,,
,5767,,,0,72.156840,,,,,,,176,64,103,,,,,1,0,1,,,,,,,,,,,,,,,,,,,,,
,5768,,,0,72.167256,,,,,,,128,102,0,,,,,1,0,1,,,,,,,,,,,,,,,,,,,,,
,5769,,,0,72.169860,,,,,,,176,64,105,,,,,1,0,1,,,,,,,,,,,,,,,,,,,,,
,5770,,,0,72.177672,,,,,,,176,64,104,,,,,1,0,1,,,,,,,,,,,,,,,,,,,,,
,5771,,,0,72.198504,,,,,,,176,64,103,,,,,1,0,1,,,,,,,,,,,,,,,,,,,,,
,5772,,,0,72.216732,,,,,,,176,64,104,,,,,1,0,1,,,,,,,,,,,,,,,,,,,,,
,5773,,,0,72.227148,,,,,,,176,64,103,,,,,1,0,1,,,,,,,,,,,,,,,,,,,,,
,5774,,,0,72.237564,,,,,,,176,64,104,,,,,1,0,1,,,,,,,,,,,,,,,,,,,,,
,5775,,,0,72.247980,,,,,,,176,64,103,,,,,1,0,1,,,,,,,,,,,,,,,,,,,,,
,5776,,,0,72.258396,,,,,,,176,64,105,,,,,1,0,1,,,,,,,,,,,,,,,,,,,,,
,5777,,,0,72.268812,,,,,,,176,64,103,,,,,1,0,1,,,,,,,,,,,,,,,,,,,,,
,5778,,,0,72.276624,,,,,,,176,64,104,,,,,1,0,1,,,,,,,,,,,,,,,,,,,,,
,5779,,,0,72.287040,,,,,,,176,64,103,,,,,1,0,1,,,,,,,,,,,,,,,,,,,,,
,5780,,,0,72.307872,,,,,,,176,64,104,,,,,1,0,1,,,,,,,,,,,,,,,,,,,,,
,5781,,,0,72.318288,,,,,,,176,64,103,,,,,1,0,1,,,,,,,,,,,,,,,,,,,,,
,5782,,,0,72.339120,,,,,,,176,64,104,,,,,1,0,1,,,,,,,,,,,,,,,,,,,,,
,5783,,,0,72.346932,,,,,,,176,64,106,,,,,1,0,1,,,,,,,,,,,,,,,,,,,,,
,5784,,,0,72.357348,,,,,,,176,64,103,,,,,1,0,1,,,,,,,,,,,,,,,,,,,,,
,5785,,,0,72.367764,,,,,,,176,64,104,,,,,1,0,1,,,,,,,,,,,,,,,,,,,,,
,5786,,,0,72.378180,,,,,,,176,64,103,,,,,1,0,1,,,,,,,,,,,,,,,,,,,,,
314,5787,1,4549,0,72.385992,0.0,0.0,0,F5,,14,144,77,74,,6013,,,1,0,1,0.8661161858081764,0.21951219512195122,0.8250883382199675,0.2689075294117647,1,0.025595,0.071816,0.044049874999999995,0.01022014888880661,1.125,5.125,2.2,0.9286246550679128,0.0,98.678692,78.970034825,15.870989294538122,0.0,4.25,1.0684236,1.0620049096008408
,5788,,,0,72.406824,,,,,,,176,64,104,,,,,1,0,1,,,,,,,,,,,,,,,,,,,,,
,5789,,,0,72.417240,,,,,,,176,64,105,,,,,1,0,1,,,,,,,,,,,,,,,,,,,,,
,5790,,,0,72.427656,,,,,,,176,64,103,,,,,1,0,1,,,,,,,,,,,,,,,,,,,,,
,5791,,,0,72.430260,,,,,,,128,77,0,,,,,1,0,1,,,,,,,,,,,,,,,,,,,,,
,5792,,,0,72.458904,,,,,,,176,64,106,,,,,1,0,1,,,,,,,,,,,,,,,,,,,,,
,5793,,,0,72.466716,,,,,,,176,64,103,,,,,1,0,1,,,,,,,,,,,,,,,,,,,,,
,5794,,,0,72.477132,,,,,,,176,64,104,,,,,1,0,1,,,,,,,,,,,,,,,,,,,,,
314,5795,1,4550,0,72.484944,0.0,0.0,0,G#6,,14,144,92,74,,6013,,,1,0,1,0.8661161858081764,0.21951219512195122,0.8250883382199675,0.2689075294117647,1,0.025595,0.071816,0.044049874999999995,0.01022014888880661,1.125,5.125,2.2,0.9286246550679128,0.0,98.678692,78.970034825,15.870989294538122,0.0,4.25,1.0684236,1.0620049096008408
,5796,,,0,72.487548,,,,,,,176,64,103,,,,,1,0,1,,,,,,,,,,,,,,,,,,,,,
314,5797,1,4550,0,72.492756,0.0,0.0,0,C7,,14,144,96,74,,6013,,,1,0,1,0.8661161858081764,0.21951219512195122,0.8250883382199675,0.2689075294117647,1,0.025595,0.071816,0.044049874999999995,0.01022014888880661,1.125,5.125,2.2,0.9286246550679128,0.0,98.678692,78.970034825,15.870989294538122,0.0,4.25,1.0684236,1.0620049096008408
314,5798,1,4550,0,72.492756,0.0,0.0,0,F#7,,14,144,102,74,,6013,,,1,0,1,0.8661161858081764,0.21951219512195122,0.8250883382199675,0.2689075294117647,1,0.025595,0.071816,0.044049874999999995,0.01022014888880661,1.125,5.125,2.2,0.9286246550679128,0.0,98.678692,78.970034825,15.870989294538122,0.0,4.25,1.0684236,1.0620049096008408
,5799,,,0,72.497964,,,,,,,176,64,104,,,,,1,0,1,,,,,,,,,,,,,,,,,,,,,
314,5800,1,4550,0,72.505776,0.0,0.0,0,E6,,14,144,88,74,,6013,,,1,0,1,0.8661161858081764,0.21951219512195122,0.8250883382199675,0.2689075294117647,1,0.025595,0.071816,0.044049874999999995,0.01022014888880661,1.125,5.125,2.2,0.9286246550679128,0.0,98.678692,78.970034825,15.870989294538122,0.0,4.25,1.0684236,1.0620049096008408
,5801,,,0,72.508380,,,,,,,176,64,103,,,,,1,0,1,,,,,,,,,,,,,,,,,,,,,
,5802,,,0,72.518796,,,,,,,176,64,104,,,,,1,0,1,,,,,,,,,,,,,,,,,,,,,
,5803,,,0,72.526608,,,,,,,176,64,103,,,,,1,0,1,,,,,,,,,,,,,,,,,,,,,
0,5804,1,0,0,72.537024,0.0,0.0,0,F6,,-1,144,89,35,,,,,1,0,1,,,,,,,,,,,,,,,,,,,,,
,5805,,,0,72.589104,,,,,,,176,64,104,,,,,1,0,1,,,,,,,,,,,,,,,,,,,,,
,5806,,,0,72.596916,,,,,,,128,89,0,,,,,1,0,1,,,,,,,,,,,,,,,,,,,,,
,5807,,,0,72.596916,,,,,,,176,64,103,,,,,1,0,1,,,,,,,,,,,,,,,,,,,,,
,5808,,,0,72.607332,,,,,,,176,64,106,,,,,1,0,1,,,,,,,,,,,,,,,,,,,,,
,5809,,,0,72.617748,,,,,,,176,64,103,,,,,1,0,1,,,,,,,,,,,,,,,,,,,,,
,5810,,,0,72.628164,,,,,,,176,64,105,,,,,1,0,1,,,,,,,,,,,,,,,,,,,,,
,5811,,,0,72.638580,,,,,,,176,64,103,,,,,1,0,1,,,,,,,,,,,,,,,,,,,,,
,5812,,,0,72.638580,,,,,,,128,88,0,,,,,1,0,1,,,,,,,,,,,,,,,,,,,,,
,5813,,,0,72.648996,,,,,,,176,64,104,,,,,1,0,1,,,,,,,,,,,,,,,,,,,,,
,5814,,,0,72.656808,,,,,,,176,64,103,,,,,1,0,1,,,,,,,,,,,,,,,,,,,,,
,5815,,,0,72.664620,,,,,,,128,92,0,,,,,1,0,1,,,,,,,,,,,,,,,,,,,,,
,5816,,,0,72.698472,,,,,,,176,67,19,,,,,1,0,1,,,,,,,,,,,,,,,,,,,,,
,5817,,,0,72.716700,,,,,,,128,102,0,,,,,1,0,1,,,,,,,,,,,,,,,,,,,,,
,5818,,,0,72.716700,,,,,,,176,64,104,,,,,1,0,1,,,,,,,,,,,,,,,,,,,,,
,5819,,,0,72.719304,,,,,,,176,67,20,,,,,1,0,1,,,,,,,,,,,,,,,,,,,,,
,5820,,,0,72.727116,,,,,,,176,64,103,,,,,1,0,1,,,,,,,,,,,,,,,,,,,,,
,5821,,,0,72.758364,,,,,,,176,64,104,,,,,1,0,1,,,,,,,,,,,,,,,,,,,,,
,5822,,,0,72.768780,,,,,,,176,64,103,,,,,1,0,1,,,,,,,,,,,,,,,,,,,,,
,5823,,,0,72.807840,,,,,,,176,64,104,,,,,1,0,1,,,,,,,,,,,,,,,,,,,,,
,5824,,,0,72.818256,,,,,,,176,64,103,,,,,1,0,1,,,,,,,,,,,,,,,,,,,,,
,5825,,,0,72.846900,,,,,,,176,64,104,,,,,1,0,1,,,,,,,,,,,,,,,,,,,,,
,5826,,,0,72.857316,,,,,,,176,64,103,,,,,1,0,1,,,,,,,,,,,,,,,,,,,,,
,5827,,,0,72.958872,,,,,,,176,64,105,,,,,1,0,1,,,,,,,,,,,,,,,,,,,,,
,5828,,,0,72.966684,,,,,,,176,64,103,,,,,1,0,1,,,,,,,,,,,,,,,,,,,,,
,5829,,,0,73.047408,,,,,,,176,64,104,,,,,1,0,1,,,,,,,,,,,,,,,,,,,,,
,5830,,,0,73.057824,,,,,,,176,64,103,,,,,1,0,1,,,,,,,,,,,,,,,,,,,,,
,5831,,,0,73.068240,,,,,,,176,64,104,,,,,1,0,1,,,,,,,,,,,,,,,,,,,,,
,5832,,,0,73.078656,,,,,,,176,64,103,,,,,1,0,1,,,,,,,,,,,,,,,,,,,,,
,5833,,,0,73.096884,,,,,,,176,64,102,,,,,1,0,1,,,,,,,,,,,,,,,,,,,,,
,5834,,,0,73.107300,,,,,,,176,64,105,,,,,1,0,1,,,,,,,,,,,,,,,,,,,,,
,5835,,,0,73.117716,,,,,,,176,64,103,,,,,1,0,1,,,,,,,,,,,,,,,,,,,,,
314,5836,1,4551,0,73.190628,0.0,0.0,0,F#6,,14,144,90,74,,6013,,,1,0,1,0.8661161858081764,0.21951219512195122,0.8250883382199675,0.2689075294117647,1,0.025595,0.071816,0.044049874999999995,0.01022014888880661,1.125,5.125,2.2,0.9286246550679128,0.0,98.678692,78.970034825,15.870989294538122,0.0,4.25,1.0684236,1.0620049096008408
314,5837,1,4551,0,73.201044,0.0,0.0,0,D5,,14,144,74,74,,6013,,,1,0,1,0.8661161858081764,0.21951219512195122,0.8250883382199675,0.2689075294117647,1,0.025595,0.071816,0.044049874999999995,0.01022014888880661,1.125,5.125,2.2,0.9286246550679128,0.0,98.678692,78.970034825,15.870989294538122,0.0,4.25,1.0684236,1.0620049096008408
314,5838,1,4551,0,73.201044,0.0,0.0,0,D#4,,14,144,63,74,,6013,,,1,0,1,0.8661161858081764,0.21951219512195122,0.8250883382199675,0.2689075294117647,1,0.025595,0.071816,0.044049874999999995,0.01022014888880661,1.125,5.125,2.2,0.9286246550679128,0.0,98.678692,78.970034825,15.870989294538122,0.0,4.25,1.0684236,1.0620049096008408
314,5839,1,4551,0,73.208856,0.0,0.0,0,A#4,,14,144,70,74,,6013,,,1,0,1,0.8661161858081764,0.21951219512195122,0.8250883382199675,0.2689075294117647,1,0.025595,0.071816,0.044049874999999995,0.01022014888880661,1.125,5.125,2.2,0.9286246550679128,0.0,98.678692,78.970034825,15.870989294538122,0.0,4.25,1.0684236,1.0620049096008408
,5840,,,0,73.216668,,,,,,,176,64,104,,,,,1,0,1,,,,,,,,,,,,,,,,,,,,,
,5841,,,0,73.219272,,,,,,,176,67,19,,,,,1,0,1,,,,,,,,,,,,,,,,,,,,,
,5842,,,0,73.227084,,,,,,,176,64,103,,,,,1,0,1,,,,,,,,,,,,,,,,,,,,,
,5843,,,0,73.229688,,,,,,,176,67,20,,,,,1,0,1,,,,,,,,,,,,,,,,,,,,,
,5844,,,0,73.310412,,,,,,,176,64,105,,,,,1,0,1,,,,,,,,,,,,,,,,,,,,,
,5845,,,0,73.318224,,,,,,,176,64,103,,,,,1,0,1,,,,,,,,,,,,,,,,,,,,,
,5846,,,0,73.333848,,,,,,,128,96,0,,,,,1,0,1,,,,,,,,,,,,,,,,,,,,,
,5847,,,0,73.398948,,,,,,,176,67,19,,,,,1,0,1,,,,,,,,,,,,,,,,,,,,,
,5848,,,0,73.406760,,,,,,,176,67,20,,,,,1,0,1,,,,,,,,,,,,,,,,,,,,,
,5849,,,0,73.438008,,,,,,,176,64,105,,,,,1,0,1,,,,,,,,,,,,,,,,,,,,,
,5850,,,0,73.448424,,,,,,,176,64,103,,,,,1,0,1,,,,,,,,,,,,,,,,,,,,,
,5851,,,0,73.458840,,,,,,,176,64,104,,,,,1,0,1,,,,,,,,,,,,,,,,,,,,,
,5852,,,0,73.469256,,,,,,,176,64,103,,,,,1,0,1,,,,,,,,,,,,,,,,,,,,,
,5853,,,0,73.508316,,,,,,,176,64,104,,,,,1,0,1,,,,,,,,,,,,,,,,,,,,,
,5854,,,0,73.518732,,,,,,,176,64,103,,,,,1,0,1,,,,,,,,,,,,,,,,,,,,,
,5855,,,0,73.526544,,,,,,,176,64,104,,,,,1,0,1,,,,,,,,,,,,,,,,,,,,,
,5856,,,0,73.536960,,,,,,,176,64,103,,,,,1,0,1,,,,,,,,,,,,,,,,,,,,,
,5857,,,0,73.568208,,,,,,,176,64,105,,,,,1,0,1,,,,,,,,,,,,,,,,,,,,,
,5858,,,0,73.578624,,,,,,,176,64,103,,,,,1,0,1,,,,,,,,,,,,,,,,,,,,,
,5859,,,0,73.612476,,,,,,,128,74,0,,,,,1,0,1,,,,,,,,,,,,,,,,,,,,,
,5860,,,0,73.656744,,,,,,,176,64,104,,,,,1,0,1,,,,,,,,,,,,,,,,,,,,,
,5861,,,0,73.667160,,,,,,,176,64,103,,,,,1,0,1,,,,,,,,,,,,,,,,,,,,,
,5862,,,0,73.677576,,,,,,,176,64,104,,,,,1,0,1,,,,,,,,,,,,,,,,,,,,,
,5863,,,0,73.687992,,,,,,,176,64,103,,,,,1,0,1,,,,,,,,,,,,,,,,,,,,,
,5864,,,0,73.768716,,,,,,,176,64,105,,,,,1,0,1,,,,,,,,,,,,,,,,,,,,,
,5865,,,0,73.776528,,,,,,,176,64,103,,,,,1,0,1,,,,,,,,,,,,,,,,,,,,,
,5866,,,0,73.786944,,,,,,,176,64,105,,,,,1,0,1,,,,,,,,,,,,,,,,,,,,,
,5867,,,0,73.789548,,,,,,,176,67,19,,,,,1,0,1,,,,,,,,,,,,,,,,,,,,,
,5868,,,0,73.799964,,,,,,,176,64,103,,,,,1,0,1,,,,,,,,,,,,,,,,,,,,,
,5869,,,0,73.799964,,,,,,,176,67,20,,,,,1,0,1,,,,,,,,,,,,,,,,,,,,,
,5870,,,0,73.828608,,,,,,,176,64,105,,,,,1,0,1,,,,,,,,,,,,,,,,,,,,,
,5871,,,0,73.839024,,,,,,,176,64,103,,,,,1,0,1,,,,,,,,,,,,,,,,,,,,,
,5872,,,0,73.846836,,,,,,,176,64,102,,,,,1,0,1,,,,,,,,,,,,,,,,,,,,,
,5873,,,0,73.857252,,,,,,,176,64,103,,,,,1,0,1,,,,,,,,,,,,,,,,,,,,,
,5874,,,0,73.961412,,,,,,,128,90,0,,,,,1,0,1,,,,,,,,,,,,,,,,,,,,,
,5875,,,0,73.966620,,,,,,,176,67,19,,,,,1,0,1,,,,,,,,,,,,,,,,,,,,,
,5876,,,0,73.977036,,,,,,,176,67,20,,,,,1,0,1,,,,,,,,,,,,,,,,,,,,,
,5877,,,0,74.026512,,,,,,,176,64,104,,,,,1,0,1,,,,,,,,,,,,,,,,,,,,,
,5878,,,0,74.036928,,,,,,,176,64,103,,,,,1,0,1,,,,,,,,,,,,,,,,,,,,,
,5879,,,0,74.049948,,,,,,,176,64,104,,,,,1,0,1,,,,,,,,,,,,,,,,,,,,,
,5880,,,0,74.057760,,,,,,,176,64,103,,,,,1,0,1,,,,,,,,,,,,,,,,,,,,,
314,5881,1,4552,0,74.276496,0.0,0.0,0,E5,,14,144,76,74,,6013,,,1,0,1,0.8661161858081764,0.21951219512195122,0.8250883382199675,0.2689075294117647,1,0.025595,0.071816,0.044049874999999995,0.01022014888880661,1.125,5.125,2.2,0.9286246550679128,0.0,98.678692,78.970034825,15.870989294538122,0.0,4.25,1.0684236,1.0620049096008408
,5882,,,0,74.286912,,,,,,,176,67,19,,,,,1,0,1,,,,,,,,,,,,,,,,,,,,,
,5883,,,0,74.297328,,,,,,,176,67,20,,,,,1,0,1,,,,,,,,,,,,,,,,,,,,,
,5884,,,0,74.318160,,,,,,,176,64,102,,,,,1,0,1,,,,,,,,,,,,,,,,,,,,,
,5885,,,0,74.325972,,,,,,,128,63,0,,,,,1,0,1,,,,,,,,,,,,,,,,,,,,,
,5886,,,0,74.328576,,,,,,,176,64,103,,,,,1,0,1,,,,,,,,,,,,,,,,,,,,,
,5887,,,0,74.344200,,,,,,,128,76,0,,,,,1,0,1,,,,,,,,,,,,,,,,,,,,,
,5888,,,0,74.365032,,,,,,,128,70,0,,,,,1,0,1,,,,,,,,,,,,,,,,,,,,,
,5889,,,0,74.508252,,,,,,,176,64,102,,,,,1,0,1,,,,,,,,,,,,,,,,,,,,,
,5890,,,0,74.518668,,,,,,,176,64,103,,,,,1,0,1,,,,,,,,,,,,,,,,,,,,,
,5891,,,0,74.596788,,,,,,,176,67,19,,,,,1,0,1,,,,,,,,,,,,,,,,,,,,,
,5892,,,0,74.607204,,,,,,,176,67,20,,,,,1,0,1,,,,,,,,,,,,,,,,,,,,,
,5893,,,0,74.820732,,,,,,,176,64,105,,,,,1,0,1,,,,,,,,,,,,,,,,,,,,,
,5894,,,0,74.828544,,,,,,,176,64,103,,,,,1,0,1,,,,,,,,,,,,,,,,,,,,,
,5895,,,0,74.836356,,,,,,,176,64,106,,,,,1,0,1,,,,,,,,,,,,,,,,,,,,,
,5896,,,0,74.846772,,,,,,,176,64,103,,,,,1,0,1,,,,,,,,,,,,,,,,,,,,,
,5897,,,0,75.057696,,,,,,,176,64,102,,,,,1,0,1,,,,,,,,,,,,,,,,,,,,,
,5898,,,0,75.068112,,,,,,,176,64,103,,,,,1,0,1,,,,,,,,,,,,,,,,,,,,,
315,5899,1,4553,0,75.073320,0.0,0.0,0,F#5,,11,144,78,58,,6013,,,1,0,1,0.8661161858081764,0.21951219512195122,0.8250883382199675,0.2689075294117647,1,0.025595,0.071816,0.044049874999999995,0.01022014888880661,1.125,5.125,2.2,0.9286246550679128,0.0,98.678692,78.970034825,15.870989294538122,0.0,4.25,1.0684236,1.0620049096008408
,5900,,,0,75.148836,,,,,,,176,67,19,,,,,1,0,1,,,,,,,,,,,,,,,,,,,,,
,5901,,,0,75.167064,,,,,,,176,67,20,,,,,1,0,1,,,,,,,,,,,,,,,,,,,,,
,5902,,,0,75.190500,,,,,,,128,78,0,,,,,1,0,1,,,,,,,,,,,,,,,,,,,,,
315,5903,1,4554,0,75.239976,0.0,0.0,0,G#4,,12,144,68,64,,6013,,,1,0,1,0.8661161858081764,0.21951219512195122,0.8250883382199675,0.2689075294117647,1,0.025595,0.071816,0.044049874999999995,0.01022014888880661,1.125,5.125,2.2,0.9286246550679128,0.0,98.678692,78.970034825,15.870989294538122,0.0,4.25,1.0684236,1.0620049096008408
,5904,,,0,75.302472,,,,,,,128,68,0,,,,,1,0,1,,,,,,,,,,,,,,,,,,,,,
315,5905,1,4555,0,75.487356,0.0,0.0,0,F3,,13,144,53,69,,6013,,,1,0,1,0.8661161858081764,0.21951219512195122,0.8250883382199675,0.2689075294117647,1,0.025595,0.071816,0.044049874999999995,0.01022014888880661,1.125,5.125,2.2,0.9286246550679128,0.0,98.678692,78.970034825,15.870989294538122,0.0,4.25,1.0684236,1.0620049096008408
0,5906,1,0,0,75.489960,0.0,0.0,0,E3,,-1,144,52,25,,,,,1,0,1,,,,,,,,,,,,,,,,,,,,,
,5907,,,0,75.552456,,,,,,,128,53,0,,,,,1,0,1,,,,,,,,,,,,,,,,,,,,,
,5908,,,0,75.552456,,,,,,,128,52,0,,,,,1,0,1,,,,,,,,,,,,,,,,,,,,,
315,5909,1,4556,0,75.568080,0.0,0.0,0,C5,,13,144,72,69,,6013,,,1,0,1,0.8661161858081764,0.21951219512195122,0.8250883382199675,0.2689075294117647,1,0.025595,0.071816,0.044049874999999995,0.01022014888880661,1.125,5.125,2.2,0.9286246550679128,0.0,98.678692,78.970034825,15.870989294538122,0.0,4.25,1.0684236,1.0620049096008408
,5910,,,0,75.617556,,,,,,,128,72,0,,,,,1,0,1,,,,,,,,,,,,,,,,,,,,,
0,5911,1,0,0,75.708696,0.0,0.0,0,C1,,-1,144,24,63,,,,,1,0,1,,,,,,,,,,,,,,,,,,,,,
,5912,,,0,75.797232,,,,,,,176,67,19,,,,,1,0,1,,,,,,,,,,,,,,,,,,,,,
,5913,,,0,75.802440,,,,,,,128,24,0,,,,,1,0,1,,,,,,,,,,,,,,,,,,,,,
,5914,,,0,75.807648,,,,,,,176,67,20,,,,,1,0,1,,,,,,,,,,,,,,,,,,,,,
315,5915,1,4557,0,75.885768,0.0,0.0,0,F3,,14,144,53,74,,6013,,,1,0,1,0.8661161858081764,0.21951219512195122,0.8250883382199675,0.2689075294117647,1,0.025595,0.071816,0.044049874999999995,0.01022014888880661,1.125,5.125,2.2,0.9286246550679128,0.0,98.678692,78.970034825,15.870989294538122,0.0,4.25,1.0684236,1.0620049096008408
315,5916,1,4561,0,76.005552,0.0,0.0,0,F2,,10,144,41,53,,6013,,,1,0,1,0.8661161858081764,0.21951219512195122,0.8250883382199675,0.2689075294117647,1,0.025595,0.071816,0.044049874999999995,0.01022014888880661,1.125,5.125,2.2,0.9286246550679128,0.0,98.678692,78.970034825,15.870989294538122,0.0,4.25,1.0684236,1.0620049096008408
,5917,,,0,76.018572,,,,,,,176,67,19,,,,,1,0,1,,,,,,,,,,,,,,,,,,,,,
,5918,,,0,76.026384,,,,,,,176,67,20,,,,,1,0,1,,,,,,,,,,,,,,,,,,,,,
315,5919,1,4558,0,76.057632,0.0,0.0,0,E4,,14,144,64,74,,6013,,,1,0,1,0.8661161858081764,0.21951219512195122,0.8250883382199675,0.2689075294117647,1,0.025595,0.071816,0.044049874999999995,0.01022014888880661,1.125,5.125,2.2,0.9286246550679128,0.0,98.678692,78.970034825,15.870989294538122,0.0,4.25,1.0684236,1.0620049096008408
,5920,,,0,76.062840,,,,,,,128,53,0,,,,,1,0,1,,,,,,,,,,,,,,,,,,,,,
,5921,,,0,76.065444,,,,,,,128,41,0,,,,,1,0,1,,,,,,,,,,,,,,,,,,,,,
,5922,,,0,76.070652,,,,,,,176,67,19,,,,,1,0,1,,,,,,,,,,,,,,,,,,,,,
,5923,,,0,76.078464,,,,,,,176,67,20,,,,,1,0,1,,,,,,,,,,,,,,,,,,,,,
,5924,,,0,76.117524,,,,,,,176,64,102,,,,,1,0,1,,,,,,,,,,,,,,,,,,,,,
,5925,,,0,76.120128,,,,,,,128,64,0,,,,,1,0,1,,,,,,,,,,,,,,,,,,,,,
,5926,,,0,76.148772,,,,,,,176,64,103,,,,,1,0,1,,,,,,,,,,,,,,,,,,,,,
,5927,,,0,76.318032,,,,,,,176,64,102,,,,,1,0,1,,,,,,,,,,,,,,,,,,,,,
,5928,,,0,76.328448,,,,,,,176,64,103,,,,,1,0,1,,,,,,,,,,,,,,,,,,,,,
315,5929,1,4562,0,76.471668,0.0,0.0,0,G#1,,9,144,32,48,,6013,,,1,0,1,0.8661161858081764,0.21951219512195122,0.8250883382199675,0.2689075294117647,1,0.025595,0.071816,0.044049874999999995,0.01022014888880661,1.125,5.125,2.2,0.9286246550679128,0.0,98.678692,78.970034825,15.870989294538122,0.0,4.25,1.0684236,1.0620049096008408
,5930,,,0,76.508124,,,,,,,176,64,102,,,,,1,0,1,,,,,,,,,,,,,,,,,,,,,
,5931,,,0,76.518540,,,,,,,176,64,103,,,,,1,0,1,,,,,,,,,,,,,,,,,,,,,
,5932,,,0,76.539372,,,,,,,176,64,101,,,,,1,0,1,,,,,,,,,,,,,,,,,,,,,
,5933,,,0,76.557600,,,,,,,176,64,99,,,,,1,0,1,,,,,,,,,,,,,,,,,,,,,
315,5934,1,4563,0,76.758108,0.0,0.0,0,F#1,,8,144,30,42,,6013,,,1,0,1,0.8661161858081764,0.21951219512195122,0.8250883382199675,0.2689075294117647,1,0.025595,0.071816,0.044049874999999995,0.01022014888880661,1.125,5.125,2.2,0.9286246550679128,0.0,98.678692,78.970034825,15.870989294538122,0.0,4.25,1.0684236,1.0620049096008408
,5935,,,0,76.778940,,,,,,,176,64,97,,,,,1,0,1,,,,,,,,,,,,,,,,,,,,,
,5936,,,0,76.789356,,,,,,,176,64,95,,,,,1,0,1,,,,,,,,,,,,,,,,,,,,,
,5937,,,0,76.807584,,,,,,,176,64,94,,,,,1,0,1,,,,,,,,,,,,,,,,,,,,,
,5938,,,0,76.818000,,,,,,,176,64,91,,,,,1,0,1,,,,,,,,,,,,,,,,,,,,,
,5939,,,0,76.820604,,,,,,,128,32,0,,,,,1,0,1,,,,,,,,,,,,,,,,,,,,,
,5940,,,0,76.828416,,,,,,,176,64,87,,,,,1,0,1,,,,,,,,,,,,,,,,,,,,,
315,5941,1,4564,0,76.836228,0.0,0.0,0,G#5,,17,144,80,90,,6013,,,1,0,1,0.8661161858081764,0.21951219512195122,0.8250883382199675,0.2689075294117647,1,0.025595,0.071816,0.044049874999999995,0.01022014888880661,1.125,5.125,2.2,0.9286246550679128,0.0,98.678692,78.970034825,15.870989294538122,0.0,4.25,1.0684236,1.0620049096008408
,5942,,,0,76.838832,,,,,,,128,30,0,,,,,1,0,1,,,,,,,,,,,,,,,,,,,,,
,5943,,,0,76.838832,,,,,,,176,64,84,,,,,1,0,1,,,,,,,,,,,,,,,,,,,,,
,5944,,,0,76.849248,,,,,,,176,64,78,,,,,1,0,1,,,,,,,,,,,,,,,,,,,,,
315,5945,1,4565,0,76.857060,0.0,0.0,0,F#6,,17,144,90,90,,6013,,,1,0,1,0.8661161858081764,0.21951219512195122,0.8250883382199675,0.2689075294117647,1,0.025595,0.071816,0.044049874999999995,0.01022014888880661,1.125,5.125,2.2,0.9286246550679128,0.0,98.678692,78.970034825,15.870989294538122,0.0,4.25,1.0684236,1.0620049096008408
,5946,,,0,76.857060,,,,,,,176,64,70,,,,,1,0,1,,,,,,,,,,,,,,,,,,,,,
,5947,,,0,76.867476,,,,,,,176,64,62,,,,,0,0,1,,,,,,,,,,,,,,,,,,,,,
,5948,,,0,76.877892,,,,,,,176,64,55,,,,,0,0,1,,,,,,,,,,,,,,,,,,,,,
,5949,,,0,76.885704,,,,,,,128,80,0,,,,,0,0,1,,,,,,,,,,,,,,,,,,,,,
,5950,,,0,76.888308,,,,,,,176,64,49,,,,,0,0,1,,,,,,,,,,,,,,,,,,,,,
,5951,,,0,76.898724,,,,,,,176,64,44,,,,,0,0,1,,,,,,,,,,,,,,,,,,,,,
,5952,,,0,76.909140,,,,,,,176,64,36,,,,,0,0,1,,,,,,,,,,,,,,,,,,,,,
,5953,,,0,76.919556,,,,,,,176,64,32,,,,,0,0,1,,,,,,,,,,,,,,,,,,,,,
,5954,,,0,76.927368,,,,,,,176,64,27,,,,,0,0,1,,,,,,,,,,,,,,,,,,,,,
,5955,,,0,76.937784,,,,,,,176,64,24,,,,,0,0,1,,,,,,,,,,,,,,,,,,,,,
,5956,,,0,76.948200,,,,,,,176,64,20,,,,,0,0,1,,,,,,,,,,,,,,,,,,,,,
315,5957,1,4566,0,76.953408,0.0,0.0,0,C6,,17,144,84,90,,6013,,,0,0,1,0.8661161858081764,0.21951219512195122,0.8250883382199675,0.2689075294117647,1,0.025595,0.071816,0.044049874999999995,0.01022014888880661,1.125,5.125,2.2,0.9286246550679128,0.0,98.678692,78.970034825,15.870989294538122,0.0,4.25,1.0684236,1.0620049096008408
,5958,,,0,76.958616,,,,,,,176,64,19,,,,,0,0,1,,,,,,,,,,,,,,,,,,,,,
315,5959,1,4566,0,76.966428,0.0,0.0,0,F#1,,5,144,30,26,,6013,,,0,0,1,0.8661161858081764,0.21951219512195122,0.8250883382199675,0.2689075294117647,1,0.025595,0.071816,0.044049874999999995,0.01022014888880661,1.125,5.125,2.2,0.9286246550679128,0.0,98.678692,78.970034825,15.870989294538122,0.0,4.25,1.0684236,1.0620049096008408
,5960,,,0,76.969032,,,,,,,176,64,16,,,,,0,0,1,,,,,,,,,,,,,,,,,,,,,
315,5961,1,4566,0,76.976844,0.0,0.0,0,G#1,,5,144,32,26,,6013,,,0,0,1,0.8661161858081764,0.21951219512195122,0.8250883382199675,0.2689075294117647,1,0.025595,0.071816,0.044049874999999995,0.01022014888880661,1.125,5.125,2.2,0.9286246550679128,0.0,98.678692,78.970034825,15.870989294538122,0.0,4.25,1.0684236,1.0620049096008408
,5962,,,0,76.976844,,,,,,,176,64,14,,,,,0,0,1,,,,,,,,,,,,,,,,,,,,,
,5963,,,0,76.987260,,,,,,,176,64,12,,,,,0,0,1,,,,,,,,,,,,,,,,,,,,,
,5964,,,0,77.008092,,,,,,,176,64,10,,,,,0,0,1,,,,,,,,,,,,,,,,,,,,,
,5965,,,0,77.018508,,,,,,,176,64,8,,,,,0,0,1,,,,,,,,,,,,,,,,,,,,,
,5966,,,0,77.039340,,,,,,,176,64,7,,,,,0,0,1,,,,,,,,,,,,,,,,,,,,,
,5967,,,0,77.039340,,,,,,,128,90,0,,,,,0,0,1,,,,,,,,,,,,,,,,,,,,,
,5968,,,0,77.047152,,,,,,,176,64,8,,,,,0,0,1,,,,,,,,,,,,,,,,,,,,,
,5969,,,0,77.067984,,,,,,,176,64,7,,,,,0,0,1,,,,,,,,,,,,,,,,,,,,,
,5970,,,0,77.088816,,,,,,,176,64,8,,,,,0,0,1,,,,,,,,,,,,,,,,,,,,,
,5971,,,0,77.099232,,,,,,,176,64,7,,,,,0,0,1,,,,,,,,,,,,,,,,,,,,,
,5972,,,0,77.109648,,,,,,,176,64,8,,,,,0,0,1,,,,,,,,,,,,,,,,,,,,,
,5973,,,0,77.159124,,,,,,,176,64,7,,,,,0,0,1,,,,,,,,,,,,,,,,,,,,,
,5974,,,0,77.169540,,,,,,,176,64,8,,,,,0,0,1,,,,,,,,,,,,,,,,,,,,,
,5975,,,0,77.187768,,,,,,,176,64,7,,,,,0,0,1,,,,,,,,,,,,,,,,,,,,,
,5976,,,0,77.198184,,,,,,,176,64,8,,,,,0,0,1,,,,,,,,,,,,,,,,,,,,,
,5977,,,0,77.237244,,,,,,,176,64,7,,,,,0,0,1,,,,,,,,,,,,,,,,,,,,,
,5978,,,0,77.289324,,,,,,,176,64,8,,,,,0,0,1,,,,,,,,,,,,,,,,,,,,,
,5979,,,0,77.297136,,,,,,,176,64,7,,,,,0,0,1,,,,,,,,,,,,,,,,,,,,,
,5980,,,0,77.307552,,,,,,,176,64,8,,,,,0,0,1,,,,,,,,,,,,,,,,,,,,,
,5981,,,0,77.330988,,,,,,,176,64,7,,,,,0,0,1,,,,,,,,,,,,,,,,,,,,,
,5982,,,0,77.338800,,,,,,,176,64,8,,,,,0,0,1,,,,,,,,,,,,,,,,,,,,,
,5983,,,0,77.359632,,,,,,,176,64,7,,,,,0,0,1,,,,,,,,,,,,,,,,,,,,,
,5984,,,0,77.367444,,,,,,,176,64,8,,,,,0,0,1,,,,,,,,,,,,,,,,,,,,,
,5985,,,0,77.411712,,,,,,,176,64,7,,,,,0,0,1,,,,,,,,,,,,,,,,,,,,,
,5986,,,0,77.419524,,,,,,,176,64,8,,,,,0,0,1,,,,,,,,,,,,,,,,,,,,,
,5987,,,0,77.429940,,,,,,,176,64,7,,,,,0,0,1,,,,,,,,,,,,,,,,,,,,,
,5988,,,0,77.437752,,,,,,,176,64,8,,,,,0,0,1,,,,,,,,,,,,,,,,,,,,,
,5989,,,0,77.448168,,,,,,,176,64,7,,,,,0,0,1,,,,,,,,,,,,,,,,,,,,,
,5990,,,0,77.458584,,,,,,,176,64,8,,,,,0,0,1,,,,,,,,,,,,,,,,,,,,,
,5991,,,0,77.479416,,,,,,,176,64,7,,,,,0,0,1,,,,,,,,,,,,,,,,,,,,,
,5992,,,0,77.487228,,,,,,,176,64,8,,,,,0,0,1,,,,,,,,,,,,,,,,,,,,,
,5993,,,0,77.578368,,,,,,,176,64,7,,,,,0,0,1,,,,,,,,,,,,,,,,,,,,,
,5994,,,0,77.588784,,,,,,,176,64,8,,,,,0,0,1,,,,,,,,,,,,,,,,,,,,,
,5995,,,0,77.607012,,,,,,,176,64,10,,,,,0,0,1,,,,,,,,,,,,,,,,,,,,,
,5996,,,0,77.617428,,,,,,,176,64,11,,,,,0,0,1,,,,,,,,,,,,,,,,,,,,,
,5997,,,0,77.627844,,,,,,,176,64,12,,,,,0,0,1,,,,,,,,,,,,,,,,,,,,,
,5998,,,0,77.698152,,,,,,,176,64,15,,,,,0,0,1,,,,,,,,,,,,,,,,,,,,,
,5999,,,0,77.708568,,,,,,,176,64,16,,,,,0,0,1,,,,,,,,,,,,,,,,,,,,,
,6000,,,0,77.758044,,,,,,,176,64,15,,,,,0,0,1,,,,,,,,,,,,,,,,,,,,,
,6001,,,0,77.768460,,,,,,,176,64,19,,,,,0,0,1,,,,,,,,,,,,,,,,,,,,,
,6002,,,0,77.778876,,,,,,,176,64,20,,,,,0,0,1,,,,,,,,,,,,,,,,,,,,,
,6003,,,0,77.789292,,,,,,,176,64,21,,,,,0,0,1,,,,,,,,,,,,,,,,,,,,,
,6004,,,0,77.797104,,,,,,,176,64,23,,,,,0,0,1,,,,,,,,,,,,,,,,,,,,,
,6005,,,0,77.817936,,,,,,,176,64,24,,,,,0,0,1,,,,,,,,,,,,,,,,,,,,,
,6006,,,0,77.828352,,,,,,,176,64,25,,,,,0,0,1,,,,,,,,,,,,,,,,,,,,,
,6007,,,0,77.838768,,,,,,,176,64,27,,,,,0,0,1,,,,,,,,,,,,,,,,,,,,,
,6008,,,0,77.898660,,,,,,,176,64,31,,,,,0,0,1,,,,,,,,,,,,,,,,,,,,,
,6009,,,0,77.927304,,,,,,,176,64,34,,,,,0,0,1,,,,,,,,,,,,,,,,,,,,,
,6010,,,0,77.937720,,,,,,,176,64,35,,,,,0,0,1,,,,,,,,,,,,,,,,,,,,,
,6011,,,0,77.958552,,,,,,,176,64,36,,,,,0,0,1,,,,,,,,,,,,,,,,,,,,,
,6012,,,0,77.968968,,,,,,,176,64,39,,,,,0,0,1,,,,,,,,,,,,,,,,,,,,,
,6013,,,0,77.979384,,,,,,,176,64,42,,,,,0,0,1,,,,,,,,,,,,,,,,,,,,,
,6014,,,0,77.987196,,,,,,,176,64,43,,,,,0,0,1,,,,,,,,,,,,,,,,,,,,,
,6015,,,0,77.997612,,,,,,,176,64,44,,,,,0,0,1,,,,,,,,,,,,,,,,,,,,,
,6016,,,0,78.000216,,,,,,,176,67,19,,,,,0,0,1,,,,,,,,,,,,,,,,,,,,,
,6017,,,0,78.008028,,,,,,,176,64,49,,,,,0,0,1,,,,,,,,,,,,,,,,,,,,,
,6018,,,0,78.008028,,,,,,,176,67,20,,,,,0,0,1,,,,,,,,,,,,,,,,,,,,,
,6019,,,0,78.018444,,,,,,,176,64,51,,,,,0,0,1,,,,,,,,,,,,,,,,,,,,,
,6020,,,0,78.028860,,,,,,,176,64,53,,,,,0,0,1,,,,,,,,,,,,,,,,,,,,,
,6021,,,0,78.039276,,,,,,,176,64,57,,,,,0,0,1,,,,,,,,,,,,,,,,,,,,,
,6022,,,0,78.047088,,,,,,,176,64,59,,,,,0,0,1,,,,,,,,,,,,,,,,,,,,,
,6023,,,0,78.057504,,,,,,,176,64,61,,,,,0,0,1,,,,,,,,,,,,,,,,,,,,,
,6024,,,0,78.067920,,,,,,,176,64,67,,,,,1,0,1,,,,,,,,,,,,,,,,,,,,,
,6025,,,0,78.078336,,,,,,,176,64,70,,,,,1,0,1,,,,,,,,,,,,,,,,,,,,,
,6026,,,0,78.088752,,,,,,,176,64,71,,,,,1,0,1,,,,,,,,,,,,,,,,,,,,,
,6027,,,0,78.099168,,,,,,,176,64,75,,,,,1,0,1,,,,,,,,,,,,,,,,,,,,,
,6028,,,0,78.117396,,,,,,,176,64,79,,,,,1,0,1,,,,,,,,,,,,,,,,,,,,,
,6029,,,0,78.148644,,,,,,,176,64,83,,,,,1,0,1,,,,,,,,,,,,,,,,,,,,,
,6030,,,0,78.169476,,,,,,,176,64,84,,,,,1,0,1,,,,,,,,,,,,,,,,,,,,,
,6031,,,0,78.187704,,,,,,,176,64,85,,,,,1,0,1,,,,,,,,,,,,,,,,,,,,,
,6032,,,0,78.198120,,,,,,,176,64,87,,,,,1,0,1,,,,,,,,,,,,,,,,,,,,,
,6033,,,0,78.247596,,,,,,,176,64,89,,,,,1,0,1,,,,,,,,,,,,,,,,,,,,,
,6034,,,0,78.258012,,,,,,,176,64,91,,,,,1,0,1,,,,,,,,,,,,,,,,,,,,,
,6035,,,0,78.289260,,,,,,,176,64,95,,,,,1,0,1,,,,,,,,,,,,,,,,,,,,,
,6036,,,0,78.307488,,,,,,,176,64,98,,,,,1,0,1,,,,,,,,,,,,,,,,,,,,,
,6037,,,0,78.317904,,,,,,,176,64,99,,,,,1,0,1,,,,,,,,,,,,,,,,,,,,,
,6038,,,0,78.377796,,,,,,,176,64,103,,,,,1,0,1,,,,,,,,,,,,,,,,,,,,,
,6039,,,0,78.427272,,,,,,,176,64,102,,,,,1,0,1,,,,,,,,,,,,,,,,,,,,,
,6040,,,0,78.437688,,,,,,,176,64,103,,,,,1,0,1,,,,,,,,,,,,,,,,,,,,,
,6041,,,0,78.539244,,,,,,,176,64,102,,,,,1,0,1,,,,,,,,,,,,,,,,,,,,,
,6042,,,0,78.547056,,,,,,,176,64,103,,,,,1,0,1,,,,,,,,,,,,,,,,,,,,,
,6043,,,0,78.919428,,,,,,,176,67,19,,,,,1,0,1,,,,,,,,,,,,,,,,,,,,,
,6044,,,0,78.927240,,,,,,,176,67,20,,,,,1,0,1,,,,,,,,,,,,,,,,,,,,,
,6045,,,0,79.083480,,,,,,,128,32,0,,,,,1,0,1,,,,,,,,,,,,,,,,,,,,,
,6046,,,0,79.096500,,,,,,,128,30,0,,,,,1,0,1,,,,,,,,,,,,,,,,,,,,,
,6047,,,0,79.377732,,,,,,,176,64,106,,,,,1,0,1,,,,,,,,,,,,,,,,,,,,,
,6048,,,0,79.388148,,,,,,,176,64,107,,,,,1,0,1,,,,,,,,,,,,,,,,,,,,,
,6049,,,0,79.398564,,,,,,,176,66,0,,,,,1,0,0,,,,,,,,,,,,,,,,,,,,,
,6050,,,0,79.437624,,,,,,,128,84,0,,,,,1,0,0,,,,,,,,,,,,,,,,,,,,,
,6051,,,0,79.448040,,,,,,,176,64,111,,,,,1,0,0,,,,,,,,,,,,,,,,,,,,,
,6052,,,0,79.458456,,,,,,,176,64,110,,,,,1,0,0,,,,,,,,,,,,,,,,,,,,,
,6053,,,0,79.468872,,,,,,,176,64,111,,,,,1,0,0,,,,,,,,,,,,,,,,,,,,,
,6054,,,0,79.518348,,,,,,,176,64,110,,,,,1,0,0,,,,,,,,,,,,,,,,,,,,,
,6055,,,0,79.528764,,,,,,,176,64,111,,,,,1,0,0,,,,,,,,,,,,,,,,,,,,,
,6056,,,0,79.567824,,,,,,,176,64,110,,,,,1,0,0,,,,,,,,,,,,,,,,,,,,,
,6057,,,0,79.588656,,,,,,,176,64,111,,,,,1,0,0,,,,,,,,,,,,,,,,,,,,,
,6058,,,0,79.606884,,,,,,,176,64,110,,,,,1,0,0,,,,,,,,,,,,,,,,,,,,,
,6059,,,0,79.617300,,,,,,,176,64,111,,,,,1,0,0,,,,,,,,,,,,,,,,,,,,,
,6060,,,0,79.997484,,,,,,,176,64,110,,,,,1,0,0,,,,,,,,,,,,,,,,,,,,,
,6061,,,0,80.007900,,,,,,,176,64,111,,,,,1,0,0,,,,,,,,,,,,,,,,,,,,,
,6062,,,0,80.046960,,,,,,,176,67,19,,,,,1,0,0,,,,,,,,,,,,,,,,,,,,,
,6063,,,0,80.057376,,,,,,,176,67,20,,,,,1,0,0,,,,,,,,,,,,,,,,,,,,,
,6064,,,0,80.099040,,,,,,,176,64,110,,,,,1,0,0,,,,,,,,,,,,,,,,,,,,,
,6065,,,0,80.109456,,,,,,,176,64,111,,,,,1,0,0,,,,,,,,,,,,,,,,,,,,,
,6066,,,0,80.138100,,,,,,,176,64,110,,,,,1,0,0,,,,,,,,,,,,,,,,,,,,,
316,6067,1,4568,0,80.156328,0.0,0.0,0,A#1,,20,144,34,106,,6013,,,1,0,0,0.8661161858081764,0.21951219512195122,0.8250883382199675,0.2689075294117647,1,0.025595,0.071816,0.044049874999999995,0.01022014888880661,1.125,5.125,2.2,0.9286246550679128,0.0,98.678692,78.970034825,15.870989294538122,0.0,4.25,1.0684236,1.0620049096008408
,6068,,,0,80.158932,,,,,,,176,64,111,,,,,1,0,0,,,,,,,,,,,,,,,,,,,,,
,6069,,,0,80.224032,,,,,,,128,34,0,,,,,1,0,0,,,,,,,,,,,,,,,,,,,,,
,6070,,,0,80.237052,,,,,,,176,64,110,,,,,1,0,0,,,,,,,,,,,,,,,,,,,,,
,6071,,,0,80.247468,,,,,,,176,64,111,,,,,1,0,0,,,,,,,,,,,,,,,,,,,,,
,6072,,,0,80.546928,,,,,,,176,64,110,,,,,1,0,0,,,,,,,,,,,,,,,,,,,,,
,6073,,,0,80.557344,,,,,,,176,64,111,,,,,1,0,0,,,,,,,,,,,,,,,,,,,,,
,6074,,,0,80.588592,,,,,,,176,64,110,,,,,1,0,0,,,,,,,,,,,,,,,,,,,,,
316,6075,1,4569,0,80.591196,0.0,0.0,0,D7,,22,144,98,117,,6014,,,1,0,0,0.5322371115922523,1.0,,0.6628911757246015,1,0.019516,0.085445,0.042524400000000004,0.014788767908111884,2.204167,4.075,3.110208275,0.4105572093670374,0.0,0.0,0.0,0.0,1.720779,4.912562,3.0847673999999996,0.5564339028241271
,6076,,,0,80.599008,,,,,,,176,64,107,,,,,1,0,0,,,,,,,,,,,,,,,,,,,,,
316,6077,1,4569,0,80.599008,0.0,0.0,0,A#1,,22,144,34,117,,6014,,,1,0,0,0.5322371115922523,1.0,,0.6628911757246015,1,0.019516,0.085445,0.042524400000000004,0.014788767908111884,2.204167,4.075,3.110208275,0.4105572093670374,0.0,0.0,0.0,0.0,1.720779,4.912562,3.0847673999999996,0.5564339028241271
,6078,,,0,80.606820,,,,,,,176,64,100,,,,,1,0,0,,,,,,,,,,,,,,,,,,,,,
,6079,,,0,80.617236,,,,,,,176,64,84,,,,,1,0,0,,,,,,,,,,,,,,,,,,,,,
,6080,,,0,80.627652,,,,,,,176,64,60,,,,,0,0,0,,,,,,,,,,,,,,,,,,,,,
,6081,,,0,80.638068,,,,,,,176,64,31,,,,,0,0,0,,,,,,,,,,,,,,,,,,,,,
,6082,,,0,80.648484,,,,,,,176,64,13,,,,,0,0,0,,,,,,,,,,,,,,,,,,,,,
,6083,,,0,80.658900,,,,,,,176,64,8,,,,,0,0,0,,,,,,,,,,,,,,,,,,,,,
,6084,,,0,80.697960,,,,,,,176,64,7,,,,,0,0,0,,,,,,,,,,,,,,,,,,,,,
,6085,,,0,80.708376,,,,,,,176,64,8,,,,,0,0,0,,,,,,,,,,,,,,,,,,,,,
,6086,,,0,80.718792,,,,,,,176,64,7,,,,,0,0,0,,,,,,,,,,,,,,,,,,,,,
,6087,,,0,80.737020,,,,,,,176,64,8,,,,,0,0,0,,,,,,,,,,,,,,,,,,,,,
,6088,,,0,80.867220,,,,,,,176,64,7,,,,,0,0,0,,,,,,,,,,,,,,,,,,,,,
,6089,,,0,80.877636,,,,,,,176,64,8,,,,,0,0,0,,,,,,,,,,,,,,,,,,,,,
,6090,,,0,80.898468,,,,,,,176,64,7,,,,,0,0,0,,,,,,,,,,,,,,,,,,,,,
,6091,,,0,80.908884,,,,,,,176,64,8,,,,,0,0,0,,,,,,,,,,,,,,,,,,,,,
,6092,,,0,80.947944,,,,,,,176,64,7,,,,,0,0,0,,,,,,,,,,,,,,,,,,,,,
,6093,,,0,80.958360,,,,,,,176,64,8,,,,,0,0,0,,,,,,,,,,,,,,,,,,,,,
,6094,,,0,81.007836,,,,,,,176,64,7,,,,,0,0,0,,,,,,,,,,,,,,,,,,,,,
,6095,,,0,81.018252,,,,,,,176,64,9,,,,,0,0,0,,,,,,,,,,,,,,,,,,,,,
,6096,,,0,81.028668,,,,,,,176,64,12,,,,,0,0,0,,,,,,,,,,,,,,,,,,,,,
,6097,,,0,81.057312,,,,,,,176,64,15,,,,,0,0,0,,,,,,,,,,,,,,,,,,,,,
,6098,,,0,81.067728,,,,,,,176,64,17,,,,,0,0,0,,,,,,,,,,,,,,,,,,,,,
,6099,,,0,81.078144,,,,,,,176,64,19,,,,,0,0,0,,,,,,,,,,,,,,,,,,,,,
,6100,,,0,81.088560,,,,,,,176,64,20,,,,,0,0,0,,,,,,,,,,,,,,,,,,,,,
,6101,,,0,81.098976,,,,,,,176,64,22,,,,,0,0,0,,,,,,,,,,,,,,,,,,,,,
,6102,,,0,81.106788,,,,,,,176,64,23,,,,,0,0,0,,,,,,,,,,,,,,,,,,,,,
,6103,,,0,81.158868,,,,,,,176,64,27,,,,,0,0,0,,,,,,,,,,,,,,,,,,,,,
,6104,,,0,81.177096,,,,,,,176,64,29,,,,,0,0,0,,,,,,,,,,,,,,,,,,,,,
,6105,,,0,81.187512,,,,,,,176,64,31,,,,,0,0,0,,,,,,,,,,,,,,,,,,,,,
,6106,,,0,81.208344,,,,,,,176,64,34,,,,,0,0,0,,,,,,,,,,,,,,,,,,,,,
,6107,,,0,81.218760,,,,,,,176,64,35,,,,,0,0,0,,,,,,,,,,,,,,,,,,,,,
,6108,,,0,81.257820,,,,,,,176,64,38,,,,,0,0,0,,,,,,,,,,,,,,,,,,,,,
,6109,,,0,81.268236,,,,,,,176,64,39,,,,,0,0,0,,,,,,,,,,,,,,,,,,,,,
,6110,,,0,81.278652,,,,,,,176,64,41,,,,,0,0,0,,,,,,,,,,,,,,,,,,,,,
,6111,,,0,81.289068,,,,,,,176,64,43,,,,,0,0,0,,,,,,,,,,,,,,,,,,,,,
,6112,,,0,81.307296,,,,,,,176,64,46,,,,,0,0,0,,,,,,,,,,,,,,,,,,,,,
,6113,,,0,81.317712,,,,,,,176,64,49,,,,,0,0,0,,,,,,,,,,,,,,,,,,,,,
,6114,,,0,81.328128,,,,,,,176,64,51,,,,,0,0,0,,,,,,,,,,,,,,,,,,,,,
,6115,,,0,81.338544,,,,,,,176,64,56,,,,,0,0,0,,,,,,,,,,,,,,,,,,,,,
,6116,,,0,81.348960,,,,,,,176,64,59,,,,,0,0,0,,,,,,,,,,,,,,,,,,,,,
,6117,,,0,81.359376,,,,,,,176,64,63,,,,,0,0,0,,,,,,,,,,,,,,,,,,,,,
,6118,,,0,81.369792,,,,,,,176,64,67,,,,,1,0,0,,,,,,,,,,,,,,,,,,,,,
,6119,,,0,81.377604,,,,,,,176,64,70,,,,,1,0,0,,,,,,,,,,,,,,,,,,,,,
,6120,,,0,81.388020,,,,,,,176,64,73,,,,,1,0,0,,,,,,,,,,,,,,,,,,,,,
,6121,,,0,81.398436,,,,,,,176,64,76,,,,,1,0,0,,,,,,,,,,,,,,,,,,,,,
,6122,,,0,81.408852,,,,,,,176,64,79,,,,,1,0,0,,,,,,,,,,,,,,,,,,,,,
,6123,,,0,81.416664,,,,,,,176,64,84,,,,,1,0,0,,,,,,,,,,,,,,,,,,,,,
,6124,,,0,81.429684,,,,,,,176,64,89,,,,,1,0,0,,,,,,,,,,,,,,,,,,,,,
,6125,,,0,81.437496,,,,,,,176,64,94,,,,,1,0,0,,,,,,,,,,,,,,,,,,,,,
,6126,,,0,81.447912,,,,,,,176,64,101,,,,,1,0,0,,,,,,,,,,,,,,,,,,,,,
,6127,,,0,81.458328,,,,,,,176,64,107,,,,,1,0,0,,,,,,,,,,,,,,,,,,,,,
,6128,,,0,81.468744,,,,,,,176,64,110,,,,,1,0,0,,,,,,,,,,,,,,,,,,,,,
,6129,,,0,81.497388,,,,,,,176,64,111,,,,,1,0,0,,,,,,,,,,,,,,,,,,,,,
,6130,,,0,81.528636,,,,,,,176,64,110,,,,,1,0,0,,,,,,,,,,,,,,,,,,,,,
,6131,,,0,81.539052,,,,,,,176,64,111,,,,,1,0,0,,,,,,,,,,,,,,,,,,,,,
,6132,,,0,81.619776,,,,,,,176,64,110,,,,,1,0,0,,,,,,,,,,,,,,,,,,,,,
,6133,,,0,81.627588,,,,,,,176,64,111,,,,,1,0,0,,,,,,,,,,,,,,,,,,,,,
,6134,,,0,81.697896,,,,,,,176,64,114,,,,,1,0,0,,,,,,,,,,,,,,,,,,,,,
,6135,,,0,81.708312,,,,,,,176,64,111,,,,,1,0,0,,,,,,,,,,,,,,,,,,,,,
,6136,,,0,81.718728,,,,,,,176,64,114,,,,,1,0,0,,,,,,,,,,,,,,,,,,,,,
,6137,,,0,81.729144,,,,,,,176,64,113,,,,,1,0,0,,,,,,,,,,,,,,,,,,,,,
,6138,,,0,81.736956,,,,,,,176,64,114,,,,,1,0,0,,,,,,,,,,,,,,,,,,,,,
,6139,,,0,81.757788,,,,,,,176,64,112,,,,,1,0,0,,,,,,,,,,,,,,,,,,,,,
,6140,,,0,81.768204,,,,,,,176,64,114,,,,,1,0,0,,,,,,,,,,,,,,,,,,,,,
,6141,,,0,81.778620,,,,,,,176,64,113,,,,,1,0,0,,,,,,,,,,,,,,,,,,,,,
,6142,,,0,81.789036,,,,,,,176,64,114,,,,,1,0,0,,,,,,,,,,,,,,,,,,,,,
,6143,,,0,81.796848,,,,,,,176,64,112,,,,,1,0,0,,,,,,,,,,,,,,,,,,,,,
,6144,,,0,81.807264,,,,,,,176,64,115,,,,,1,0,0,,,,,,,,,,,,,,,,,,,,,
,6145,,,0,81.817680,,,,,,,176,64,114,,,,,1,0,0,,,,,,,,,,,,,,,,,,,,,
,6146,,,0,81.838512,,,,,,,176,64,115,,,,,1,0,0,,,,,,,,,,,,,,,,,,,,,
,6147,,,0,81.848928,,,,,,,176,64,114,,,,,1,0,0,,,,,,,,,,,,,,,,,,,,,
,6148,,,0,81.867156,,,,,,,176,64,115,,,,,1,0,0,,,,,,,,,,,,,,,,,,,,,
,6149,,,0,81.877572,,,,,,,176,64,114,,,,,1,0,0,,,,,,,,,,,,,,,,,,,,,
,6150,,,0,81.898404,,,,,,,176,64,115,,,,,1,0,0,,,,,,,,,,,,,,,,,,,,,
,6151,,,0,81.908820,,,,,,,176,64,113,,,,,1,0,0,,,,,,,,,,,,,,,,,,,,,
,6152,,,0,81.916632,,,,,,,176,64,114,,,,,1,0,0,,,,,,,,,,,,,,,,,,,,,
,6153,,,0,81.927048,,,,,,,176,64,113,,,,,1,0,0,,,,,,,,,,,,,,,,,,,,,
,6154,,,0,81.937464,,,,,,,176,64,114,,,,,1,0,0,,,,,,,,,,,,,,,,,,,,,
,6155,,,0,81.947880,,,,,,,176,64,115,,,,,1,0,0,,,,,,,,,,,,,,,,,,,,,
,6156,,,0,81.958296,,,,,,,176,64,114,,,,,1,0,0,,,,,,,,,,,,,,,,,,,,,
,6157,,,0,82.007772,,,,,,,176,64,115,,,,,1,0,0,,,,,,,,,,,,,,,,,,,,,
,6158,,,0,82.018188,,,,,,,176,64,114,,,,,1,0,0,,,,,,,,,,,,,,,,,,,,,
,6159,,,0,82.057248,,,,,,,176,64,113,,,,,1,0,0,,,,,,,,,,,,,,,,,,,,,
,6160,,,0,82.067664,,,,,,,176,64,114,,,,,1,0,0,,,,,,,,,,,,,,,,,,,,,
,6161,,,0,82.098912,,,,,,,176,64,113,,,,,1,0,0,,,,,,,,,,,,,,,,,,,,,
,6162,,,0,82.106724,,,,,,,176,64,114,,,,,1,0,0,,,,,,,,,,,,,,,,,,,,,
,6163,,,0,82.148388,,,,,,,176,64,111,,,,,1,0,0,,,,,,,,,,,,,,,,,,,,,
,6164,,,0,82.158804,,,,,,,176,64,114,,,,,1,0,0,,,,,,,,,,,,,,,,,,,,,
,6165,,,0,82.166616,,,,,,,176,64,112,,,,,1,0,0,,,,,,,,,,,,,,,,,,,,,
,6166,,,0,82.177032,,,,,,,176,64,113,,,,,1,0,0,,,,,,,,,,,,,,,,,,,,,
,6167,,,0,82.187448,,,,,,,176,64,111,,,,,1,0,0,,,,,,,,,,,,,,,,,,,,,
,6168,,,0,82.197864,,,,,,,176,64,112,,,,,1,0,0,,,,,,,,,,,,,,,,,,,,,
,6169,,,0,82.208280,,,,,,,176,64,113,,,,,1,0,0,,,,,,,,,,,,,,,,,,,,,
,6170,,,0,82.218696,,,,,,,176,64,111,,,,,1,0,0,,,,,,,,,,,,,,,,,,,,,
,6171,,,0,82.229112,,,,,,,176,64,113,,,,,1,0,0,,,,,,,,,,,,,,,,,,,,,
,6172,,,0,82.236924,,,,,,,176,64,111,,,,,1,0,0,,,,,,,,,,,,,,,,,,,,,
,6173,,,0,82.239528,,,,,,,176,67,19,,,,,1,0,0,,,,,,,,,,,,,,,,,,,,,
,6174,,,0,82.247340,,,,,,,176,67,20,,,,,1,0,0,,,,,,,,,,,,,,,,,,,,,
,6175,,,0,82.252548,,,,,,,128,98,0,,,,,1,0,0,,,,,,,,,,,,,,,,,,,,,
,6176,,,0,82.268172,,,,,,,176,64,113,,,,,1,0,0,,,,,,,,,,,,,,,,,,,,,
,6177,,,0,82.278588,,,,,,,176,64,111,,,,,1,0,0,,,,,,,,,,,,,,,,,,,,,
,6178,,,0,82.289004,,,,,,,176,64,113,,,,,1,0,0,,,,,,,,,,,,,,,,,,,,,
,6179,,,0,82.296816,,,,,,,176,64,111,,,,,1,0,0,,,,,,,,,,,,,,,,,,,,,
,6180,,,0,82.307232,,,,,,,176,64,112,,,,,1,0,0,,,,,,,,,,,,,,,,,,,,,
,6181,,,0,82.317648,,,,,,,176,64,111,,,,,1,0,0,,,,,,,,,,,,,,,,,,,,,
,6182,,,0,82.341084,,,,,,,176,64,112,,,,,1,0,0,,,,,,,,,,,,,,,,,,,,,
,6183,,,0,82.348896,,,,,,,176,64,111,,,,,1,0,0,,,,,,,,,,,,,,,,,,,,,
,6184,,,0,82.393164,,,,,,,128,34,0,,,,,1,0,0,,,,,,,,,,,,,,,,,,,,,
,6185,,,0,82.398372,,,,,,,176,64,112,,,,,1,0,0,,,,,,,,,,,,,,,,,,,,,
,6186,,,0,82.408788,,,,,,,176,64,111,,,,,1,0,0,,,,,,,,,,,,,,,,,,,,,
,6187,,,0,82.486908,,,,,,,176,67,19,,,,,1,0,0,,,,,,,,,,,,,,,,,,,,,
,6188,,,0,82.497324,,,,,,,176,67,20,,,,,1,0,0,,,,,,,,,,,,,,,,,,,,,
,6189,,,0,82.637940,,,,,,,176,64,112,,,,,1,0,0,,,,,,,,,,,,,,,,,,,,,
,6190,,,0,82.648356,,,,,,,176,64,111,,,,,1,0,0,,,,,,,,,,,,,,,,,,,,,
,6191,,,0,82.697832,,,,,,,176,67,19,,,,,1,0,0,,,,,,,,,,,,,,,,,,,,,
,6192,,,0,82.708248,,,,,,,176,67,20,,,,,1,0,0,,,,,,,,,,,,,,,,,,,,,
,6193,,,0,82.788972,,,,,,,176,64,110,,,,,1,0,0,,,,,,,,,,,,,,,,,,,,,
,6194,,,0,82.796784,,,,,,,176,64,111,,,,,1,0,0,,,,,,,,,,,,,,,,,,,,,
,6195,,,0,82.916568,,,,,,,176,64,110,,,,,1,0,0,,,,,,,,,,,,,,,,,,,,,
,6196,,,0,82.926984,,,,,,,176,64,111,,,,,1,0,0,,,,,,,,,,,,,,,,,,,,,
,6197,,,0,82.929588,,,,,,,176,67,19,,,,,1,0,0,,,,,,,,,,,,,,,,,,,,,
,6198,,,0,82.937400,,,,,,,176,67,20,,,,,1,0,0,,,,,,,,,,,,,,,,,,,,,
,6199,,,0,83.106660,,,,,,,176,67,19,,,,,1,0,0,,,,,,,,,,,,,,,,,,,,,
,6200,,,0,83.117076,,,,,,,176,67,20,,,,,1,0,0,,,,,,,,,,,,,,,,,,,,,
,6201,,,0,83.247276,,,,,,,176,64,112,,,,,1,0,0,,,,,,,,,,,,,,,,,,,,,
,6202,,,0,83.257692,,,,,,,176,64,111,,,,,1,0,0,,,,,,,,,,,,,,,,,,,,,
,6203,,,0,83.377476,,,,,,,176,67,19,,,,,1,0,0,,,,,,,,,,,,,,,,,,,,,
,6204,,,0,83.387892,,,,,,,176,67,20,,,,,1,0,0,,,,,,,,,,,,,,,,,,,,,
,6205,,,0,83.416536,,,,,,,176,64,110,,,,,1,0,0,,,,,,,,,,,,,,,,,,,,,
,6206,,,0,83.426952,,,,,,,176,64,111,,,,,1,0,0,,,,,,,,,,,,,,,,,,,,,
,6207,,,0,83.538924,,,,,,,176,64,110,,,,,1,0,0,,,,,,,,,,,,,,,,,,,,,
,6208,,,0,83.546736,,,,,,,176,64,111,,,,,1,0,0,,,,,,,,,,,,,,,,,,,,,
,6209,,,0,83.557152,,,,,,,176,64,110,,,,,1,0,0,,,,,,,,,,,,,,,,,,,,,
,6210,,,0,83.567568,,,,,,,176,64,111,,,,,1,0,0,,,,,,,,,,,,,,,,,,,,,
,6211,,,0,83.598816,,,,,,,176,64,110,,,,,1,0,0,,,,,,,,,,,,,,,,,,,,,
,6212,,,0,83.617044,,,,,,,176,64,111,,,,,1,0,0,,,,,,,,,,,,,,,,,,,,,
,6213,,,0,83.687352,,,,,,,176,64,112,,,,,1,0,0,,,,,,,,,,,,,,,,,,,,,
,6214,,,0,83.697768,,,,,,,176,64,111,,,,,1,0,0,,,,,,,,,,,,,,,,,,,,,
,6215,,,0,83.718600,,,,,,,176,64,110,,,,,1,0,0,,,,,,,,,,,,,,,,,,,,,
,6216,,,0,83.729016,,,,,,,176,64,111,,,,,1,0,0,,,,,,,,,,,,,,,,,,,,,
,6217,,,0,83.736828,,,,,,,176,64,110,,,,,1,0,0,,,,,,,,,,,,,,,,,,,,,
,6218,,,0,83.747244,,,,,,,176,64,111,,,,,1,0,0,,,,,,,,,,,,,,,,,,,,,
,6219,,,0,83.796720,,,,,,,176,67,21,,,,,1,0,0,,,,,,,,,,,,,,,,,,,,,
,6220,,,0,83.807136,,,,,,,176,67,20,,,,,1,0,0,,,,,,,,,,,,,,,,,,,,,
,6221,,,0,83.827968,,,,,,,176,64,110,,,,,1,0,0,,,,,,,,,,,,,,,,,,,,,
,6222,,,0,83.827968,,,,,,,176,67,21,,,,,1,0,0,,,,,,,,,,,,,,,,,,,,,
,6223,,,0,83.838384,,,,,,,176,64,111,,,,,1,0,0,,,,,,,,,,,,,,,,,,,,,
,6224,,,0,83.838384,,,,,,,176,67,23,,,,,1,0,0,,,,,,,,,,,,,,,,,,,,,
,6225,,,0,83.848800,,,,,,,176,67,27,,,,,1,0,0,,,,,,,,,,,,,,,,,,,,,
,6226,,,0,83.856612,,,,,,,176,64,110,,,,,1,0,0,,,,,,,,,,,,,,,,,,,,,
,6227,,,0,83.867028,,,,,,,176,67,33,,,,,1,0,0,,,,,,,,,,,,,,,,,,,,,
,6228,,,0,83.877444,,,,,,,176,64,111,,,,,1,0,0,,,,,,,,,,,,,,,,,,,,,
,6229,,,0,83.880048,,,,,,,176,67,37,,,,,1,0,0,,,,,,,,,,,,,,,,,,,,,
,6230,,,0,83.887860,,,,,,,176,67,45,,,,,1,0,0,,,,,,,,,,,,,,,,,,,,,
,6231,,,0,83.898276,,,,,,,176,67,57,,,,,1,0,0,,,,,,,,,,,,,,,,,,,,,
,6232,,,0,83.908692,,,,,,,176,67,73,,,,,1,1,0,,,,,,,,,,,,,,,,,,,,,
,6233,,,0,83.916504,,,,,,,176,67,96,,,,,1,1,0,,,,,,,,,,,,,,,,,,,,,
,6234,,,0,83.926920,,,,,,,176,67,123,,,,,1,1,0,,,,,,,,,,,,,,,,,,,,,
,6235,,,0,83.937336,,,,,,,176,67,127,,,,,1,1,0,,,,,,,,,,,,,,,,,,,,,
,6236,,,0,83.968584,,,,,,,176,64,110,,,,,1,1,0,,,,,,,,,,,,,,,,,,,,,
,6237,,,0,83.979000,,,,,,,176,64,111,,,,,1,1,0,,,,,,,,,,,,,,,,,,,,,
,6238,,,0,84.049308,,,,,,,176,64,110,,,,,1,1,0,,,,,,,,,,,,,,,,,,,,,
,6239,,,0,84.059724,,,,,,,176,64,111,,,,,1,1,0,,,,,,,,,,,,,,,,,,,,,
,6240,,,0,84.117012,,,,,,,176,64,110,,,,,1,1,0,,,,,,,,,,,,,,,,,,,,,
,6241,,,0,84.130032,,,,,,,176,64,111,,,,,1,1,0,,,,,,,,,,,,,,,,,,,,,
,6242,,,0,84.148260,,,,,,,176,64,110,,,,,1,1,0,,,,,,,,,,,,,,,,,,,,,
,6243,,,0,84.158676,,,,,,,176,64,111,,,,,1,1,0,,,,,,,,,,,,,,,,,,,,,
,6244,,,0,84.299292,,,,,,,176,64,110,,,,,1,1,0,,,,,,,,,,,,,,,,,,,,,
,6245,,,0,84.309708,,,,,,,176,64,111,,,,,1,1,0,,,,,,,,,,,,,,,,,,,,,
316,6246,1,4570,0,84.322728,0.0,0.0,0,C#5,,5,144,73,26,,6014,,,1,1,0,0.5322371115922523,1.0,,0.6628911757246015,1,0.019516,0.085445,0.042524400000000004,0.014788767908111884,2.204167,4.075,3.110208275,0.4105572093670374,0.0,0.0,0.0,0.0,1.720779,4.912562,3.0847673999999996,0.5564339028241271
,6247,,,0,84.348768,,,,,,,176,64,110,,,,,1,1,0,,,,,,,,,,,,,,,,,,,,,
,6248,,,0,84.356580,,,,,,,176,64,111,,,,,1,1,0,,,,,,,,,,,,,,,,,,,,,
,6249,,,0,84.366996,,,,,,,176,64,109,,,,,1,1,0,,,,,,,,,,,,,,,,,,,,,
,6250,,,0,84.377412,,,,,,,176,64,107,,,,,1,1,0,,,,,,,,,,,,,,,,,,,,,
,6251,,,0,84.387828,,,,,,,176,64,105,,,,,1,1,0,,,,,,,,,,,,,,,,,,,,,
,6252,,,0,84.398244,,,,,,,176,64,99,,,,,1,1,0,,,,,,,,,,,,,,,,,,,,,
,6253,,,0,84.408660,,,,,,,176,64,88,,,,,1,1,0,,,,,,,,,,,,,,,,,,,,,
316,6254,1,4571,0,84.413868,0.0,0.0,0,C#5,,5,144,73,26,,6014,,,1,1,0,0.5322371115922523,1.0,,0.6628911757246015,1,0.019516,0.085445,0.042524400000000004,0.014788767908111884,2.204167,4.075,3.110208275,0.4105572093670374,0.0,0.0,0.0,0.0,1.720779,4.912562,3.0847673999999996,0.5564339028241271
,6255,,,0,84.416472,,,,,,,176,64,73,,,,,1,1,0,,,,,,,,,,,,,,,,,,,,,
,6256,,,0,84.426888,,,,,,,176,64,55,,,,,0,1,0,,,,,,,,,,,,,,,,,,,,,
316,6257,1,4571,0,84.429492,0.0,0.0,0,F#2,,5,144,42,26,,6014,,,0,1,0,0.5322371115922523,1.0,,0.6628911757246015,1,0.019516,0.085445,0.042524400000000004,0.014788767908111884,2.204167,4.075,3.110208275,0.4105572093670374,0.0,0.0,0.0,0.0,1.720779,4.912562,3.0847673999999996,0.5564339028241271
,6258,,,0,84.437304,,,,,,,176,64,38,,,,,0,1,0,,,,,,,,,,,,,,,,,,,,,
,6259,,,0,84.447720,,,,,,,176,64,24,,,,,0,1,0,,,,,,,,,,,,,,,,,,,,,
,6260,,,0,84.458136,,,,,,,176,64,17,,,,,0,1,0,,,,,,,,,,,,,,,,,,,,,
,6261,,,0,84.468552,,,,,,,176,64,12,,,,,0,1,0,,,,,,,,,,,,,,,,,,,,,
,6262,,,0,84.518028,,,,,,,176,64,11,,,,,0,1,0,,,,,,,,,,,,,,,,,,,,,
,6263,,,0,84.528444,,,,,,,176,64,12,,,,,0,1,0,,,,,,,,,,,,,,,,,,,,,
,6264,,,0,84.538860,,,,,,,176,64,11,,,,,0,1,0,,,,,,,,,,,,,,,,,,,,,
,6265,,,0,84.546672,,,,,,,176,64,12,,,,,0,1,0,,,,,,,,,,,,,,,,,,,,,
,6266,,,0,84.577920,,,,,,,176,64,11,,,,,0,1,0,,,,,,,,,,,,,,,,,,,,,
,6267,,,0,84.588336,,,,,,,176,64,12,,,,,0,1,0,,,,,,,,,,,,,,,,,,,,,
,6268,,,0,84.598752,,,,,,,176,64,10,,,,,0,1,0,,,,,,,,,,,,,,,,,,,,,
,6269,,,0,84.606564,,,,,,,176,64,11,,,,,0,1,0,,,,,,,,,,,,,,,,,,,,,
,6270,,,0,84.616980,,,,,,,176,64,8,,,,,0,1,0,,,,,,,,,,,,,,,,,,,,,
,6271,,,0,84.627396,,,,,,,176,64,9,,,,,0,1,0,,,,,,,,,,,,,,,,,,,,,
,6272,,,0,84.637812,,,,,,,176,64,8,,,,,0,1,0,,,,,,,,,,,,,,,,,,,,,
,6273,,,0,84.747180,,,,,,,176,64,7,,,,,0,1,0,,,,,,,,,,,,,,,,,,,,,
,6274,,,0,84.757596,,,,,,,176,64,8,,,,,0,1,0,,,,,,,,,,,,,,,,,,,,,
,6275,,,0,84.778428,,,,,,,176,64,7,,,,,0,1,0,,,,,,,,,,,,,,,,,,,,,
,6276,,,0,84.788844,,,,,,,176,64,8,,,,,0,1,0,,,,,,,,,,,,,,,,,,,,,
,6277,,,0,84.807072,,,,,,,176,64,7,,,,,0,1,0,,,,,,,,,,,,,,,,,,,,,
,6278,,,0,84.817488,,,,,,,176,64,8,,,,,0,1,0,,,,,,,,,,,,,,,,,,,,,
,6279,,,0,84.838320,,,,,,,176,64,7,,,,,0,1,0,,,,,,,,,,,,,,,,,,,,,
,6280,,,0,84.848736,,,,,,,176,64,8,,,,,0,1,0,,,,,,,,,,,,,,,,,,,,,
,6281,,,0,84.856548,,,,,,,176,64,7,,,,,0,1,0,,,,,,,,,,,,,,,,,,,,,
,6282,,,0,84.866964,,,,,,,176,64,8,,,,,0,1,0,,,,,,,,,,,,,,,,,,,,,
,6283,,,0,84.916440,,,,,,,176,64,7,,,,,0,1,0,,,,,,,,,,,,,,,,,,,,,
,6284,,,0,84.926856,,,,,,,176,64,8,,,,,0,1,0,,,,,,,,,,,,,,,,,,,,,
,6285,,,0,84.986748,,,,,,,176,64,7,,,,,0,1,0,,,,,,,,,,,,,,,,,,,,,
,6286,,,0,85.007580,,,,,,,176,64,8,,,,,0,1,0,,,,,,,,,,,,,,,,,,,,,
,6287,,,0,85.017996,,,,,,,176,64,7,,,,,0,1,0,,,,,,,,,,,,,,,,,,,,,
,6288,,,0,85.038828,,,,,,,176,64,8,,,,,0,1,0,,,,,,,,,,,,,,,,,,,,,
,6289,,,0,85.057056,,,,,,,176,64,7,,,,,0,1,0,,,,,,,,,,,,,,,,,,,,,
,6290,,,0,85.067472,,,,,,,176,64,8,,,,,0,1,0,,,,,,,,,,,,,,,,,,,,,
316,6291,1,4572,0,85.119552,0.0,0.0,0,F2,,17,144,41,90,,6014,,,0,1,0,0.5322371115922523,1.0,,0.6628911757246015,1,0.019516,0.085445,0.042524400000000004,0.014788767908111884,2.204167,4.075,3.110208275,0.4105572093670374,0.0,0.0,0.0,0.0,1.720779,4.912562,3.0847673999999996,0.5564339028241271
,6292,,,0,85.158612,,,,,,,176,64,7,,,,,0,1,0,,,,,,,,,,,,,,,,,,,,,
,6293,,,0,85.163820,,,,,,,128,42,0,,,,,0,1,0,,,,,,,,,,,,,,,,,,,,,
,6294,,,0,85.166424,,,,,,,176,64,8,,,,,0,1,0,,,,,,,,,,,,,,,,,,,,,
,6295,,,0,85.187256,,,,,,,176,64,7,,,,,0,1,0,,,,,,,,,,,,,,,,,,,,,
,6296,,,0,85.197672,,,,,,,176,64,8,,,,,0,1,0,,,,,,,,,,,,,,,,,,,,,
,6297,,,0,85.208088,,,,,,,176,64,7,,,,,0,1,0,,,,,,,,,,,,,,,,,,,,,
,6298,,,0,85.213296,,,,,,,128,41,0,,,,,0,1,0,,,,,,,,,,,,,,,,,,,,,
,6299,,,0,85.218504,,,,,,,176,64,8,,,,,0,1,0,,,,,,,,,,,,,,,,,,,,,
,6300,,,0,85.236732,,,,,,,176,64,7,,,,,0,1,0,,,,,,,,,,,,,,,,,,,,,
,6301,,,0,85.278396,,,,,,,176,64,8,,,,,0,1,0,,,,,,,,,,,,,,,,,,,,,
,6302,,,0,85.288812,,,,,,,176,64,7,,,,,0,1,0,,,,,,,,,,,,,,,,,,,,,
,6303,,,0,85.307040,,,,,,,176,64,8,,,,,0,1,0,,,,,,,,,,,,,,,,,,,,,
,6304,,,0,85.317456,,,,,,,176,64,7,,,,,0,1,0,,,,,,,,,,,,,,,,,,,,,
,6305,,,0,85.327872,,,,,,,176,64,8,,,,,0,1,0,,,,,,,,,,,,,,,,,,,,,
0,6306,1,0,0,85.333080,0.0,0.0,0,F2,,-1,144,41,38,,,,,0,1,0,,,,,,,,,,,,,,,,,,,,,
,6307,,,0,85.356516,,,,,,,176,64,7,,,,,0,1,0,,,,,,,,,,,,,,,,,,,,,
,6308,,,0,85.366932,,,,,,,176,64,8,,,,,0,1,0,,,,,,,,,,,,,,,,,,,,,
316,6309,1,4573,0,85.372140,0.0,0.0,0,C6,,17,144,84,90,,6014,,,0,1,0,0.5322371115922523,1.0,,0.6628911757246015,1,0.019516,0.085445,0.042524400000000004,0.014788767908111884,2.204167,4.075,3.110208275,0.4105572093670374,0.0,0.0,0.0,0.0,1.720779,4.912562,3.0847673999999996,0.5564339028241271
,6310,,,0,85.374744,,,,,,,128,73,0,,,,,0,1,0,,,,,,,,,,,,,,,,,,,,,
,6311,,,0,85.374744,,,,,,,128,73,0,,,,,0,1,0,,,,,,,,,,,,,,,,,,,,,
,6312,,,0,85.377348,,,,,,,176,64,7,,,,,0,1,0,,,,,,,,,,,,,,,,,,,,,
,6313,,,0,85.387764,,,,,,,176,64,8,,,,,0,1,0,,,,,,,,,,,,,,,,,,,,,
,6314,,,0,85.416408,,,,,,,176,64,9,,,,,0,1,0,,,,,,,,,,,,,,,,,,,,,
,6315,,,0,85.426824,,,,,,,176,64,11,,,,,0,1,0,,,,,,,,,,,,,,,,,,,,,
,6316,,,0,85.437240,,,,,,,176,64,12,,,,,0,1,0,,,,,,,,,,,,,,,,,,,,,
,6317,,,0,85.458072,,,,,,,176,64,15,,,,,0,1,0,,,,,,,,,,,,,,,,,,,,,
,6318,,,0,85.468488,,,,,,,176,64,19,,,,,0,1,0,,,,,,,,,,,,,,,,,,,,,
,6319,,,0,85.478904,,,,,,,176,64,24,,,,,0,1,0,,,,,,,,,,,,,,,,,,,,,
,6320,,,0,85.489320,,,,,,,176,64,27,,,,,0,1,0,,,,,,,,,,,,,,,,,,,,,
,6321,,,0,85.497132,,,,,,,176,64,33,,,,,0,1,0,,,,,,,,,,,,,,,,,,,,,
,6322,,,0,85.499736,,,,,,,128,84,0,,,,,0,1,0,,,,,,,,,,,,,,,,,,,,,
,6323,,,0,85.507548,,,,,,,176,64,40,,,,,0,1,0,,,,,,,,,,,,,,,,,,,,,
,6324,,,0,85.517964,,,,,,,176,64,50,,,,,0,1,0,,,,,,,,,,,,,,,,,,,,,
,6325,,,0,85.528380,,,,,,,176,64,63,,,,,0,1,0,,,,,,,,,,,,,,,,,,,,,
,6326,,,0,85.538796,,,,,,,176,64,80,,,,,1,1,0,,,,,,,,,,,,,,,,,,,,,
,6327,,,0,85.546608,,,,,,,176,64,97,,,,,1,1,0,,,,,,,,,,,,,,,,,,,,,
,6328,,,0,85.559628,,,,,,,176,64,112,,,,,1,1,0,,,,,,,,,,,,,,,,,,,,,
,6329,,,0,85.570044,,,,,,,176,64,117,,,,,1,1,0,,,,,,,,,,,,,,,,,,,,,
,6330,,,0,85.572648,,,,,,,128,41,0,,,,,1,1,0,,,,,,,,,,,,,,,,,,,,,
,6331,,,0,85.577856,,,,,,,176,64,111,,,,,1,1,0,,,,,,,,,,,,,,,,,,,,,
316,6332,1,4574,0,85.679412,0.0,0.0,0,C6,,17,144,84,90,,6014,,,1,1,0,0.5322371115922523,1.0,,0.6628911757246015,1,0.019516,0.085445,0.042524400000000004,0.014788767908111884,2.204167,4.075,3.110208275,0.4105572093670374,0.0,0.0,0.0,0.0,1.720779,4.912562,3.0847673999999996,0.5564339028241271
,6333,,,0,85.697640,,,,,,,176,64,113,,,,,1,1,0,,,,,,,,,,,,,,,,,,,,,
316,6334,1,4574,0,85.702848,0.0,0.0,0,E4,,18,144,64,96,,6014,,,1,1,0,0.5322371115922523,1.0,,0.6628911757246015,1,0.019516,0.085445,0.042524400000000004,0.014788767908111884,2.204167,4.075,3.110208275,0.4105572093670374,0.0,0.0,0.0,0.0,1.720779,4.912562,3.0847673999999996,0.5564339028241271
,6335,,,0,85.708056,,,,,,,176,64,111,,,,,1,1,0,,,,,,,,,,,,,,,,,,,,,
,6336,,,0,85.715868,,,,,,,176,64,112,,,,,1,1,0,,,,,,,,,,,,,,,,,,,,,
,6337,,,0,85.726284,,,,,,,176,64,111,,,,,1,1,0,,,,,,,,,,,,,,,,,,,,,
,6338,,,0,85.736700,,,,,,,176,64,112,,,,,1,1,0,,,,,,,,,,,,,,,,,,,,,
,6339,,,0,85.741908,,,,,,,128,84,0,,,,,1,1,0,,,,,,,,,,,,,,,,,,,,,
,6340,,,0,85.747116,,,,,,,176,64,113,,,,,1,1,0,,,,,,,,,,,,,,,,,,,,,
,6341,,,0,85.757532,,,,,,,176,64,111,,,,,1,1,0,,,,,,,,,,,,,,,,,,,,,
,6342,,,0,85.757532,,,,,,,128,64,0,,,,,1,1,0,,,,,,,,,,,,,,,,,,,,,
,6343,,,0,85.765344,,,,,,,176,64,112,,,,,1,1,0,,,,,,,,,,,,,,,,,,,,,
,6344,,,0,85.775760,,,,,,,176,64,111,,,,,1,1,0,,,,,,,,,,,,,,,,,,,,,
,6345,,,0,85.786176,,,,,,,176,64,112,,,,,1,1,0,,,,,,,,,,,,,,,,,,,,,
,6346,,,0,85.796592,,,,,,,176,64,111,,,,,1,1,0,,,,,,,,,,,,,,,,,,,,,
,6347,,,0,85.807008,,,,,,,176,64,112,,,,,1,1,0,,,,,,,,,,,,,,,,,,,,,
,6348,,,0,85.817424,,,,,,,176,64,110,,,,,1,1,0,,,,,,,,,,,,,,,,,,,,,
,6349,,,0,85.825236,,,,,,,176,64,114,,,,,1,1,0,,,,,,,,,,,,,,,,,,,,,
,6350,,,0,85.835652,,,,,,,176,64,111,,,,,1,1,0,,,,,,,,,,,,,,,,,,,,,
,6351,,,0,85.846068,,,,,,,176,64,112,,,,,1,1,0,,,,,,,,,,,,,,,,,,,,,
,6352,,,0,85.856484,,,,,,,176,64,111,,,,,1,1,0,,,,,,,,,,,,,,,,,,,,,
,6353,,,0,85.866900,,,,,,,176,64,112,,,,,1,1,0,,,,,,,,,,,,,,,,,,,,,
,6354,,,0,85.877316,,,,,,,176,64,111,,,,,1,1,0,,,,,,,,,,,,,,,,,,,,,
,6355,,,0,85.955436,,,,,,,176,64,110,,,,,1,1,0,,,,,,,,,,,,,,,,,,,,,
,6356,,,0,85.965852,,,,,,,176,64,111,,,,,1,1,0,,,,,,,,,,,,,,,,,,,,,
,6357,,,0,85.986684,,,,,,,176,64,110,,,,,1,1,0,,,,,,,,,,,,,,,,,,,,,
,6358,,,0,85.997100,,,,,,,176,64,111,,,,,1,1,0,,,,,,,,,,,,,,,,,,,,,
,6359,,,0,86.007516,,,,,,,176,64,110,,,,,1,1,0,,,,,,,,,,,,,,,,,,,,,
,6360,,,0,86.025744,,,,,,,176,64,111,,,,,1,1,0,,,,,,,,,,,,,,,,,,,,,
,6361,,,0,86.046576,,,,,,,176,64,110,,,,,1,1,0,,,,,,,,,,,,,,,,,,,,,
,6362,,,0,86.056992,,,,,,,176,64,111,,,,,1,1,0,,,,,,,,,,,,,,,,,,,,,
,6363,,,0,86.265312,,,,,,,176,64,110,,,,,1,1,0,,,,,,,,,,,,,,,,,,,,,
,6364,,,0,86.275728,,,,,,,176,64,107,,,,,1,1,0,,,,,,,,,,,,,,,,,,,,,
317,6365,1,4575,0,86.286144,0.0,0.0,0,F#4,,8,144,66,42,,6014,,,1,1,0,0.5322371115922523,1.0,,0.6628911757246015,1,0.019516,0.085445,0.042524400000000004,0.014788767908111884,2.204167,4.075,3.110208275,0.4105572093670374,0.0,0.0,0.0,0.0,1.720779,4.912562,3.0847673999999996,0.5564339028241271
,6366,,,0,86.288748,,,,,,,176,64,104,,,,,1,1,0,,,,,,,,,,,,,,,,,,,,,
,6367,,,0,86.296560,,,,,,,176,64,98,,,,,1,1,0,,,,,,,,,,,,,,,,,,,,,
,6368,,,0,86.306976,,,,,,,176,64,89,,,,,1,1,0,,,,,,,,,,,,,,,,,,,,,
,6369,,,0,86.317392,,,,,,,176,64,77,,,,,1,1,0,,,,,,,,,,,,,,,,,,,,,
317,6370,1,4576,0,86.325204,0.0,0.0,0,F3,,8,144,53,42,,6014,,,1,1,0,0.5322371115922523,1.0,,0.6628911757246015,1,0.019516,0.085445,0.042524400000000004,0.014788767908111884,2.204167,4.075,3.110208275,0.4105572093670374,0.0,0.0,0.0,0.0,1.720779,4.912562,3.0847673999999996,0.5564339028241271
,6371,,,0,86.325204,,,,,,,176,64,63,,,,,0,1,0,,,,,,,,,,,,,,,,,,,,,
,6372,,,0,86.335620,,,,,,,176,64,50,,,,,0,1,0,,,,,,,,,,,,,,,,,,,,,
,6373,,,0,86.346036,,,,,,,128,66,0,,,,,0,1,0,,,,,,,,,,,,,,,,,,,,,
,6374,,,0,86.348640,,,,,,,176,64,35,,,,,0,1,0,,,,,,,,,,,,,,,,,,,,,
,6375,,,0,86.356452,,,,,,,176,64,24,,,,,0,1,0,,,,,,,,,,,,,,,,,,,,,
,6376,,,0,86.366868,,,,,,,176,64,17,,,,,0,1,0,,,,,,,,,,,,,,,,,,,,,
,6377,,,0,86.377284,,,,,,,176,64,15,,,,,0,1,0,,,,,,,,,,,,,,,,,,,,,
,6378,,,0,86.387700,,,,,,,176,64,12,,,,,0,1,0,,,,,,,,,,,,,,,,,,,,,
,6379,,,0,86.416344,,,,,,,176,64,11,,,,,0,1,0,,,,,,,,,,,,,,,,,,,,,
,6380,,,0,86.426760,,,,,,,176,64,12,,,,,0,1,0,,,,,,,,,,,,,,,,,,,,,
,6381,,,0,86.447592,,,,,,,176,64,11,,,,,0,1,0,,,,,,,,,,,,,,,,,,,,,
,6382,,,0,86.455404,,,,,,,176,64,10,,,,,0,1,0,,,,,,,,,,,,,,,,,,,,,
,6383,,,0,86.465820,,,,,,,176,64,8,,,,,0,1,0,,,,,,,,,,,,,,,,,,,,,
,6384,,,0,86.476236,,,,,,,176,64,7,,,,,0,1,0,,,,,,,,,,,,,,,,,,,,,
,6385,,,0,86.486652,,,,,,,176,64,8,,,,,0,1,0,,,,,,,,,,,,,,,,,,,,,
,6386,,,0,86.497068,,,,,,,176,64,7,,,,,0,1,0,,,,,,,,,,,,,,,,,,,,,
,6387,,,0,86.507484,,,,,,,176,64,8,,,,,0,1,0,,,,,,,,,,,,,,,,,,,,,
,6388,,,0,86.525712,,,,,,,176,64,7,,,,,0,1,0,,,,,,,,,,,,,,,,,,,,,
,6389,,,0,86.536128,,,,,,,176,64,8,,,,,0,1,0,,,,,,,,,,,,,,,,,,,,,
,6390,,,0,86.556960,,,,,,,176,64,7,,,,,0,1,0,,,,,,,,,,,,,,,,,,,,,
,6391,,,0,86.575188,,,,,,,176,64,8,,,,,0,1,0,,,,,,,,,,,,,,,,,,,,,
,6392,,,0,86.585604,,,,,,,176,64,7,,,,,0,1,0,,,,,,,,,,,,,,,,,,,,,
,6393,,,0,86.616852,,,,,,,176,64,8,,,,,0,1,0,,,,,,,,,,,,,,,,,,,,,
,6394,,,0,86.697576,,,,,,,176,64,7,,,,,0,1,0,,,,,,,,,,,,,,,,,,,,,
,6395,,,0,86.705388,,,,,,,176,64,8,,,,,0,1,0,,,,,,,,,,,,,,,,,,,,,
,6396,,,0,86.726220,,,,,,,176,64,7,,,,,0,1,0,,,,,,,,,,,,,,,,,,,,,
,6397,,,0,86.739240,,,,,,,176,64,8,,,,,0,1,0,,,,,,,,,,,,,,,,,,,,,
,6398,,,0,86.757468,,,,,,,176,64,7,,,,,0,1,0,,,,,,,,,,,,,,,,,,,,,
,6399,,,0,86.775696,,,,,,,176,64,8,,,,,0,1,0,,,,,,,,,,,,,,,,,,,,,
,6400,,,0,86.786112,,,,,,,176,64,7,,,,,0,1,0,,,,,,,,,,,,,,,,,,,,,
,6401,,,0,86.796528,,,,,,,176,64,8,,,,,0,1,0,,,,,,,,,,,,,,,,,,,,,
,6402,,,0,86.817360,,,,,,,176,64,7,,,,,0,1,0,,,,,,,,,,,,,,,,,,,,,
,6403,,,0,86.827776,,,,,,,176,64,8,,,,,0,1,0,,,,,,,,,,,,,,,,,,,,,
,6404,,,0,86.848608,,,,,,,176,64,7,,,,,0,1,0,,,,,,,,,,,,,,,,,,,,,
,6405,,,0,86.856420,,,,,,,176,64,8,,,,,0,1,0,,,,,,,,,,,,,,,,,,,,,
317,6406,1,4577,0,86.913708,0.0,0.0,0,G2,,11,144,43,58,,6014,,,0,1,0,0.5322371115922523,1.0,,0.6628911757246015,1,0.019516,0.085445,0.042524400000000004,0.014788767908111884,2.204167,4.075,3.110208275,0.4105572093670374,0.0,0.0,0.0,0.0,1.720779,4.912562,3.0847673999999996,0.5564339028241271
,6407,,,0,86.937144,,,,,,,128,53,0,,,,,0,1,0,,,,,,,,,,,,,,,,,,,,,
,6408,,,0,86.955372,,,,,,,176,64,7,,,,,0,1,0,,,,,,,,,,,,,,,,,,,,,
,6409,,,0,86.976204,,,,,,,176,64,8,,,,,0,1,0,,,,,,,,,,,,,,,,,,,,,
,6410,,,0,87.007452,,,,,,,176,64,7,,,,,0,1,0,,,,,,,,,,,,,,,,,,,,,
,6411,,,0,87.017868,,,,,,,176,64,8,,,,,0,1,0,,,,,,,,,,,,,,,,,,,,,
317,6412,1,4578,0,87.023076,0.0,0.0,0,F3,,14,144,53,74,,6014,,,0,1,0,0.5322371115922523,1.0,,0.6628911757246015,1,0.019516,0.085445,0.042524400000000004,0.014788767908111884,2.204167,4.075,3.110208275,0.4105572093670374,0.0,0.0,0.0,0.0,1.720779,4.912562,3.0847673999999996,0.5564339028241271
,6413,,,0,87.025680,,,,,,,176,64,7,,,,,0,1,0,,,,,,,,,,,,,,,,,,,,,
,6414,,,0,87.036096,,,,,,,176,64,8,,,,,0,1,0,,,,,,,,,,,,,,,,,,,,,
,6415,,,0,87.106404,,,,,,,176,64,7,,,,,0,1,0,,,,,,,,,,,,,,,,,,,,,
,6416,,,0,87.116820,,,,,,,176,64,8,,,,,0,1,0,,,,,,,,,,,,,,,,,,,,,
,6417,,,0,87.127236,,,,,,,176,64,7,,,,,0,1,0,,,,,,,,,,,,,,,,,,,,,
,6418,,,0,87.145464,,,,,,,176,64,8,,,,,0,1,0,,,,,,,,,,,,,,,,,,,,,
,6419,,,0,87.166296,,,,,,,128,53,0,,,,,0,1,0,,,,,,,,,,,,,,,,,,,,,
,6420,,,0,87.166296,,,,,,,176,64,7,,,,,0,1,0,,,,,,,,,,,,,,,,,,,,,
,6421,,,0,87.176712,,,,,,,176,64,8,,,,,0,1,0,,,,,,,,,,,,,,,,,,,,,
,6422,,,0,87.215772,,,,,,,176,64,7,,,,,0,1,0,,,,,,,,,,,,,,,,,,,,,
,6423,,,0,87.226188,,,,,,,176,64,8,,,,,0,1,0,,,,,,,,,,,,,,,,,,,,,
,6424,,,0,87.247020,,,,,,,176,64,7,,,,,0,1,0,,,,,,,,,,,,,,,,,,,,,
,6425,,,0,87.257436,,,,,,,176,64,8,,,,,0,1,0,,,,,,,,,,,,,,,,,,,,,
,6426,,,0,87.265248,,,,,,,176,64,7,,,,,0,1,0,,,,,,,,,,,,,,,,,,,,,
,6427,,,0,87.273060,,,,,,,128,43,0,,,,,0,1,0,,,,,,,,,,,,,,,,,,,,,
,6428,,,0,87.275664,,,,,,,176,64,8,,,,,0,1,0,,,,,,,,,,,,,,,,,,,,,
,6429,,,0,87.286080,,,,,,,176,64,7,,,,,0,1,0,,,,,,,,,,,,,,,,,,,,,
0,6430,1,0,0,87.296496,0.0,0.0,0,F#2,,-1,144,42,28,,,,,0,1,0,,,,,,,,,,,,,,,,,,,,,
,6431,,,0,87.296496,,,,,,,176,64,8,,,,,0,1,0,,,,,,,,,,,,,,,,,,,,,
317,6432,1,4578,0,87.301704,0.0,0.0,0,F3,,14,144,53,74,,6014,,,0,1,0,0.5322371115922523,1.0,,0.6628911757246015,1,0.019516,0.085445,0.042524400000000004,0.014788767908111884,2.204167,4.075,3.110208275,0.4105572093670374,0.0,0.0,0.0,0.0,1.720779,4.912562,3.0847673999999996,0.5564339028241271
,6433,,,0,87.306912,,,,,,,176,64,7,,,,,0,1,0,,,,,,,,,,,,,,,,,,,,,
,6434,,,0,87.317328,,,,,,,176,64,8,,,,,0,1,0,,,,,,,,,,,,,,,,,,,,,
,6435,,,0,87.366804,,,,,,,176,64,7,,,,,0,1,0,,,,,,,,,,,,,,,,,,,,,
,6436,,,0,87.377220,,,,,,,176,64,8,,,,,0,1,0,,,,,,,,,,,,,,,,,,,,,
,6437,,,0,87.377220,,,,,,,128,42,0,,,,,0,1,0,,,,,,,,,,,,,,,,,,,,,
,6438,,,0,87.395448,,,,,,,176,64,7,,,,,0,1,0,,,,,,,,,,,,,,,,,,,,,
,6439,,,0,87.405864,,,,,,,176,64,8,,,,,0,1,0,,,,,,,,,,,,,,,,,,,,,
,6440,,,0,87.416280,,,,,,,176,64,7,,,,,0,1,0,,,,,,,,,,,,,,,,,,,,,
317,6441,1,4581,0,87.418884,0.0,0.0,0,E4,,8,144,64,42,,6014,,,0,1,0,0.5322371115922523,1.0,,0.6628911757246015,1,0.019516,0.085445,0.042524400000000004,0.014788767908111884,2.204167,4.075,3.110208275,0.4105572093670374,0.0,0.0,0.0,0.0,1.720779,4.912562,3.0847673999999996,0.5564339028241271
,6442,,,0,87.437112,,,,,,,176,64,8,,,,,0,1,0,,,,,,,,,,,,,,,,,,,,,
317,6443,1,4582,0,87.439716,0.0,0.0,0,C2,,7,144,36,37,,6014,,,0,1,0,0.5322371115922523,1.0,,0.6628911757246015,1,0.019516,0.085445,0.042524400000000004,0.014788767908111884,2.204167,4.075,3.110208275,0.4105572093670374,0.0,0.0,0.0,0.0,1.720779,4.912562,3.0847673999999996,0.5564339028241271
,6444,,,0,87.476172,,,,,,,176,64,7,,,,,0,1,0,,,,,,,,,,,,,,,,,,,,,
,6445,,,0,87.486588,,,,,,,128,64,0,,,,,0,1,0,,,,,,,,,,,,,,,,,,,,,
,6446,,,0,87.486588,,,,,,,176,64,8,,,,,0,1,0,,,,,,,,,,,,,,,,,,,,,
,6447,,,0,87.517836,,,,,,,176,64,7,,,,,0,1,0,,,,,,,,,,,,,,,,,,,,,
,6448,,,0,87.536064,,,,,,,128,36,0,,,,,0,1,0,,,,,,,,,,,,,,,,,,,,,
,6449,,,0,87.546480,,,,,,,176,64,8,,,,,0,1,0,,,,,,,,,,,,,,,,,,,,,
,6450,,,0,87.559500,,,,,,,176,64,7,,,,,0,1,0,,,,,,,,,,,,,,,,,,,,,
,6451,,,0,87.567312,,,,,,,176,64,8,,,,,0,1,0,,,,,,,,,,,,,,,,,,,,,
,6452,,,0,87.595956,,,,,,,176,64,7,,,,,0,1,0,,,,,,,,,,,,,,,,,,,,,
,6453,,,0,87.606372,,,,,,,176,64,8,,,,,0,1,0,,,,,,,,,,,,,,,,,,,,,
,6454,,,0,87.645432,,,,,,,176,64,7,,,,,0,1,0,,,,,,,,,,,,,,,,,,,,,
,6455,,,0,87.655848,,,,,,,176,64,8,,,,,0,1,0,,,,,,,,,,,,,,,,,,,,,
,6456,,,0,87.666264,,,,,,,176,64,7,,,,,0,1,0,,,,,,,,,,,,,,,,,,,,,
,6457,,,0,87.676680,,,,,,,176,64,8,,,,,0,1,0,,,,,,,,,,,,,,,,,,,,,
,6458,,,0,87.705324,,,,,,,176,64,7,,,,,0,1,0,,,,,,,,,,,,,,,,,,,,,
317,6459,1,4583,0,87.710532,0.0,0.0,0,C2,,7,144,36,37,,6014,,,0,1,0,0.5322371115922523,1.0,,0.6628911757246015,1,0.019516,0.085445,0.042524400000000004,0.014788767908111884,2.204167,4.075,3.110208275,0.4105572093670374,0.0,0.0,0.0,0.0,1.720779,4.912562,3.0847673999999996,0.5564339028241271
,6460,,,0,87.718344,,,,,,,176,64,8,,,,,0,1,0,,,,,,,,,,,,,,,,,,,,,
317,6461,1,4583,0,87.723552,0.0,0.0,0,G#2,,7,144,44,37,,6014,,,0,1,0,0.5322371115922523,1.0,,0.6628911757246015,1,0.019516,0.085445,0.042524400000000004,0.014788767908111884,2.204167,4.075,3.110208275,0.4105572093670374,0.0,0.0,0.0,0.0,1.720779,4.912562,3.0847673999999996,0.5564339028241271
,6462,,,0,87.775632,,,,,,,176,64,11,,,,,0,1,0,,,,,,,,,,,,,,,,,,,,,
,6463,,,0,87.786048,,,,,,,176,64,10,,,,,0,1,0,,,,,,,,,,,,,,,,,,,,,
,6464,,,0,87.799068,,,,,,,176,64,12,,,,,0,1,0,,,,,,,,,,,,,,,,,,,,,
,6465,,,0,87.806880,,,,,,,176,64,10,,,,,0,1,0,,,,,,,,,,,,,,,,,,,,,
,6466,,,0,87.817296,,,,,,,176,64,11,,,,,0,1,0,,,,,,,,,,,,,,,,,,,,,
,6467,,,0,87.827712,,,,,,,176,64,9,,,,,0,1,0,,,,,,,,,,,,,,,,,,,,,
,6468,,,0,87.838128,,,,,,,176,64,11,,,,,0,1,0,,,,,,,,,,,,,,,,,,,,,
,6469,,,0,87.845940,,,,,,,176,64,10,,,,,0,1,0,,,,,,,,,,,,,,,,,,,,,
,6470,,,0,87.866772,,,,,,,176,64,12,,,,,0,1,0,,,,,,,,,,,,,,,,,,,,,
,6471,,,0,87.877188,,,,,,,176,64,11,,,,,0,1,0,,,,,,,,,,,,,,,,,,,,,
,6472,,,0,87.895416,,,,,,,176,64,9,,,,,0,1,0,,,,,,,,,,,,,,,,,,,,,
,6473,,,0,87.905832,,,,,,,176,64,12,,,,,0,1,0,,,,,,,,,,,,,,,,,,,,,
,6474,,,0,87.916248,,,,,,,176,64,8,,,,,0,1,0,,,,,,,,,,,,,,,,,,,,,
,6475,,,0,87.926664,,,,,,,176,64,12,,,,,0,1,0,,,,,,,,,,,,,,,,,,,,,
,6476,,,0,87.937080,,,,,,,176,64,10,,,,,0,1,0,,,,,,,,,,,,,,,,,,,,,
,6477,,,0,87.947496,,,,,,,176,64,12,,,,,0,1,0,,,,,,,,,,,,,,,,,,,,,
,6478,,,0,87.947496,,,,,,,128,53,0,,,,,0,1,0,,,,,,,,,,,,,,,,,,,,,
,6479,,,0,87.955308,,,,,,,176,64,11,,,,,0,1,0,,,,,,,,,,,,,,,,,,,,,
,6480,,,0,87.986556,,,,,,,176,64,12,,,,,0,1,0,,,,,,,,,,,,,,,,,,,,,
,6481,,,0,87.996972,,,,,,,176,64,15,,,,,0,1,0,,,,,,,,,,,,,,,,,,,,,
,6482,,,0,88.007388,,,,,,,176,64,19,,,,,0,1,0,,,,,,,,,,,,,,,,,,,,,
,6483,,,0,88.015200,,,,,,,176,64,22,,,,,0,1,0,,,,,,,,,,,,,,,,,,,,,
,6484,,,0,88.025616,,,,,,,176,64,23,,,,,0,1,0,,,,,,,,,,,,,,,,,,,,,
,6485,,,0,88.056864,,,,,,,176,64,24,,,,,0,1,0,,,,,,,,,,,,,,,,,,,,,
,6486,,,0,88.067280,,,,,,,176,64,26,,,,,0,1,0,,,,,,,,,,,,,,,,,,,,,
,6487,,,0,88.077696,,,,,,,176,64,27,,,,,0,1,0,,,,,,,,,,,,,,,,,,,,,
317,6488,1,4584,0,88.108944,0.0,0.0,0,F3,,5,144,53,26,,6014,,,0,1,0,0.5322371115922523,1.0,,0.6628911757246015,1,0.019516,0.085445,0.042524400000000004,0.014788767908111884,2.204167,4.075,3.110208275,0.4105572093670374,0.0,0.0,0.0,0.0,1.720779,4.912562,3.0847673999999996,0.5564339028241271
,6489,,,0,88.145400,,,,,,,176,64,30,,,,,0,1,0,,,,,,,,,,,,,,,,,,,,,
,6490,,,0,88.158420,,,,,,,176,64,32,,,,,0,1,0,,,,,,,,,,,,,,,,,,,,,
,6491,,,0,88.166232,,,,,,,176,64,34,,,,,0,1,0,,,,,,,,,,,,,,,,,,,,,
,6492,,,0,88.176648,,,,,,,176,64,35,,,,,0,1,0,,,,,,,,,,,,,,,,,,,,,
,6493,,,0,88.187064,,,,,,,176,64,38,,,,,0,1,0,,,,,,,,,,,,,,,,,,,,,
,6494,,,0,88.197480,,,,,,,176,64,42,,,,,0,1,0,,,,,,,,,,,,,,,,,,,,,
,6495,,,0,88.207896,,,,,,,176,64,43,,,,,0,1,0,,,,,,,,,,,,,,,,,,,,,
,6496,,,0,88.215708,,,,,,,176,64,47,,,,,0,1,0,,,,,,,,,,,,,,,,,,,,,
,6497,,,0,88.226124,,,,,,,176,64,49,,,,,0,1,0,,,,,,,,,,,,,,,,,,,,,
,6498,,,0,88.236540,,,,,,,176,64,50,,,,,0,1,0,,,,,,,,,,,,,,,,,,,,,
,6499,,,0,88.283412,,,,,,,128,44,0,,,,,0,1,0,,,,,,,,,,,,,,,,,,,,,
,6500,,,0,88.283412,,,,,,,128,36,0,,,,,0,1,0,,,,,,,,,,,,,,,,,,,,,
,6501,,,0,88.317264,,,,,,,176,64,51,,,,,0,1,0,,,,,,,,,,,,,,,,,,,,,
,6502,,,0,88.327680,,,,,,,128,53,0,,,,,0,1,0,,,,,,,,,,,,,,,,,,,,,
,6503,,,0,88.356324,,,,,,,176,64,52,,,,,0,1,0,,,,,,,,,,,,,,,,,,,,,
,6504,,,0,88.366740,,,,,,,176,64,55,,,,,0,1,0,,,,,,,,,,,,,,,,,,,,,
,6505,,,0,88.377156,,,,,,,176,64,58,,,,,0,1,0,,,,,,,,,,,,,,,,,,,,,
,6506,,,0,88.387572,,,,,,,176,64,59,,,,,0,1,0,,,,,,,,,,,,,,,,,,,,,
,6507,,,0,88.397988,,,,,,,176,64,65,,,,,1,1,0,,,,,,,,,,,,,,,,,,,,,
,6508,,,0,88.408404,,,,,,,176,64,67,,,,,1,1,0,,,,,,,,,,,,,,,,,,,,,
,6509,,,0,88.416216,,,,,,,176,64,70,,,,,1,1,0,,,,,,,,,,,,,,,,,,,,,
,6510,,,0,88.426632,,,,,,,176,64,74,,,,,1,1,0,,,,,,,,,,,,,,,,,,,,,
,6511,,,0,88.437048,,,,,,,176,64,75,,,,,1,1,0,,,,,,,,,,,,,,,,,,,,,
,6512,,,0,88.447464,,,,,,,176,64,79,,,,,1,1,0,,,,,,,,,,,,,,,,,,,,,
,6513,,,0,88.476108,,,,,,,176,64,78,,,,,1,1,0,,,,,,,,,,,,,,,,,,,,,
,6514,,,0,88.486524,,,,,,,176,64,75,,,,,1,1,0,,,,,,,,,,,,,,,,,,,,,
,6515,,,0,88.496940,,,,,,,176,64,69,,,,,1,1,0,,,,,,,,,,,,,,,,,,,,,
,6516,,,0,88.507356,,,,,,,176,64,60,,,,,0,1,0,,,,,,,,,,,,,,,,,,,,,
,6517,,,0,88.517772,,,,,,,176,64,52,,,,,0,1,0,,,,,,,,,,,,,,,,,,,,,
,6518,,,0,88.528188,,,,,,,176,64,43,,,,,0,1,0,,,,,,,,,,,,,,,,,,,,,
,6519,,,0,88.536000,,,,,,,176,64,36,,,,,0,1,0,,,,,,,,,,,,,,,,,,,,,
,6520,,,0,88.546416,,,,,,,176,64,30,,,,,0,1,0,,,,,,,,,,,,,,,,,,,,,
317,6521,1,4585,0,88.556832,0.0,0.0,0,E1,,5,144,28,26,,6014,,,0,1,0,0.5322371115922523,1.0,,0.6628911757246015,1,0.019516,0.085445,0.042524400000000004,0.014788767908111884,2.204167,4.075,3.110208275,0.4105572093670374,0.0,0.0,0.0,0.0,1.720779,4.912562,3.0847673999999996,0.5564339028241271
,6522,,,0,88.559436,,,,,,,176,64,27,,,,,0,1,0,,,,,,,,,,,,,,,,,,,,,
317,6523,1,4585,0,88.567248,0.0,0.0,0,E4,,4,144,64,21,,6014,,,0,1,0,0.5322371115922523,1.0,,0.6628911757246015,1,0.019516,0.085445,0.042524400000000004,0.014788767908111884,2.204167,4.075,3.110208275,0.4105572093670374,0.0,0.0,0.0,0.0,1.720779,4.912562,3.0847673999999996,0.5564339028241271
317,6524,1,4585,0,88.577664,0.0,0.0,0,F3,,5,144,53,26,,6014,,,0,1,0,0.5322371115922523,1.0,,0.6628911757246015,1,0.019516,0.085445,0.042524400000000004,0.014788767908111884,2.204167,4.075,3.110208275,0.4105572093670374,0.0,0.0,0.0,0.0,1.720779,4.912562,3.0847673999999996,0.5564339028241271
,6525,,,0,88.627140,,,,,,,176,64,28,,,,,0,1,0,,,,,,,,,,,,,,,,,,,,,
,6526,,,0,88.634952,,,,,,,128,64,0,,,,,0,1,0,,,,,,,,,,,,,,,,,,,,,
,6527,,,0,88.637556,,,,,,,176,64,30,,,,,0,1,0,,,,,,,,,,,,,,,,,,,,,
,6528,,,0,88.645368,,,,,,,176,64,31,,,,,0,1,0,,,,,,,,,,,,,,,,,,,,,
,6529,,,0,88.655784,,,,,,,176,64,34,,,,,0,1,0,,,,,,,,,,,,,,,,,,,,,
,6530,,,0,88.666200,,,,,,,176,64,35,,,,,0,1,0,,,,,,,,,,,,,,,,,,,,,
,6531,,,0,88.676616,,,,,,,176,64,40,,,,,0,1,0,,,,,,,,,,,,,,,,,,,,,
,6532,,,0,88.687032,,,,,,,176,64,43,,,,,0,1,0,,,,,,,,,,,,,,,,,,,,,
,6533,,,0,88.697448,,,,,,,176,64,49,,,,,0,1,0,,,,,,,,,,,,,,,,,,,,,
,6534,,,0,88.707864,,,,,,,176,64,54,,,,,0,1,0,,,,,,,,,,,,,,,,,,,,,
,6535,,,0,88.718280,,,,,,,176,64,60,,,,,0,1,0,,,,,,,,,,,,,,,,,,,,,
,6536,,,0,88.726092,,,,,,,176,64,67,,,,,1,1,0,,,,,,,,,,,,,,,,,,,,,
,6537,,,0,88.736508,,,,,,,176,64,74,,,,,1,1,0,,,,,,,,,,,,,,,,,,,,,
,6538,,,0,88.749528,,,,,,,176,64,78,,,,,1,1,0,,,,,,,,,,,,,,,,,,,,,
,6539,,,0,88.757340,,,,,,,176,64,85,,,,,1,1,0,,,,,,,,,,,,,,,,,,,,,
317,6540,1,4586,0,88.767756,0.0,0.0,0,C1,,3,144,24,16,,6014,,,1,1,0,0.5322371115922523,1.0,,0.6628911757246015,1,0.019516,0.085445,0.042524400000000004,0.014788767908111884,2.204167,4.075,3.110208275,0.4105572093670374,0.0,0.0,0.0,0.0,1.720779,4.912562,3.0847673999999996,0.5564339028241271
,6541,,,0,88.767756,,,,,,,176,64,87,,,,,1,1,0,,,,,,,,,,,,,,,,,,,,,
,6542,,,0,88.775568,,,,,,,128,53,0,,,,,1,1,0,,,,,,,,,,,,,,,,,,,,,
,6543,,,0,88.778172,,,,,,,176,64,91,,,,,1,1,0,,,,,,,,,,,,,,,,,,,,,
,6544,,,0,88.785984,,,,,,,176,64,95,,,,,1,1,0,,,,,,,,,,,,,,,,,,,,,
,6545,,,0,88.806816,,,,,,,176,64,97,,,,,1,1,0,,,,,,,,,,,,,,,,,,,,,
,6546,,,0,88.817232,,,,,,,176,64,99,,,,,1,1,0,,,,,,,,,,,,,,,,,,,,,
,6547,,,0,88.877124,,,,,,,128,28,0,,,,,1,1,0,,,,,,,,,,,,,,,,,,,,,
,6548,,,0,88.882332,,,,,,,128,24,0,,,,,1,1,0,,,,,,,,,,,,,,,,,,,,,
,6549,,,0,88.887540,,,,,,,176,64,100,,,,,1,1,0,,,,,,,,,,,,,,,,,,,,,
,6550,,,0,88.908372,,,,,,,176,64,102,,,,,1,1,0,,,,,,,,,,,,,,,,,,,,,
,6551,,,0,88.916184,,,,,,,176,64,101,,,,,1,1,0,,,,,,,,,,,,,,,,,,,,,
317,6552,1,4587,0,88.937016,0.0,0.0,0,E3,,3,144,52,16,,6014,,,1,1,0,0.5322371115922523,1.0,,0.6628911757246015,1,0.019516,0.085445,0.042524400000000004,0.014788767908111884,2.204167,4.075,3.110208275,0.4105572093670374,0.0,0.0,0.0,0.0,1.720779,4.912562,3.0847673999999996,0.5564339028241271
,6553,,,0,88.937016,,,,,,,176,64,103,,,,,1,1,0,,,,,,,,,,,,,,,,,,,,,
,6554,,,0,88.947432,,,,,,,176,64,100,,,,,1,1,0,,,,,,,,,,,,,,,,,,,,,
,6555,,,0,88.957848,,,,,,,176,64,103,,,,,1,1,0,,,,,,,,,,,,,,,,,,,,,
,6556,,,0,88.968264,,,,,,,176,64,101,,,,,1,1,0,,,,,,,,,,,,,,,,,,,,,
,6557,,,0,88.986492,,,,,,,176,64,100,,,,,1,1,0,,,,,,,,,,,,,,,,,,,,,
,6558,,,0,88.996908,,,,,,,176,64,101,,,,,1,1,0,,,,,,,,,,,,,,,,,,,,,
,6559,,,0,89.007324,,,,,,,176,64,100,,,,,1,1,0,,,,,,,,,,,,,,,,,,,,,
,6560,,,0,89.017740,,,,,,,176,64,102,,,,,1,1,0,,,,,,,,,,,,,,,,,,,,,
,6561,,,0,89.035968,,,,,,,176,64,101,,,,,1,1,0,,,,,,,,,,,,,,,,,,,,,
,6562,,,0,89.046384,,,,,,,176,64,103,,,,,1,1,0,,,,,,,,,,,,,,,,,,,,,
,6563,,,0,89.056800,,,,,,,176,64,100,,,,,1,1,0,,,,,,,,,,,,,,,,,,,,,
,6564,,,0,89.067216,,,,,,,176,64,101,,,,,1,1,0,,,,,,,,,,,,,,,,,,,,,
,6565,,,0,89.069820,,,,,,,128,52,0,,,,,1,1,0,,,,,,,,,,,,,,,,,,,,,
,6566,,,0,89.077632,,,,,,,176,64,100,,,,,1,1,0,,,,,,,,,,,,,,,,,,,,,
,6567,,,0,89.088048,,,,,,,176,64,102,,,,,1,1,0,,,,,,,,,,,,,,,,,,,,,
317,6568,1,4589,0,89.093256,0.0,0.0,0,C1,,3,144,24,16,,6014,,,1,1,0,0.5322371115922523,1.0,,0.6628911757246015,1,0.019516,0.085445,0.042524400000000004,0.014788767908111884,2.204167,4.075,3.110208275,0.4105572093670374,0.0,0.0,0.0,0.0,1.720779,4.912562,3.0847673999999996,0.5564339028241271
,6569,,,0,89.098464,,,,,,,176,64,101,,,,,1,1,0,,,,,,,,,,,,,,,,,,,,,
,6570,,,0,89.106276,,,,,,,176,64,102,,,,,1,1,0,,,,,,,,,,,,,,,,,,,,,
,6571,,,0,89.116692,,,,,,,176,64,101,,,,,1,1,0,,,,,,,,,,,,,,,,,,,,,
,6572,,,0,89.127108,,,,,,,176,64,103,,,,,1,1,0,,,,,,,,,,,,,,,,,,,,,
,6573,,,0,89.137524,,,,,,,176,64,101,,,,,1,1,0,,,,,,,,,,,,,,,,,,,,,
,6574,,,0,89.147940,,,,,,,176,64,102,,,,,1,1,0,,,,,,,,,,,,,,,,,,,,,
,6575,,,0,89.166168,,,,,,,176,64,101,,,,,1,1,0,,,,,,,,,,,,,,,,,,,,,
,6576,,,0,89.187000,,,,,,,176,64,100,,,,,1,1,0,,,,,,,,,,,,,,,,,,,,,
,6577,,,0,89.197416,,,,,,,128,41,0,,,,,1,1,0,,,,,,,,,,,,,,,,,,,,,
,6578,,,0,89.197416,,,,,,,176,64,102,,,,,1,1,0,,,,,,,,,,,,,,,,,,,,,
,6579,,,0,89.207832,,,,,,,176,64,101,,,,,1,1,0,,,,,,,,,,,,,,,,,,,,,
,6580,,,0,89.226060,,,,,,,176,64,99,,,,,1,1,0,,,,,,,,,,,,,,,,,,,,,
,6581,,,0,89.236476,,,,,,,176,64,102,,,,,1,1,0,,,,,,,,,,,,,,,,,,,,,
,6582,,,0,89.246892,,,,,,,176,64,101,,,,,1,1,0,,,,,,,,,,,,,,,,,,,,,
,6583,,,0,89.257308,,,,,,,176,64,102,,,,,1,1,0,,,,,,,,,,,,,,,,,,,,,
,6584,,,0,89.278140,,,,,,,176,64,101,,,,,1,1,0,,,,,,,,,,,,,,,,,,,,,
317,6585,1,4590,0,89.285952,0.0,0.0,0,G#1,,3,144,32,16,,6014,,,1,1,0,0.5322371115922523,1.0,,0.6628911757246015,1,0.019516,0.085445,0.042524400000000004,0.014788767908111884,2.204167,4.075,3.110208275,0.4105572093670374,0.0,0.0,0.0,0.0,1.720779,4.912562,3.0847673999999996,0.5564339028241271
,6586,,,0,89.288556,,,,,,,176,64,102,,,,,1,1,0,,,,,,,,,,,,,,,,,,,,,
,6587,,,0,89.296368,,,,,,,176,64,101,,,,,1,1,0,,,,,,,,,,,,,,,,,,,,,
,6588,,,0,89.306784,,,,,,,176,64,103,,,,,1,1,0,,,,,,,,,,,,,,,,,,,,,
,6589,,,0,89.317200,,,,,,,176,64,102,,,,,1,1,0,,,,,,,,,,,,,,,,,,,,,
,6590,,,0,89.330220,,,,,,,128,24,0,,,,,1,1,0,,,,,,,,,,,,,,,,,,,,,
,6591,,,0,89.338032,,,,,,,176,64,100,,,,,1,1,0,,,,,,,,,,,,,,,,,,,,,
,6592,,,0,89.348448,,,,,,,176,64,102,,,,,1,1,0,,,,,,,,,,,,,,,,,,,,,
,6593,,,0,89.356260,,,,,,,176,64,101,,,,,1,1,0,,,,,,,,,,,,,,,,,,,,,
,6594,,,0,89.366676,,,,,,,176,64,102,,,,,1,1,0,,,,,,,,,,,,,,,,,,,,,
,6595,,,0,89.390112,,,,,,,128,32,0,,,,,1,1,0,,,,,,,,,,,,,,,,,,,,,
,6596,,,0,89.397924,,,,,,,176,64,103,,,,,1,1,0,,,,,,,,,,,,,,,,,,,,,
,6597,,,0,89.416152,,,,,,,176,64,102,,,,,1,1,0,,,,,,,,,,,,,,,,,,,,,
,6598,,,0,89.426568,,,,,,,176,64,99,,,,,1,1,0,,,,,,,,,,,,,,,,,,,,,
,6599,,,0,89.436984,,,,,,,128,41,0,,,,,1,1,0,,,,,,,,,,,,,,,,,,,,,
,6600,,,0,89.439588,,,,,,,176,64,103,,,,,1,1,0,,,,,,,,,,,,,,,,,,,,,
,6601,,,0,89.447400,,,,,,,176,64,102,,,,,1,1,0,,,,,,,,,,,,,,,,,,,,,
,6602,,,0,89.457816,,,,,,,176,64,103,,,,,1,1,0,,,,,,,,,,,,,,,,,,,,,
,6603,,,0,89.468232,,,,,,,176,64,102,,,,,1,1,0,,,,,,,,,,,,,,,,,,,,,
,6604,,,0,89.476044,,,,,,,176,64,103,,,,,1,1,0,,,,,,,,,,,,,,,,,,,,,
0,6605,1,0,0,89.486460,0.0,0.0,0,F#1,,-1,144,30,10,,,,,1,1,0,,,,,,,,,,,,,,,,,,,,,
,6606,,,0,89.486460,,,,,,,176,64,102,,,,,1,1,0,,,,,,,,,,,,,,,,,,,,,
,6607,,,0,89.528124,,,,,,,176,64,103,,,,,1,1,0,,,,,,,,,,,,,,,,,,,,,
,6608,,,0,89.535936,,,,,,,176,64,102,,,,,1,1,0,,,,,,,,,,,,,,,,,,,,,
,6609,,,0,89.546352,,,,,,,176,64,103,,,,,1,1,0,,,,,,,,,,,,,,,,,,,,,
,6610,,,0,89.556768,,,,,,,176,64,101,,,,,1,1,0,,,,,,,,,,,,,,,,,,,,,
,6611,,,0,89.567184,,,,,,,176,64,103,,,,,1,1,0,,,,,,,,,,,,,,,,,,,,,
,6612,,,0,89.574996,,,,,,,128,30,0,,,,,1,1,0,,,,,,,,,,,,,,,,,,,,,
,6613,,,0,89.577600,,,,,,,176,64,102,,,,,1,1,0,,,,,,,,,,,,,,,,,,,,,
,6614,,,0,89.588016,,,,,,,176,64,103,,,,,1,1,0,,,,,,,,,,,,,,,,,,,,,
,6615,,,0,89.598432,,,,,,,176,64,101,,,,,1,1,0,,,,,,,,,,,,,,,,,,,,,
317,6616,1,4590,0,89.601036,0.0,0.0,0,F2,,3,144,41,16,,6014,,,1,1,0,0.5322371115922523,1.0,,0.6628911757246015,1,0.019516,0.085445,0.042524400000000004,0.014788767908111884,2.204167,4.075,3.110208275,0.4105572093670374,0.0,0.0,0.0,0.0,1.720779,4.912562,3.0847673999999996,0.5564339028241271
,6617,,,0,89.608848,,,,,,,176,64,103,,,,,1,1,0,,,,,,,,,,,,,,,,,,,,,
317,6618,1,4590,0,89.614056,0.0,0.0,0,E3,,3,144,52,16,,6014,,,1,1,0,0.5322371115922523,1.0,,0.6628911757246015,1,0.019516,0.085445,0.042524400000000004,0.014788767908111884,2.204167,4.075,3.110208275,0.4105572093670374,0.0,0.0,0.0,0.0,1.720779,4.912562,3.0847673999999996,0.5564339028241271
,6619,,,0,89.702592,,,,,,,128,41,0,,,,,1,1,0,,,,,,,,,,,,,,,,,,,,,
,6620,,,0,89.713008,,,,,,,128,52,0,,,,,1,1,0,,,,,,,,,,,,,,,,,,,,,
0,6621,1,0,0,89.861436,0.0,0.0,0,C1,,-1,144,24,10,,,,,1,1,0,,,,,,,,,,,,,,,,,,,,,
317,6622,1,4591,0,89.871852,0.0,0.0,0,F#1,,2,144,30,10,,6014,,,1,1,0,0.5322371115922523,1.0,,0.6628911757246015,1,0.019516,0.085445,0.042524400000000004,0.014788767908111884,2.204167,4.075,3.110208275,0.4105572093670374,0.0,0.0,0.0,0.0,1.720779,4.912562,3.0847673999999996,0.5564339028241271
,6623,,,0,89.957784,,,,,,,176,64,104,,,,,1,1,0,,,,,,,,,,,,,,,,,,,,,
,6624,,,0,89.976012,,,,,,,176,64,103,,,,,1,1,0,,,,,,,,,,,,,,,,,,,,,
,6625,,,0,89.978616,,,,,,,128,30,0,,,,,1,1,0,,,,,,,,,,,,,,,,,,,,,
,6626,,,0,90.028092,,,,,,,176,64,104,,,,,1,1,0,,,,,,,,,,,,,,,,,,,,,
,6627,,,0,90.035904,,,,,,,176,64,103,,,,,1,1,0,,,,,,,,,,,,,,,,,,,,,
,6628,,,0,90.046320,,,,,,,176,64,104,,,,,1,1,0,,,,,,,,,,,,,,,,,,,,,
,6629,,,0,90.056736,,,,,,,176,64,103,,,,,1,1,0,,,,,,,,,,,,,,,,,,,,,
,6630,,,0,90.067152,,,,,,,176,64,105,,,,,1,1,0,,,,,,,,,,,,,,,,,,,,,
,6631,,,0,90.077568,,,,,,,176,64,103,,,,,1,1,0,,,,,,,,,,,,,,,,,,,,,
,6632,,,0,90.106212,,,,,,,176,64,104,,,,,1,1,0,,,,,,,,,,,,,,,,,,,,,
,6633,,,0,90.137460,,,,,,,176,64,103,,,,,1,1,0,,,,,,,,,,,,,,,,,,,,,
317,6634,1,4594,0,90.140064,0.0,0.0,0,F#1,,2,144,30,10,,6014,,,1,1,0,0.5322371115922523,1.0,,0.6628911757246015,1,0.019516,0.085445,0.042524400000000004,0.014788767908111884,2.204167,4.075,3.110208275,0.4105572093670374,0.0,0.0,0.0,0.0,1.720779,4.912562,3.0847673999999996,0.5564339028241271
,6635,,,0,90.158292,,,,,,,176,64,105,,,,,1,1,0,,,,,,,,,,,,,,,,,,,,,
,6636,,,0,90.166104,,,,,,,176,64,103,,,,,1,1,0,,,,,,,,,,,,,,,,,,,,,
317,6637,1,4590,0,90.173916,0.0,0.0,0,G#1,,3,144,32,16,,6014,,,1,1,0,0.5322371115922523,1.0,,0.6628911757246015,1,0.019516,0.085445,0.042524400000000004,0.014788767908111884,2.204167,4.075,3.110208275,0.4105572093670374,0.0,0.0,0.0,0.0,1.720779,4.912562,3.0847673999999996,0.5564339028241271
,6638,,,0,90.179124,,,,,,,128,24,0,,,,,1,1,0,,,,,,,,,,,,,,,,,,,,,
,6639,,,0,90.197352,,,,,,,176,64,105,,,,,1,1,0,,,,,,,,,,,,,,,,,,,,,
,6640,,,0,90.207768,,,,,,,176,64,103,,,,,1,1,0,,,,,,,,,,,,,,,,,,,,,
,6641,,,0,90.218184,,,,,,,176,64,104,,,,,1,1,0,,,,,,,,,,,,,,,,,,,,,
,6642,,,0,90.236412,,,,,,,176,64,103,,,,,1,1,0,,,,,,,,,,,,,,,,,,,,,
,6643,,,0,90.246828,,,,,,,176,64,104,,,,,1,1,0,,,,,,,,,,,,,,,,,,,,,
,6644,,,0,90.257244,,,,,,,176,64,103,,,,,1,1,0,,,,,,,,,,,,,,,,,,,,,
,6645,,,0,90.267660,,,,,,,176,64,105,,,,,1,1,0,,,,,,,,,,,,,,,,,,,,,
,6646,,,0,90.278076,,,,,,,128,32,0,,,,,1,1,0,,,,,,,,,,,,,,,,,,,,,
,6647,,,0,90.278076,,,,,,,176,64,103,,,,,1,1,0,,,,,,,,,,,,,,,,,,,,,
,6648,,,0,90.280680,,,,,,,128,30,0,,,,,1,1,0,,,,,,,,,,,,,,,,,,,,,
,6649,,,0,90.285888,,,,,,,176,64,105,,,,,1,1,0,,,,,,,,,,,,,,,,,,,,,
,6650,,,0,90.296304,,,,,,,176,64,103,,,,,1,1,0,,,,,,,,,,,,,,,,,,,,,
,6651,,,0,90.306720,,,,,,,176,64,104,,,,,1,1,0,,,,,,,,,,,,,,,,,,,,,
,6652,,,0,90.317136,,,,,,,176,64,103,,,,,1,1,0,,,,,,,,,,,,,,,,,,,,,
,6653,,,0,90.327552,,,,,,,176,64,105,,,,,1,1,0,,,,,,,,,,,,,,,,,,,,,
,6654,,,0,90.348384,,,,,,,176,64,103,,,,,1,1,0,,,,,,,,,,,,,,,,,,,,,
,6655,,,0,90.377028,,,,,,,176,64,105,,,,,1,1,0,,,,,,,,,,,,,,,,,,,,,
,6656,,,0,90.387444,,,,,,,176,64,103,,,,,1,1,0,,,,,,,,,,,,,,,,,,,,,
,6657,,,0,90.397860,,,,,,,176,64,106,,,,,1,1,0,,,,,,,,,,,,,,,,,,,,,
,6658,,,0,90.416088,,,,,,,176,64,107,,,,,1,1,0,,,,,,,,,,,,,,,,,,,,,
,6659,,,0,90.528060,,,,,,,176,64,109,,,,,1,1,0,,,,,,,,,,,,,,,,,,,,,
,6660,,,0,90.546288,,,,,,,176,64,110,,,,,1,1,0,,,,,,,,,,,,,,,,,,,,,
,6661,,,0,90.587952,,,,,,,176,64,111,,,,,1,1,0,,,,,,,,,,,,,,,,,,,,,
,6662,,,0,90.595764,,,,,,,176,64,110,,,,,1,1,0,,,,,,,,,,,,,,,,,,,,,
,6663,,,0,90.606180,,,,,,,176,64,111,,,,,1,1,0,,,,,,,,,,,,,,,,,,,,,
,6664,,,0,90.637428,,,,,,,176,64,110,,,,,1,1,0,,,,,,,,,,,,,,,,,,,,,
,6665,,,0,90.658260,,,,,,,176,64,111,,,,,1,1,0,,,,,,,,,,,,,,,,,,,,,
,6666,,,0,90.707736,,,,,,,176,64,110,,,,,1,1,0,,,,,,,,,,,,,,,,,,,,,
,6667,,,0,90.718152,,,,,,,176,64,111,,,,,1,1,0,,,,,,,,,,,,,,,,,,,,,
,6668,,,0,90.778044,,,,,,,176,67,122,,,,,1,1,0,,,,,,,,,,,,,,,,,,,,,
,6669,,,0,90.785856,,,,,,,176,64,110,,,,,1,1,0,,,,,,,,,,,,,,,,,,,,,
,6670,,,0,90.788460,,,,,,,176,67,113,,,,,1,1,0,,,,,,,,,,,,,,,,,,,,,
,6671,,,0,90.796272,,,,,,,176,64,111,,,,,1,1,0,,,,,,,,,,,,,,,,,,,,,
,6672,,,0,90.798876,,,,,,,176,67,103,,,,,1,1,0,,,,,,,,,,,,,,,,,,,,,
,6673,,,0,90.806688,,,,,,,176,67,95,,,,,1,1,0,,,,,,,,,,,,,,,,,,,,,
,6674,,,0,90.817104,,,,,,,176,67,88,,,,,1,1,0,,,,,,,,,,,,,,,,,,,,,
,6675,,,0,90.827520,,,,,,,176,67,81,,,,,1,1,0,,,,,,,,,,,,,,,,,,,,,
,6676,,,0,90.837936,,,,,,,176,67,80,,,,,1,1,0,,,,,,,,,,,,,,,,,,,,,
,6677,,,0,90.848352,,,,,,,176,67,74,,,,,1,1,0,,,,,,,,,,,,,,,,,,,,,
,6678,,,0,90.897828,,,,,,,176,67,73,,,,,1,1,0,,,,,,,,,,,,,,,,,,,,,
,6679,,,0,90.908244,,,,,,,176,67,74,,,,,1,1,0,,,,,,,,,,,,,,,,,,,,,
,6680,,,0,90.947304,,,,,,,176,64,110,,,,,1,1,0,,,,,,,,,,,,,,,,,,,,,
,6681,,,0,90.957720,,,,,,,176,64,111,,,,,1,1,0,,,,,,,,,,,,,,,,,,,,,
,6682,,,0,90.957720,,,,,,,176,67,73,,,,,1,1,0,,,,,,,,,,,,,,,,,,,,,
,6683,,,0,90.968136,,,,,,,176,67,74,,,,,1,1,0,,,,,,,,,,,,,,,,,,,,,
,6684,,,0,91.007196,,,,,,,176,67,73,,,,,1,1,0,,,,,,,,,,,,,,,,,,,,,
,6685,,,0,91.017612,,,,,,,176,64,110,,,,,1,1,0,,,,,,,,,,,,,,,,,,,,,
,6686,,,0,91.028028,,,,,,,176,64,111,,,,,1,1,0,,,,,,,,,,,,,,,,,,,,,
,6687,,,0,91.028028,,,,,,,176,67,74,,,,,1,1,0,,,,,,,,,,,,,,,,,,,,,
,6688,,,0,91.067088,,,,,,,176,67,73,,,,,1,1,0,,,,,,,,,,,,,,,,,,,,,
,6689,,,0,91.077504,,,,,,,176,67,74,,,,,1,1,0,,,,,,,,,,,,,,,,,,,,,
,6690,,,0,91.095732,,,,,,,176,67,73,,,,,1,1,0,,,,,,,,,,,,,,,,,,,,,
,6691,,,0,91.106148,,,,,,,176,64,110,,,,,1,1,0,,,,,,,,,,,,,,,,,,,,,
,6692,,,0,91.108752,,,,,,,176,67,74,,,,,1,1,0,,,,,,,,,,,,,,,,,,,,,
,6693,,,0,91.116564,,,,,,,176,64,111,,,,,1,1,0,,,,,,,,,,,,,,,,,,,,,
,6694,,,0,91.137396,,,,,,,176,64,110,,,,,1,1,0,,,,,,,,,,,,,,,,,,,,,
,6695,,,0,91.147812,,,,,,,176,64,111,,,,,1,1,0,,,,,,,,,,,,,,,,,,,,,
,6696,,,0,91.158228,,,,,,,176,67,73,,,,,1,1,0,,,,,,,,,,,,,,,,,,,,,
,6697,,,0,91.166040,,,,,,,176,67,75,,,,,1,1,0,,,,,,,,,,,,,,,,,,,,,
,6698,,,0,91.176456,,,,,,,176,67,78,,,,,1,1,0,,,,,,,,,,,,,,,,,,,,,
,6699,,,0,91.186872,,,,,,,176,67,74,,,,,1,1,0,,,,,,,,,,,,,,,,,,,,,
,6700,,,0,91.197288,,,,,,,176,67,76,,,,,1,1,0,,,,,,,,,,,,,,,,,,,,,
,6701,,,0,91.218120,,,,,,,176,67,80,,,,,1,1,0,,,,,,,,,,,,,,,,,,,,,
,6702,,,0,91.236348,,,,,,,176,67,81,,,,,1,1,0,,,,,,,,,,,,,,,,,,,,,
,6703,,,0,91.246764,,,,,,,176,67,87,,,,,1,1,0,,,,,,,,,,,,,,,,,,,,,
,6704,,,0,91.257180,,,,,,,176,67,91,,,,,1,1,0,,,,,,,,,,,,,,,,,,,,,
,6705,,,0,91.267596,,,,,,,176,67,97,,,,,1,1,0,,,,,,,,,,,,,,,,,,,,,
,6706,,,0,91.278012,,,,,,,176,67,100,,,,,1,1,0,,,,,,,,,,,,,,,,,,,,,
,6707,,,0,91.285824,,,,,,,176,67,105,,,,,1,1,0,,,,,,,,,,,,,,,,,,,,,
,6708,,,0,91.296240,,,,,,,176,67,106,,,,,1,1,0,,,,,,,,,,,,,,,,,,,,,
,6709,,,0,91.306656,,,,,,,176,67,105,,,,,1,1,0,,,,,,,,,,,,,,,,,,,,,
,6710,,,0,91.317072,,,,,,,176,67,106,,,,,1,1,0,,,,,,,,,,,,,,,,,,,,,
,6711,,,0,91.337904,,,,,,,176,64,110,,,,,1,1,0,,,,,,,,,,,,,,,,,,,,,
,6712,,,0,91.345716,,,,,,,176,64,111,,,,,1,1,0,,,,,,,,,,,,,,,,,,,,,
,6713,,,0,91.348320,,,,,,,176,67,103,,,,,1,1,0,,,,,,,,,,,,,,,,,,,,,
,6714,,,0,91.356132,,,,,,,176,67,102,,,,,1,1,0,,,,,,,,,,,,,,,,,,,,,
,6715,,,0,91.366548,,,,,,,176,67,100,,,,,1,1,0,,,,,,,,,,,,,,,,,,,,,
,6716,,,0,91.416024,,,,,,,176,67,101,,,,,1,1,0,,,,,,,,,,,,,,,,,,,,,
,6717,,,0,91.426440,,,,,,,176,64,110,,,,,1,1,0,,,,,,,,,,,,,,,,,,,,,
,6718,,,0,91.429044,,,,,,,176,67,100,,,,,1,1,0,,,,,,,,,,,,,,,,,,,,,
,6719,,,0,91.436856,,,,,,,176,64,111,,,,,1,1,0,,,,,,,,,,,,,,,,,,,,,
,6720,,,0,91.447272,,,,,,,176,64,110,,,,,1,1,0,,,,,,,,,,,,,,,,,,,,,
,6721,,,0,91.447272,,,,,,,176,67,101,,,,,1,1,0,,,,,,,,,,,,,,,,,,,,,
,6722,,,0,91.457688,,,,,,,176,64,111,,,,,1,1,0,,,,,,,,,,,,,,,,,,,,,
,6723,,,0,91.457688,,,,,,,176,67,100,,,,,1,1,0,,,,,,,,,,,,,,,,,,,,,
,6724,,,0,91.517580,,,,,,,176,64,110,,,,,1,1,0,,,,,,,,,,,,,,,,,,,,,
,6725,,,0,91.527996,,,,,,,176,64,111,,,,,1,1,0,,,,,,,,,,,,,,,,,,,,,
,6726,,,0,91.535808,,,,,,,176,64,110,,,,,1,1,0,,,,,,,,,,,,,,,,,,,,,
,6727,,,0,91.546224,,,,,,,176,64,111,,,,,1,1,0,,,,,,,,,,,,,,,,,,,,,
,6728,,,0,91.548828,,,,,,,176,67,101,,,,,1,1,0,,,,,,,,,,,,,,,,,,,,,
,6729,,,0,91.556640,,,,,,,176,64,109,,,,,1,1,0,,,,,,,,,,,,,,,,,,,,,
,6730,,,0,91.556640,,,,,,,176,67,100,,,,,1,1,0,,,,,,,,,,,,,,,,,,,,,
,6731,,,0,91.567056,,,,,,,176,64,107,,,,,1,1,0,,,,,,,,,,,,,,,,,,,,,
,6732,,,0,91.577472,,,,,,,176,64,102,,,,,1,1,0,,,,,,,,,,,,,,,,,,,,,
,6733,,,0,91.587888,,,,,,,176,64,91,,,,,1,1,0,,,,,,,,,,,,,,,,,,,,,
,6734,,,0,91.595700,,,,,,,176,64,74,,,,,1,1,0,,,,,,,,,,,,,,,,,,,,,
,6735,,,0,91.598304,,,,,,,176,67,104,,,,,1,1,0,,,,,,,,,,,,,,,,,,,,,
,6736,,,0,91.606116,,,,,,,176,64,53,,,,,0,1,0,,,,,,,,,,,,,,,,,,,,,
,6737,,,0,91.608720,,,,,,,176,67,106,,,,,0,1,0,,,,,,,,,,,,,,,,,,,,,
,6738,,,0,91.616532,,,,,,,176,64,34,,,,,0,1,0,,,,,,,,,,,,,,,,,,,,,
,6739,,,0,91.619136,,,,,,,176,67,105,,,,,0,1,0,,,,,,,,,,,,,,,,,,,,,
,6740,,,0,91.626948,,,,,,,176,64,22,,,,,0,1,0,,,,,,,,,,,,,,,,,,,,,
,6741,,,0,91.626948,,,,,,,176,67,106,,,,,0,1,0,,,,,,,,,,,,,,,,,,,,,
,6742,,,0,91.637364,,,,,,,176,64,19,,,,,0,1,0,,,,,,,,,,,,,,,,,,,,,
,6743,,,0,91.637364,,,,,,,176,67,107,,,,,0,1,0,,,,,,,,,,,,,,,,,,,,,
,6744,,,0,91.647780,,,,,,,176,64,15,,,,,0,1,0,,,,,,,,,,,,,,,,,,,,,
,6745,,,0,91.666008,,,,,,,176,64,16,,,,,0,1,0,,,,,,,,,,,,,,,,,,,,,
,6746,,,0,91.668612,,,,,,,176,67,108,,,,,0,1,0,,,,,,,,,,,,,,,,,,,,,
,6747,,,0,91.676424,,,,,,,176,64,12,,,,,0,1,0,,,,,,,,,,,,,,,,,,,,,
,6748,,,0,91.679028,,,,,,,176,67,107,,,,,0,1,0,,,,,,,,,,,,,,,,,,,,,
,6749,,,0,91.697256,,,,,,,176,64,11,,,,,0,1,0,,,,,,,,,,,,,,,,,,,,,
,6750,,,0,91.697256,,,,,,,176,67,112,,,,,0,1,0,,,,,,,,,,,,,,,,,,,,,
,6751,,,0,91.707672,,,,,,,176,67,113,,,,,0,1,0,,,,,,,,,,,,,,,,,,,,,
,6752,,,0,91.718088,,,,,,,176,64,8,,,,,0,1,0,,,,,,,,,,,,,,,,,,,,,
,6753,,,0,91.718088,,,,,,,176,67,112,,,,,0,1,0,,,,,,,,,,,,,,,,,,,,,
,6754,,,0,91.736316,,,,,,,176,67,113,,,,,0,1,0,,,,,,,,,,,,,,,,,,,,,
,6755,,,0,91.746732,,,,,,,176,67,112,,,,,0,1,0,,,,,,,,,,,,,,,,,,,,,
,6756,,,0,91.757148,,,,,,,176,67,113,,,,,0,1,0,,,,,,,,,,,,,,,,,,,,,
,6757,,,0,91.767564,,,,,,,176,67,112,,,,,0,1,0,,,,,,,,,,,,,,,,,,,,,
,6758,,,0,91.777980,,,,,,,176,67,113,,,,,0,1,0,,,,,,,,,,,,,,,,,,,,,
,6759,,,0,91.785792,,,,,,,176,64,7,,,,,0,1,0,,,,,,,,,,,,,,,,,,,,,
,6760,,,0,91.788396,,,,,,,176,67,112,,,,,0,1,0,,,,,,,,,,,,,,,,,,,,,
,6761,,,0,91.806624,,,,,,,176,64,8,,,,,0,1,0,,,,,,,,,,,,,,,,,,,,,
,6762,,,0,91.806624,,,,,,,176,67,113,,,,,0,1,0,,,,,,,,,,,,,,,,,,,,,
,6763,,,0,91.817040,,,,,,,176,64,7,,,,,0,1,0,,,,,,,,,,,,,,,,,,,,,
,6764,,,0,91.817040,,,,,,,176,67,112,,,,,0,1,0,,,,,,,,,,,,,,,,,,,,,
,6765,,,0,91.827456,,,,,,,176,64,8,,,,,0,1,0,,,,,,,,,,,,,,,,,,,,,
,6766,,,0,91.827456,,,,,,,176,67,113,,,,,0,1,0,,,,,,,,,,,,,,,,,,,,,
,6767,,,0,91.856100,,,,,,,176,64,7,,,,,0,1,0,,,,,,,,,,,,,,,,,,,,,
,6768,,,0,91.858704,,,,,,,176,67,112,,,,,0,1,0,,,,,,,,,,,,,,,,,,,,,
,6769,,,0,91.866516,,,,,,,176,64,8,,,,,0,1,0,,,,,,,,,,,,,,,,,,,,,
,6770,,,0,91.869120,,,,,,,176,67,113,,,,,0,1,0,,,,,,,,,,,,,,,,,,,,,
,6771,,,0,91.876932,,,,,,,176,67,112,,,,,0,1,0,,,,,,,,,,,,,,,,,,,,,
,6772,,,0,91.915992,,,,,,,176,67,113,,,,,0,1,0,,,,,,,,,,,,,,,,,,,,,
,6773,,,0,91.926408,,,,,,,176,64,7,,,,,0,1,0,,,,,,,,,,,,,,,,,,,,,
,6774,,,0,91.947240,,,,,,,176,64,8,,,,,0,1,0,,,,,,,,,,,,,,,,,,,,,
,6775,,,0,91.957656,,,,,,,176,64,11,,,,,0,1,0,,,,,,,,,,,,,,,,,,,,,
,6776,,,0,91.957656,,,,,,,176,67,112,,,,,0,1,0,,,,,,,,,,,,,,,,,,,,,
,6777,,,0,91.968072,,,,,,,176,67,113,,,,,0,1,0,,,,,,,,,,,,,,,,,,,,,
,6778,,,0,91.975884,,,,,,,176,64,12,,,,,0,1,0,,,,,,,,,,,,,,,,,,,,,
,6779,,,0,91.986300,,,,,,,176,64,15,,,,,0,1,0,,,,,,,,,,,,,,,,,,,,,
,6780,,,0,91.996716,,,,,,,176,64,19,,,,,0,1,0,,,,,,,,,,,,,,,,,,,,,
,6781,,,0,92.007132,,,,,,,176,64,23,,,,,0,1,0,,,,,,,,,,,,,,,,,,,,,
,6782,,,0,92.017548,,,,,,,176,64,24,,,,,0,1,0,,,,,,,,,,,,,,,,,,,,,
,6783,,,0,92.027964,,,,,,,176,64,27,,,,,0,1,0,,,,,,,,,,,,,,,,,,,,,
318,6784,1,4595,0,92.035776,0.0,0.0,0,D6,,11,144,86,58,,6015,,,0,1,0,,1.0,,0.2769473170731707,1,0.0,0.0,0.0,0.0,2.875,5.75,4.407142824999999,0.7413532177851826,0.0,0.0,0.0,0.0,1.0,5.125,2.71082515,0.9552632047624505
,6785,,,0,92.035776,,,,,,,176,64,31,,,,,0,1,0,,,,,,,,,,,,,,,,,,,,,
,6786,,,0,92.046192,,,,,,,176,64,35,,,,,0,1,0,,,,,,,,,,,,,,,,,,,,,
,6787,,,0,92.056608,,,,,,,176,64,39,,,,,0,1,0,,,,,,,,,,,,,,,,,,,,,
,6788,,,0,92.056608,,,,,,,176,67,112,,,,,0,1,0,,,,,,,,,,,,,,,,,,,,,
,6789,,,0,92.067024,,,,,,,176,64,48,,,,,0,1,0,,,,,,,,,,,,,,,,,,,,,
,6790,,,0,92.067024,,,,,,,176,67,113,,,,,0,1,0,,,,,,,,,,,,,,,,,,,,,
,6791,,,0,92.077440,,,,,,,176,64,57,,,,,0,1,0,,,,,,,,,,,,,,,,,,,,,
,6792,,,0,92.087856,,,,,,,176,64,67,,,,,1,1,0,,,,,,,,,,,,,,,,,,,,,
318,6793,1,4596,0,92.093064,0.0,0.0,0,F#7,,12,144,102,64,,6015,,,1,1,0,,1.0,,0.2769473170731707,1,0.0,0.0,0.0,0.0,2.875,5.75,4.407142824999999,0.7413532177851826,0.0,0.0,0.0,0.0,1.0,5.125,2.71082515,0.9552632047624505
,6794,,,0,92.095668,,,,,,,176,64,80,,,,,1,1,0,,,,,,,,,,,,,,,,,,,,,
,6795,,,0,92.106084,,,,,,,128,86,0,,,,,1,1,0,,,,,,,,,,,,,,,,,,,,,
,6796,,,0,92.108688,,,,,,,176,64,91,,,,,1,1,0,,,,,,,,,,,,,,,,,,,,,
,6797,,,0,92.124312,,,,,,,176,64,102,,,,,1,1,0,,,,,,,,,,,,,,,,,,,,,
,6798,,,0,92.124312,,,,,,,176,67,112,,,,,1,1,0,,,,,,,,,,,,,,,,,,,,,
,6799,,,0,92.126916,,,,,,,176,64,111,,,,,1,1,0,,,,,,,,,,,,,,,,,,,,,
,6800,,,0,92.126916,,,,,,,176,67,113,,,,,1,1,0,,,,,,,,,,,,,,,,,,,,,
,6801,,,0,92.147748,,,,,,,176,64,108,,,,,1,1,0,,,,,,,,,,,,,,,,,,,,,
,6802,,,0,92.165976,,,,,,,176,64,111,,,,,1,1,0,,,,,,,,,,,,,,,,,,,,,
,6803,,,0,92.168580,,,,,,,176,67,112,,,,,1,1,0,,,,,,,,,,,,,,,,,,,,,
,6804,,,0,92.176392,,,,,,,176,67,113,,,,,1,1,0,,,,,,,,,,,,,,,,,,,,,
318,6805,1,4597,0,92.189412,0.0,0.0,0,E7,,12,144,100,64,,6015,,,1,1,0,,1.0,,0.2769473170731707,1,0.0,0.0,0.0,0.0,2.875,5.75,4.407142824999999,0.7413532177851826,0.0,0.0,0.0,0.0,1.0,5.125,2.71082515,0.9552632047624505
,6806,,,0,92.192016,,,,,,,176,67,112,,,,,1,1,0,,,,,,,,,,,,,,,,,,,,,
,6807,,,0,92.197224,,,,,,,176,64,110,,,,,1,1,0,,,,,,,,,,,,,,,,,,,,,
,6808,,,0,92.207640,,,,,,,176,64,111,,,,,1,1,0,,,,,,,,,,,,,,,,,,,,,
,6809,,,0,92.218056,,,,,,,176,67,113,,,,,1,1,0,,,,,,,,,,,,,,,,,,,,,
,6810,,,0,92.225868,,,,,,,176,67,112,,,,,1,1,0,,,,,,,,,,,,,,,,,,,,,
,6811,,,0,92.236284,,,,,,,176,67,113,,,,,1,1,0,,,,,,,,,,,,,,,,,,,,,
,6812,,,0,92.244096,,,,,,,128,102,0,,,,,1,1,0,,,,,,,,,,,,,,,,,,,,,
,6813,,,0,92.246700,,,,,,,128,100,0,,,,,1,1,0,,,,,,,,,,,,,,,,,,,,,
,6814,,,0,92.246700,,,,,,,176,67,112,,,,,1,1,0,,,,,,,,,,,,,,,,,,,,,
,6815,,,0,92.277948,,,,,,,176,67,113,,,,,1,1,0,,,,,,,,,,,,,,,,,,,,,
,6816,,,0,92.288364,,,,,,,176,67,112,,,,,1,1,0,,,,,,,,,,,,,,,,,,,,,
,6817,,,0,92.327424,,,,,,,176,67,111,,,,,1,1,0,,,,,,,,,,,,,,,,,,,,,
,6818,,,0,92.337840,,,,,,,176,67,112,,,,,1,1,0,,,,,,,,,,,,,,,,,,,,,
,6819,,,0,92.348256,,,,,,,176,64,110,,,,,1,1,0,,,,,,,,,,,,,,,,,,,,,
,6820,,,0,92.348256,,,,,,,176,67,108,,,,,1,1,0,,,,,,,,,,,,,,,,,,,,,
,6821,,,0,92.358672,,,,,,,176,64,111,,,,,1,1,0,,,,,,,,,,,,,,,,,,,,,
,6822,,,0,92.358672,,,,,,,176,67,111,,,,,1,1,0,,,,,,,,,,,,,,,,,,,,,
,6823,,,0,92.369088,,,,,,,176,67,108,,,,,1,1,0,,,,,,,,,,,,,,,,,,,,,
,6824,,,0,92.397732,,,,,,,176,67,107,,,,,1,1,0,,,,,,,,,,,,,,,,,,,,,
,6825,,,0,92.436792,,,,,,,176,67,108,,,,,1,1,0,,,,,,,,,,,,,,,,,,,,,
,6826,,,0,92.447208,,,,,,,176,67,107,,,,,1,1,0,,,,,,,,,,,,,,,,,,,,,
318,6827,1,4598,0,92.496684,0.0,0.0,0,D5,,13,144,74,69,,6015,,,1,1,0,,1.0,,0.2769473170731707,1,0.0,0.0,0.0,0.0,2.875,5.75,4.407142824999999,0.7413532177851826,0.0,0.0,0.0,0.0,1.0,5.125,2.71082515,0.9552632047624505
,6828,,,0,92.556576,,,,,,,128,74,0,,,,,1,1,0,,,,,,,,,,,,,,,,,,,,,
,6829,,,0,92.676360,,,,,,,176,64,110,,,,,1,1,0,,,,,,,,,,,,,,,,,,,,,
318,6830,1,4599,0,92.684172,0.0,0.0,0,E6,,14,144,88,74,,6015,,,1,1,0,,1.0,,0.2769473170731707,1,0.0,0.0,0.0,0.0,2.875,5.75,4.407142824999999,0.7413532177851826,0.0,0.0,0.0,0.0,1.0,5.125,2.71082515,0.9552632047624505
,6831,,,0,92.697192,,,,,,,176,64,111,,,,,1,1,0,,,,,,,,,,,,,,,,,,,,,
318,6832,1,4600,0,92.767500,0.0,0.0,0,A#5,,15,144,82,80,,6015,,,1,1,0,,1.0,,0.2769473170731707,1,0.0,0.0,0.0,0.0,2.875,5.75,4.407142824999999,0.7413532177851826,0.0,0.0,0.0,0.0,1.0,5.125,2.71082515,0.9552632047624505
,6833,,,0,92.770104,,,,,,,128,88,0,,,,,1,1,0,,,,,,,,,,,,,,,,,,,,,
318,6834,1,4601,0,92.882076,0.0,0.0,0,E6,,15,144,88,80,,6015,,,1,1,0,,1.0,,0.2769473170731707,1,0.0,0.0,0.0,0.0,2.875,5.75,4.407142824999999,0.7413532177851826,0.0,0.0,0.0,0.0,1.0,5.125,2.71082515,0.9552632047624505
,6835,,,0,92.928948,,,,,,,128,82,0,,,,,1,1,0,,,,,,,,,,,,,,,,,,,,,
,6836,,,0,93.001860,,,,,,,128,88,0,,,,,1,1,0,,,,,,,,,,,,,,,,,,,,,
,6837,,,0,93.007068,,,,,,,176,64,110,,,,,1,1,0,,,,,,,,,,,,,,,,,,,,,
,6838,,,0,93.017484,,,,,,,176,64,111,,,,,1,1,0,,,,,,,,,,,,,,,,,,,,,
318,6839,1,4602,0,93.069564,0.0,0.0,0,D4,,16,144,62,85,,6015,,,1,1,0,,1.0,,0.2769473170731707,1,0.0,0.0,0.0,0.0,2.875,5.75,4.407142824999999,0.7413532177851826,0.0,0.0,0.0,0.0,1.0,5.125,2.71082515,0.9552632047624505
,6840,,,0,93.077376,,,,,,,176,64,110,,,,,1,1,0,,,,,,,,,,,,,,,,,,,,,
,6841,,,0,93.087792,,,,,,,176,64,111,,,,,1,1,0,,,,,,,,,,,,,,,,,,,,,
,6842,,,0,93.145080,,,,,,,128,62,0,,,,,1,1,0,,,,,,,,,,,,,,,,,,,,,
,6843,,,0,93.165912,,,,,,,176,64,110,,,,,1,1,0,,,,,,,,,,,,,,,,,,,,,
,6844,,,0,93.176328,,,,,,,176,64,111,,,,,1,1,0,,,,,,,,,,,,,,,,,,,,,
318,6845,1,4603,0,93.204972,0.0,0.0,0,A#5,,17,144,82,90,,6015,,,1,1,0,,1.0,,0.2769473170731707,1,0.0,0.0,0.0,0.0,2.875,5.75,4.407142824999999,0.7413532177851826,0.0,0.0,0.0,0.0,1.0,5.125,2.71082515,0.9552632047624505
,6846,,,0,93.277884,,,,,,,176,64,110,,,,,1,1,0,,,,,,,,,,,,,,,,,,,,,
,6847,,,0,93.296112,,,,,,,176,64,111,,,,,1,1,0,,,,,,,,,,,,,,,,,,,,,
318,6848,1,4604,0,93.301320,0.0,0.0,0,F#6,,18,144,90,96,,6015,,,1,1,0,,1.0,,0.2769473170731707,1,0.0,0.0,0.0,0.0,2.875,5.75,4.407142824999999,0.7413532177851826,0.0,0.0,0.0,0.0,1.0,5.125,2.71082515,0.9552632047624505
,6849,,,0,93.309132,,,,,,,128,82,0,,,,,1,1,0,,,,,,,,,,,,,,,,,,,,,
,6850,,,0,93.327360,,,,,,,176,67,106,,,,,1,1,0,,,,,,,,,,,,,,,,,,,,,
,6851,,,0,93.337776,,,,,,,176,67,107,,,,,1,1,0,,,,,,,,,,,,,,,,,,,,,
,6852,,,0,93.345588,,,,,,,176,67,105,,,,,1,1,0,,,,,,,,,,,,,,,,,,,,,
,6853,,,0,93.366420,,,,,,,176,67,104,,,,,1,1,0,,,,,,,,,,,,,,,,,,,,,
,6854,,,0,93.376836,,,,,,,176,67,105,,,,,1,1,0,,,,,,,,,,,,,,,,,,,,,
,6855,,,0,93.382044,,,,,,,128,90,0,,,,,1,1,0,,,,,,,,,,,,,,,,,,,,,
,6856,,,0,93.387252,,,,,,,176,67,103,,,,,1,1,0,,,,,,,,,,,,,,,,,,,,,
,6857,,,0,93.397668,,,,,,,176,67,105,,,,,1,1,0,,,,,,,,,,,,,,,,,,,,,
,6858,,,0,93.405480,,,,,,,176,64,110,,,,,1,1,0,,,,,,,,,,,,,,,,,,,,,
,6859,,,0,93.408084,,,,,,,176,67,103,,,,,1,1,0,,,,,,,,,,,,,,,,,,,,,
,6860,,,0,93.415896,,,,,,,176,64,111,,,,,1,1,0,,,,,,,,,,,,,,,,,,,,,
,6861,,,0,93.418500,,,,,,,176,67,100,,,,,1,1,0,,,,,,,,,,,,,,,,,,,,,
318,6862,1,4605,0,93.418500,0.0,0.0,0,E5,,19,144,76,101,,6015,,,1,1,0,,1.0,,0.2769473170731707,1,0.0,0.0,0.0,0.0,2.875,5.75,4.407142824999999,0.7413532177851826,0.0,0.0,0.0,0.0,1.0,5.125,2.71082515,0.9552632047624505
,6863,,,0,93.457560,,,,,,,176,67,101,,,,,1,1,0,,,,,,,,,,,,,,,,,,,,,
,6864,,,0,93.467976,,,,,,,176,67,100,,,,,1,1,0,,,,,,,,,,,,,,,,,,,,,
318,6865,1,4606,0,93.507036,0.0,0.0,0,A#4,,19,144,70,101,,6015,,,1,1,0,,1.0,,0.2769473170731707,1,0.0,0.0,0.0,0.0,2.875,5.75,4.407142824999999,0.7413532177851826,0.0,0.0,0.0,0.0,1.0,5.125,2.71082515,0.9552632047624505
,6866,,,0,93.517452,,,,,,,176,64,110,,,,,1,1,0,,,,,,,,,,,,,,,,,,,,,
,6867,,,0,93.527868,,,,,,,176,64,111,,,,,1,1,0,,,,,,,,,,,,,,,,,,,,,
,6868,,,0,93.530472,,,,,,,128,76,0,,,,,1,1,0,,,,,,,,,,,,,,,,,,,,,
,6869,,,0,93.546096,,,,,,,176,67,101,,,,,1,1,0,,,,,,,,,,,,,,,,,,,,,
,6870,,,0,93.564324,,,,,,,128,70,0,,,,,1,1,0,,,,,,,,,,,,,,,,,,,,,
,6871,,,0,93.566928,,,,,,,176,67,98,,,,,1,1,0,,,,,,,,,,,,,,,,,,,,,
,6872,,,0,93.577344,,,,,,,176,67,96,,,,,1,1,0,,,,,,,,,,,,,,,,,,,,,
,6873,,,0,93.598176,,,,,,,176,67,95,,,,,1,1,0,,,,,,,,,,,,,,,,,,,,,
,6874,,,0,93.608592,,,,,,,176,67,94,,,,,1,1,0,,,,,,,,,,,,,,,,,,,,,
,6875,,,0,93.647652,,,,,,,176,67,87,,,,,1,1,0,,,,,,,,,,,,,,,,,,,,,
,6876,,,0,93.707544,,,,,,,176,67,80,,,,,1,1,0,,,,,,,,,,,,,,,,,,,,,
,6877,,,0,93.767436,,,,,,,176,67,79,,,,,1,1,0,,,,,,,,,,,,,,,,,,,,,
,6878,,,0,93.845556,,,,,,,176,67,77,,,,,1,1,0,,,,,,,,,,,,,,,,,,,,,
,6879,,,0,93.855972,,,,,,,176,67,74,,,,,1,1,0,,,,,,,,,,,,,,,,,,,,,
318,6880,1,4607,0,93.876804,0.0,0.0,0,F#7,,20,144,102,106,,6015,,,1,1,0,,1.0,,0.2769473170731707,1,0.0,0.0,0.0,0.0,2.875,5.75,4.407142824999999,0.7413532177851826,0.0,0.0,0.0,0.0,1.0,5.125,2.71082515,0.9552632047624505
318,6881,1,4607,0,93.897636,0.0,0.0,0,D7,,22,144,98,117,,6015,,,1,1,0,,1.0,,0.2769473170731707,1,0.0,0.0,0.0,0.0,2.875,5.75,4.407142824999999,0.7413532177851826,0.0,0.0,0.0,0.0,1.0,5.125,2.71082515,0.9552632047624505
318,6882,1,4607,0,93.905448,0.0,0.0,0,D#3,,20,144,51,106,,6015,,,1,1,0,,1.0,,0.2769473170731707,1,0.0,0.0,0.0,0.0,2.875,5.75,4.407142824999999,0.7413532177851826,0.0,0.0,0.0,0.0,1.0,5.125,2.71082515,0.9552632047624505
,6883,,,0,93.905448,,,,,,,176,67,71,,,,,1,1,0,,,,,,,,,,,,,,,,,,,,,
,6884,,,0,93.915864,,,,,,,176,67,67,,,,,1,1,0,,,,,,,,,,,,,,,,,,,,,
,6885,,,0,93.926280,,,,,,,176,67,63,,,,,1,0,0,,,,,,,,,,,,,,,,,,,,,
,6886,,,0,93.936696,,,,,,,176,67,60,,,,,1,0,0,,,,,,,,,,,,,,,,,,,,,
,6887,,,0,93.947112,,,,,,,176,67,54,,,,,1,0,0,,,,,,,,,,,,,,,,,,,,,
,6888,,,0,93.957528,,,,,,,176,67,47,,,,,1,0,0,,,,,,,,,,,,,,,,,,,,,
,6889,,,0,93.965340,,,,,,,128,102,0,,,,,1,0,0,,,,,,,,,,,,,,,,,,,,,
,6890,,,0,93.967944,,,,,,,176,67,43,,,,,1,0,0,,,,,,,,,,,,,,,,,,,,,
318,6891,1,4608,0,93.973152,0.0,0.0,0,D7,,20,144,98,106,,6015,,,1,0,0,,1.0,,0.2769473170731707,1,0.0,0.0,0.0,0.0,2.875,5.75,4.407142824999999,0.7413532177851826,0.0,0.0,0.0,0.0,1.0,5.125,2.71082515,0.9552632047624505
,6892,,,0,93.975756,,,,,,,176,67,40,,,,,1,0,0,,,,,,,,,,,,,,,,,,,,,
318,6893,1,4608,0,93.978360,0.0,0.0,0,F#2,,20,144,42,106,,6015,,,1,0,0,,1.0,,0.2769473170731707,1,0.0,0.0,0.0,0.0,2.875,5.75,4.407142824999999,0.7413532177851826,0.0,0.0,0.0,0.0,1.0,5.125,2.71082515,0.9552632047624505
,6894,,,0,93.986172,,,,,,,176,67,34,,,,,1,0,0,,,,,,,,,,,,,,,,,,,,,
,6895,,,0,93.996588,,,,,,,176,67,33,,,,,1,0,0,,,,,,,,,,,,,,,,,,,,,
,6896,,,0,94.007004,,,,,,,176,67,27,,,,,1,0,0,,,,,,,,,,,,,,,,,,,,,
,6897,,,0,94.027836,,,,,,,176,67,26,,,,,1,0,0,,,,,,,,,,,,,,,,,,,,,
,6898,,,0,94.035648,,,,,,,176,67,27,,,,,1,0,0,,,,,,,,,,,,,,,,,,,,,
,6899,,,0,94.038252,,,,,,,128,51,0,,,,,1,0,0,,,,,,,,,,,,,,,,,,,,,
,6900,,,0,94.056480,,,,,,,176,67,26,,,,,1,0,0,,,,,,,,,,,,,,,,,,,,,
,6901,,,0,94.074708,,,,,,,128,42,0,,,,,1,0,0,,,,,,,,,,,,,,,,,,,,,
,6902,,,0,94.077312,,,,,,,176,67,27,,,,,1,0,0,,,,,,,,,,,,,,,,,,,,,
,6903,,,0,94.095540,,,,,,,176,67,26,,,,,1,0,0,,,,,,,,,,,,,,,,,,,,,
,6904,,,0,94.126788,,,,,,,176,67,25,,,,,1,0,0,,,,,,,,,,,,,,,,,,,,,
,6905,,,0,94.137204,,,,,,,128,100,0,,,,,1,0,0,,,,,,,,,,,,,,,,,,,,,
,6906,,,0,94.139808,,,,,,,176,67,26,,,,,1,0,0,,,,,,,,,,,,,,,,,,,,,
,6907,,,0,94.147620,,,,,,,128,98,0,,,,,1,0,0,,,,,,,,,,,,,,,,,,,,,
,6908,,,0,94.147620,,,,,,,128,98,0,,,,,1,0,0,,,,,,,,,,,,,,,,,,,,,
,6909,,,0,94.217928,,,,,,,176,67,25,,,,,1,0,0,,,,,,,,,,,,,,,,,,,,,
,6910,,,0,94.225740,,,,,,,176,67,27,,,,,1,0,0,,,,,,,,,,,,,,,,,,,,,
,6911,,,0,94.238760,,,,,,,176,67,25,,,,,1,0,0,,,,,,,,,,,,,,,,,,,,,
,6912,,,0,94.246572,,,,,,,176,67,26,,,,,1,0,0,,,,,,,,,,,,,,,,,,,,,
,6913,,,0,94.277820,,,,,,,176,67,25,,,,,1,0,0,,,,,,,,,,,,,,,,,,,,,
,6914,,,0,94.285632,,,,,,,176,67,26,,,,,1,0,0,,,,,,,,,,,,,,,,,,,,,
,6915,,,0,94.355940,,,,,,,176,67,27,,,,,1,0,0,,,,,,,,,,,,,,,,,,,,,
,6916,,,0,94.366356,,,,,,,176,67,25,,,,,1,0,0,,,,,,,,,,,,,,,,,,,,,
,6917,,,0,94.376772,,,,,,,176,67,27,,,,,1,0,0,,,,,,,,,,,,,,,,,,,,,
,6918,,,0,94.387188,,,,,,,176,67,25,,,,,1,0,0,,,,,,,,,,,,,,,,,,,,,
,6919,,,0,94.397604,,,,,,,176,67,27,,,,,1,0,0,,,,,,,,,,,,,,,,,,,,,
,6920,,,0,94.405416,,,,,,,176,67,26,,,,,1,0,0,,,,,,,,,,,,,,,,,,,,,
,6921,,,0,94.415832,,,,,,,176,67,25,,,,,1,0,0,,,,,,,,,,,,,,,,,,,,,
,6922,,,0,94.426248,,,,,,,176,67,26,,,,,1,0,0,,,,,,,,,,,,,,,,,,,,,
,6923,,,0,94.436664,,,,,,,176,64,110,,,,,1,0,0,,,,,,,,,,,,,,,,,,,,,
,6924,,,0,94.447080,,,,,,,176,64,111,,,,,1,0,0,,,,,,,,,,,,,,,,,,,,,
,6925,,,0,94.457496,,,,,,,176,67,25,,,,,1,0,0,,,,,,,,,,,,,,,,,,,,,
,6926,,,0,94.467912,,,,,,,176,67,26,,,,,1,0,0,,,,,,,,,,,,,,,,,,,,,
,6927,,,0,94.475724,,,,,,,176,67,25,,,,,1,0,0,,,,,,,,,,,,,,,,,,,,,
,6928,,,0,94.486140,,,,,,,176,67,26,,,,,1,0,0,,,,,,,,,,,,,,,,,,,,,
,6929,,,0,94.496556,,,,,,,176,67,25,,,,,1,0,0,,,,,,,,,,,,,,,,,,,,,
,6930,,,0,94.506972,,,,,,,176,67,26,,,,,1,0,0,,,,,,,,,,,,,,,,,,,,,
,6931,,,0,94.546032,,,,,,,176,67,25,,,,,1,0,0,,,,,,,,,,,,,,,,,,,,,
,6932,,,0,94.556448,,,,,,,176,67,26,,,,,1,0,0,,,,,,,,,,,,,,,,,,,,,
318,6933,1,4609,0,94.561656,0.0,0.0,0,E1,,8,144,28,42,,6015,,,1,0,0,,1.0,,0.2769473170731707,1,0.0,0.0,0.0,0.0,2.875,5.75,4.407142824999999,0.7413532177851826,0.0,0.0,0.0,0.0,1.0,5.125,2.71082515,0.9552632047624505
,6934,,,0,94.566864,,,,,,,176,67,25,,,,,1,0,0,,,,,,,,,,,,,,,,,,,,,
,6935,,,0,94.577280,,,,,,,176,67,26,,,,,1,0,0,,,,,,,,,,,,,,,,,,,,,
,6936,,,0,94.587696,,,,,,,176,67,24,,,,,1,0,0,,,,,,,,,,,,,,,,,,,,,
,6937,,,0,94.595508,,,,,,,176,67,27,,,,,1,0,0,,,,,,,,,,,,,,,,,,,,,
,6938,,,0,94.605924,,,,,,,176,64,110,,,,,1,0,0,,,,,,,,,,,,,,,,,,,,,
,6939,,,0,94.608528,,,,,,,176,67,25,,,,,1,0,0,,,,,,,,,,,,,,,,,,,,,
318,6940,1,4610,0,94.616340,0.0,0.0,0,C2,,7,144,36,37,,6015,,,1,0,0,,1.0,,0.2769473170731707,1,0.0,0.0,0.0,0.0,2.875,5.75,4.407142824999999,0.7413532177851826,0.0,0.0,0.0,0.0,1.0,5.125,2.71082515,0.9552632047624505
,6941,,,0,94.618944,,,,,,,176,64,111,,,,,1,0,0,,,,,,,,,,,,,,,,,,,,,
,6942,,,0,94.618944,,,,,,,176,67,26,,,,,1,0,0,,,,,,,,,,,,,,,,,,,,,
,6943,,,0,94.626756,,,,,,,176,67,25,,,,,1,0,0,,,,,,,,,,,,,,,,,,,,,
,6944,,,0,94.637172,,,,,,,176,67,26,,,,,1,0,0,,,,,,,,,,,,,,,,,,,,,
,6945,,,0,94.642380,,,,,,,128,28,0,,,,,1,0,0,,,,,,,,,,,,,,,,,,,,,
,6946,,,0,94.655400,,,,,,,176,64,110,,,,,1,0,0,,,,,,,,,,,,,,,,,,,,,
,6947,,,0,94.665816,,,,,,,176,64,111,,,,,1,0,0,,,,,,,,,,,,,,,,,,,,,
,6948,,,0,94.676232,,,,,,,176,67,25,,,,,1,0,0,,,,,,,,,,,,,,,,,,,,,
,6949,,,0,94.684044,,,,,,,128,36,0,,,,,1,0,0,,,,,,,,,,,,,,,,,,,,,
,6950,,,0,94.686648,,,,,,,176,64,110,,,,,1,0,0,,,,,,,,,,,,,,,,,,,,,
,6951,,,0,94.686648,,,,,,,176,67,26,,,,,1,0,0,,,,,,,,,,,,,,,,,,,,,
,6952,,,0,94.697064,,,,,,,176,64,111,,,,,1,0,0,,,,,,,,,,,,,,,,,,,,,
,6953,,,0,94.707480,,,,,,,176,67,27,,,,,1,0,0,,,,,,,,,,,,,,,,,,,,,
,6954,,,0,94.717896,,,,,,,176,67,26,,,,,1,0,0,,,,,,,,,,,,,,,,,,,,,
318,6955,1,4611,0,94.730916,0.0,0.0,0,E1,,5,144,28,26,,6015,,,1,0,0,,1.0,,0.2769473170731707,1,0.0,0.0,0.0,0.0,2.875,5.75,4.407142824999999,0.7413532177851826,0.0,0.0,0.0,0.0,1.0,5.125,2.71082515,0.9552632047624505
318,6956,1,4612,0,94.806432,0.0,0.0,0,C2,,4,144,36,21,,6015,,,1,0,0,,1.0,,0.2769473170731707,1,0.0,0.0,0.0,0.0,2.875,5.75,4.407142824999999,0.7413532177851826,0.0,0.0,0.0,0.0,1.0,5.125,2.71082515,0.9552632047624505
,6957,,,0,94.848096,,,,,,,176,67,25,,,,,1,0,0,,,,,,,,,,,,,,,,,,,,,
,6958,,,0,94.858512,,,,,,,176,67,27,,,,,1,0,0,,,,,,,,,,,,,,,,,,,,,
,6959,,,0,94.866324,,,,,,,128,28,0,,,,,1,0,0,,,,,,,,,,,,,,,,,,,,,
,6960,,,0,94.868928,,,,,,,176,67,25,,,,,1,0,0,,,,,,,,,,,,,,,,,,,,,
,6961,,,0,94.876740,,,,,,,176,67,26,,,,,1,0,0,,,,,,,,,,,,,,,,,,,,,
,6962,,,0,94.894968,,,,,,,128,36,0,,,,,1,0,0,,,,,,,,,,,,,,,,,,,,,
,6963,,,0,94.897572,,,,,,,176,64,110,,,,,1,0,0,,,,,,,,,,,,,,,,,,,,,
,6964,,,0,94.905384,,,,,,,176,64,111,,,,,1,0,0,,,,,,,,,,,,,,,,,,,,,
,6965,,,0,94.957464,,,,,,,176,67,25,,,,,1,0,0,,,,,,,,,,,,,,,,,,,,,
,6966,,,0,94.967880,,,,,,,176,67,26,,,,,1,0,0,,,,,,,,,,,,,,,,,,,,,
,6967,,,0,94.975692,,,,,,,176,67,25,,,,,1,0,0,,,,,,,,,,,,,,,,,,,,,
318,6968,1,4613,0,94.978296,0.0,0.0,0,G#1,,2,144,32,10,,6015,,,1,0,0,,1.0,,0.2769473170731707,1,0.0,0.0,0.0,0.0,2.875,5.75,4.407142824999999,0.7413532177851826,0.0,0.0,0.0,0.0,1.0,5.125,2.71082515,0.9552632047624505
,6969,,,0,94.986108,,,,,,,176,67,26,,,,,1,0,0,,,,,,,,,,,,,,,,,,,,,
,6970,,,0,95.027772,,,,,,,176,67,25,,,,,1,0,0,,,,,,,,,,,,,,,,,,,,,
,6971,,,0,95.046000,,,,,,,176,67,26,,,,,1,0,0,,,,,,,,,,,,,,,,,,,,,
,6972,,,0,95.066832,,,,,,,176,64,110,,,,,1,0,0,,,,,,,,,,,,,,,,,,,,,
,6973,,,0,95.066832,,,,,,,176,67,25,,,,,1,0,0,,,,,,,,,,,,,,,,,,,,,
,6974,,,0,95.077248,,,,,,,176,67,27,,,,,1,0,0,,,,,,,,,,,,,,,,,,,,,
,6975,,,0,95.087664,,,,,,,176,64,111,,,,,1,0,0,,,,,,,,,,,,,,,,,,,,,
,6976,,,0,95.087664,,,,,,,176,67,26,,,,,1,0,0,,,,,,,,,,,,,,,,,,,,,
,6977,,,0,95.116308,,,,,,,176,67,27,,,,,1,0,0,,,,,,,,,,,,,,,,,,,,,
,6978,,,0,95.126724,,,,,,,176,67,26,,,,,1,0,0,,,,,,,,,,,,,,,,,,,,,
,6979,,,0,95.137140,,,,,,,176,64,110,,,,,1,0,0,,,,,,,,,,,,,,,,,,,,,
,6980,,,0,95.147556,,,,,,,176,64,111,,,,,1,0,0,,,,,,,,,,,,,,,,,,,,,
,6981,,,0,95.207448,,,,,,,176,67,27,,,,,1,0,0,,,,,,,,,,,,,,,,,,,,,
,6982,,,0,95.217864,,,,,,,176,67,26,,,,,1,0,0,,,,,,,,,,,,,,,,,,,,,
,6983,,,0,95.220468,,,,,,,128,32,0,,,,,1,0,0,,,,,,,,,,,,,,,,,,,,,
,6984,,,0,95.238696,,,,,,,176,67,27,,,,,1,0,0,,,,,,,,,,,,,,,,,,,,,
,6985,,,0,95.246508,,,,,,,176,64,110,,,,,1,0,0,,,,,,,,,,,,,,,,,,,,,
,6986,,,0,95.256924,,,,,,,176,64,111,,,,,1,0,0,,,,,,,,,,,,,,,,,,,,,
,6987,,,0,95.277756,,,,,,,176,67,26,,,,,1,0,0,,,,,,,,,,,,,,,,,,,,,
,6988,,,0,95.285568,,,,,,,176,67,27,,,,,1,0,0,,,,,,,,,,,,,,,,,,,,,
,6989,,,0,95.316816,,,,,,,176,67,26,,,,,1,0,0,,,,,,,,,,,,,,,,,,,,,
,6990,,,0,95.327232,,,,,,,176,67,27,,,,,1,0,0,,,,,,,,,,,,,,,,,,,,,
,6991,,,0,95.355876,,,,,,,176,64,110,,,,,1,0,0,,,,,,,,,,,,,,,,,,,,,
,6992,,,0,95.366292,,,,,,,176,64,111,,,,,1,0,0,,,,,,,,,,,,,,,,,,,,,
,6993,,,0,95.366292,,,,,,,176,67,26,,,,,1,0,0,,,,,,,,,,,,,,,,,,,,,
,6994,,,0,95.376708,,,,,,,176,67,27,,,,,1,0,0,,,,,,,,,,,,,,,,,,,,,
,6995,,,0,95.387124,,,,,,,176,67,26,,,,,1,0,0,,,,,,,,,,,,,,,,,,,,,
,6996,,,0,95.405352,,,,,,,176,67,27,,,,,1,0,0,,,,,,,,,,,,,,,,,,,,,
,6997,,,0,95.447016,,,,,,,176,67,26,,,,,1,0,0,,,,,,,,,,,,,,,,,,,,,
,6998,,,0,95.457432,,,,,,,176,67,27,,,,,1,0,0,,,,,,,,,,,,,,,,,,,,,
,6999,,,0,95.467848,,,,,,,176,64,110,,,,,1,0,0,,,,,,,,,,,,,,,,,,,,,
,7000,,,0,95.467848,,,,,,,176,67,26,,,,,1,0,0,,,,,,,,,,,,,,,,,,,,,
,7001,,,0,95.475660,,,,,,,176,64,111,,,,,1,0,0,,,,,,,,,,,,,,,,,,,,,
,7002,,,0,95.478264,,,,,,,176,67,27,,,,,1,0,0,,,,,,,,,,,,,,,,,,,,,
,7003,,,0,95.486076,,,,,,,176,64,110,,,,,1,0,0,,,,,,,,,,,,,,,,,,,,,
,7004,,,0,95.496492,,,,,,,176,64,111,,,,,1,0,0,,,,,,,,,,,,,,,,,,,,,
,7005,,,0,95.496492,,,,,,,176,67,26,,,,,1,0,0,,,,,,,,,,,,,,,,,,,,,
,7006,,,0,95.517324,,,,,,,176,67,27,,,,,1,0,0,,,,,,,,,,,,,,,,,,,,,
,7007,,,0,95.556384,,,,,,,176,64,110,,,,,1,0,0,,,,,,,,,,,,,,,,,,,,,
,7008,,,0,95.566800,,,,,,,176,67,26,,,,,1,0,0,,,,,,,,,,,,,,,,,,,,,
,7009,,,0,95.577216,,,,,,,176,64,111,,,,,1,0,0,,,,,,,,,,,,,,,,,,,,,
,7010,,,0,95.577216,,,,,,,176,67,27,,,,,1,0,0,,,,,,,,,,,,,,,,,,,,,
,7011,,,0,95.616276,,,,,,,176,67,26,,,,,1,0,0,,,,,,,,,,,,,,,,,,,,,
,7012,,,0,95.626692,,,,,,,176,67,27,,,,,1,0,0,,,,,,,,,,,,,,,,,,,,,
,7013,,,0,95.655336,,,,,,,176,67,26,,,,,1,0,0,,,,,,,,,,,,,,,,,,,,,
,7014,,,0,95.665752,,,,,,,176,67,27,,,,,1,0,0,,,,,,,,,,,,,,,,,,,,,
,7015,,,0,95.686584,,,,,,,176,67,26,,,,,1,0,0,,,,,,,,,,,,,,,,,,,,,
,7016,,,0,95.697000,,,,,,,176,67,27,,,,,1,0,0,,,,,,,,,,,,,,,,,,,,,
,7017,,,0,95.717832,,,,,,,176,67,26,,,,,1,0,0,,,,,,,,,,,,,,,,,,,,,
,7018,,,0,95.725644,,,,,,,176,67,27,,,,,1,0,0,,,,,,,,,,,,,,,,,,,,,
,7019,,,0,95.756892,,,,,,,176,67,26,,,,,1,0,0,,,,,,,,,,,,,,,,,,,,,
,7020,,,0,95.767308,,,,,,,176,67,27,,,,,1,0,0,,,,,,,,,,,,,,,,,,,,,
,7021,,,0,95.785536,,,,,,,176,67,26,,,,,1,0,0,,,,,,,,,,,,,,,,,,,,,
,7022,,,0,95.795952,,,,,,,176,64,110,,,,,1,0,0,,,,,,,,,,,,,,,,,,,,,
,7023,,,0,95.798556,,,,,,,176,67,27,,,,,1,0,0,,,,,,,,,,,,,,,,,,,,,
,7024,,,0,95.806368,,,,,,,176,64,111,,,,,1,0,0,,,,,,,,,,,,,,,,,,,,,
,7025,,,0,95.946984,,,,,,,176,67,26,,,,,1,0,0,,,,,,,,,,,,,,,,,,,,,
,7026,,,0,95.957400,,,,,,,176,67,27,,,,,1,0,0,,,,,,,,,,,,,,,,,,,,,
,7027,,,0,95.975628,,,,,,,176,67,26,,,,,1,0,0,,,,,,,,,,,,,,,,,,,,,
,7028,,,0,95.986044,,,,,,,176,67,27,,,,,1,0,0,,,,,,,,,,,,,,,,,,,,,
,7029,,,0,96.045936,,,,,,,176,64,110,,,,,1,0,0,,,,,,,,,,,,,,,,,,,,,
,7030,,,0,96.056352,,,,,,,176,64,111,,,,,1,0,0,,,,,,,,,,,,,,,,,,,,,
,7031,,,0,96.077184,,,,,,,176,67,26,,,,,1,0,0,,,,,,,,,,,,,,,,,,,,,
,7032,,,0,96.087600,,,,,,,176,67,27,,,,,1,0,0,,,,,,,,,,,,,,,,,,,,,
,7033,,,0,96.116244,,,,,,,176,67,26,,,,,1,0,0,,,,,,,,,,,,,,,,,,,,,
,7034,,,0,96.126660,,,,,,,176,67,27,,,,,1,0,0,,,,,,,,,,,,,,,,,,,,,
,7035,,,0,96.137076,,,,,,,176,67,26,,,,,1,0,0,,,,,,,,,,,,,,,,,,,,,
,7036,,,0,96.165720,,,,,,,176,67,27,,,,,1,0,0,,,,,,,,,,,,,,,,,,,,,
,7037,,,0,96.178740,,,,,,,176,64,110,,,,,1,0,0,,,,,,,,,,,,,,,,,,,,,
,7038,,,0,96.189156,,,,,,,176,64,111,,,,,1,0,0,,,,,,,,,,,,,,,,,,,,,
,7039,,,0,96.225612,,,,,,,128,105,0,,,,,1,0,0,,,,,,,,,,,,,,,,,,,,,
,7040,,,0,96.225612,,,,,,,176,67,26,,,,,1,0,0,,,,,,,,,,,,,,,,,,,,,
,7041,,,0,96.236028,,,,,,,176,67,27,,,,,1,0,0,,,,,,,,,,,,,,,,,,,,,
,7042,,,0,96.256860,,,,,,,176,67,26,,,,,1,0,0,,,,,,,,,,,,,,,,,,,,,
,7043,,,0,96.267276,,,,,,,176,67,27,,,,,1,0,0,,,,,,,,,,,,,,,,,,,,,
,7044,,,0,96.295920,,,,,,,176,67,26,,,,,1,0,0,,,,,,,,,,,,,,,,,,,,,
,7045,,,0,96.306336,,,,,,,176,67,27,,,,,1,0,0,,,,,,,,,,,,,,,,,,,,,
,7046,,,0,96.327168,,,,,,,176,67,26,,,,,1,0,0,,,,,,,,,,,,,,,,,,,,,
,7047,,,0,96.355812,,,,,,,176,67,27,,,,,1,0,0,,,,,,,,,,,,,,,,,,,,,
,7048,,,0,96.376644,,,,,,,176,67,26,,,,,1,0,0,,,,,,,,,,,,,,,,,,,,,
,7049,,,0,96.387060,,,,,,,176,67,27,,,,,1,0,0,,,,,,,,,,,,,,,,,,,,,
,7050,,,0,96.405288,,,,,,,176,67,26,,,,,1,0,0,,,,,,,,,,,,,,,,,,,,,
,7051,,,0,96.415704,,,,,,,176,67,27,,,,,1,0,0,,,,,,,,,,,,,,,,,,,,,
,7052,,,0,96.436536,,,,,,,176,67,26,,,,,1,0,0,,,,,,,,,,,,,,,,,,,,,
,7053,,,0,96.457368,,,,,,,176,64,110,,,,,1,0,0,,,,,,,,,,,,,,,,,,,,,
,7054,,,0,96.465180,,,,,,,176,64,111,,,,,1,0,0,,,,,,,,,,,,,,,,,,,,,
,7055,,,0,96.467784,,,,,,,176,67,27,,,,,1,0,0,,,,,,,,,,,,,,,,,,,,,
,7056,,,0,96.517260,,,,,,,176,67,26,,,,,1,0,0,,,,,,,,,,,,,,,,,,,,,
,7057,,,0,96.527676,,,,,,,176,67,27,,,,,1,0,0,,,,,,,,,,,,,,,,,,,,,
,7058,,,0,96.545904,,,,,,,176,64,110,,,,,1,0,0,,,,,,,,,,,,,,,,,,,,,
,7059,,,0,96.556320,,,,,,,176,64,111,,,,,1,0,0,,,,,,,,,,,,,,,,,,,,,
,7060,,,0,96.566736,,,,,,,176,67,26,,,,,1,0,0,,,,,,,,,,,,,,,,,,,,,
,7061,,,0,96.577152,,,,,,,176,67,27,,,,,1,0,0,,,,,,,,,,,,,,,,,,,,,
,7062,,,0,96.605796,,,,,,,176,67,26,,,,,1,0,0,,,,,,,,,,,,,,,,,,,,,
,7063,,,0,96.616212,,,,,,,176,67,27,,,,,1,0,0,,,,,,,,,,,,,,,,,,,,,
,7064,,,0,96.639648,,,,,,,176,67,26,,,,,1,0,0,,,,,,,,,,,,,,,,,,,,,
,7065,,,0,96.655272,,,,,,,176,67,27,,,,,1,0,0,,,,,,,,,,,,,,,,,,,,,
,7066,,,0,96.665688,,,,,,,176,64,110,,,,,1,0,0,,,,,,,,,,,,,,,,,,,,,
,7067,,,0,96.668292,,,,,,,176,67,26,,,,,1,0,0,,,,,,,,,,,,,,,,,,,,,
,7068,,,0,96.676104,,,,,,,176,64,111,,,,,1,0,0,,,,,,,,,,,,,,,,,,,,,
,7069,,,0,96.686520,,,,,,,176,67,27,,,,,1,0,0,,,,,,,,,,,,,,,,,,,,,
,7070,,,0,96.707352,,,,,,,176,67,26,,,,,1,0,0,,,,,,,,,,,,,,,,,,,,,
,7071,,,0,96.715164,,,,,,,176,67,27,,,,,1,0,0,,,,,,,,,,,,,,,,,,,,,
319,7072,1,4614,0,96.749016,0.0,0.0,0,F#7,,20,144,102,106,,6015,,,1,0,0,,1.0,,0.2769473170731707,1,0.0,0.0,0.0,0.0,2.875,5.75,4.407142824999999,0.7413532177851826,0.0,0.0,0.0,0.0,1.0,5.125,2.71082515,0.9552632047624505
,7073,,,0,96.756828,,,,,,,176,67,26,,,,,1,0,0,,,,,,,,,,,,,,,,,,,,,
0,7074,1,0,0,96.764640,0.0,0.0,0,G#4,,-1,144,68,72,,,,,1,0,0,,,,,,,,,,,,,,,,,,,,,
,7075,,,0,96.767244,,,,,,,176,67,27,,,,,1,0,0,,,,,,,,,,,,,,,,,,,,,
,7076,,,0,96.777660,,,,,,,176,67,26,,,,,1,0,0,,,,,,,,,,,,,,,,,,,,,
,7077,,,0,96.785472,,,,,,,176,67,27,,,,,1,0,0,,,,,,,,,,,,,,,,,,,,,
,7078,,,0,96.806304,,,,,,,176,67,26,,,,,1,0,0,,,,,,,,,,,,,,,,,,,,,
,7079,,,0,96.816720,,,,,,,176,67,25,,,,,1,0,0,,,,,,,,,,,,,,,,,,,,,
,7080,,,0,96.827136,,,,,,,176,67,27,,,,,1,0,0,,,,,,,,,,,,,,,,,,,,,
,7081,,,0,96.837552,,,,,,,176,67,24,,,,,1,0,0,,,,,,,,,,,,,,,,,,,,,
,7082,,,0,96.845364,,,,,,,176,67,21,,,,,1,0,0,,,,,,,,,,,,,,,,,,,,,
,7083,,,0,96.853176,,,,,,,128,102,0,,,,,1,0,0,,,,,,,,,,,,,,,,,,,,,
,7084,,,0,96.855780,,,,,,,176,67,20,,,,,1,0,0,,,,,,,,,,,,,,,,,,,,,
,7085,,,0,96.866196,,,,,,,176,67,21,,,,,1,0,0,,,,,,,,,,,,,,,,,,,,,
,7086,,,0,96.876612,,,,,,,176,67,20,,,,,1,0,0,,,,,,,,,,,,,,,,,,,,,
,7087,,,0,96.876612,,,,,,,128,68,0,,,,,1,0,0,,,,,,,,,,,,,,,,,,,,,
,7088,,,0,96.887028,,,,,,,176,67,21,,,,,1,0,0,,,,,,,,,,,,,,,,,,,,,
,7089,,,0,96.897444,,,,,,,176,67,20,,,,,1,0,0,,,,,,,,,,,,,,,,,,,,,
,7090,,,0,96.915672,,,,,,,176,64,110,,,,,1,0,0,,,,,,,,,,,,,,,,,,,,,
,7091,,,0,96.926088,,,,,,,176,64,111,,,,,1,0,0,,,,,,,,,,,,,,,,,,,,,
,7092,,,0,96.936504,,,,,,,176,67,21,,,,,1,0,0,,,,,,,,,,,,,,,,,,,,,
,7093,,,0,96.946920,,,,,,,176,67,20,,,,,1,0,0,,,,,,,,,,,,,,,,,,,,,
,7094,,,0,96.965148,,,,,,,176,64,110,,,,,1,0,0,,,,,,,,,,,,,,,,,,,,,
,7095,,,0,96.975564,,,,,,,176,64,111,,,,,1,0,0,,,,,,,,,,,,,,,,,,,,,
,7096,,,0,96.978168,,,,,,,176,67,21,,,,,1,0,0,,,,,,,,,,,,,,,,,,,,,
,7097,,,0,96.985980,,,,,,,176,67,20,,,,,1,0,0,,,,,,,,,,,,,,,,,,,,,
,7098,,,0,96.996396,,,,,,,176,67,21,,,,,1,0,0,,,,,,,,,,,,,,,,,,,,,
,7099,,,0,97.006812,,,,,,,176,64,110,,,,,1,0,0,,,,,,,,,,,,,,,,,,,,,
,7100,,,0,97.006812,,,,,,,176,67,20,,,,,1,0,0,,,,,,,,,,,,,,,,,,,,,
,7101,,,0,97.017228,,,,,,,176,64,111,,,,,1,0,0,,,,,,,,,,,,,,,,,,,,,
,7102,,,0,97.027644,,,,,,,176,67,21,,,,,1,0,0,,,,,,,,,,,,,,,,,,,,,
,7103,,,0,97.035456,,,,,,,176,67,20,,,,,1,0,0,,,,,,,,,,,,,,,,,,,,,
,7104,,,0,97.045872,,,,,,,176,67,21,,,,,1,0,0,,,,,,,,,,,,,,,,,,,,,
,7105,,,0,97.056288,,,,,,,176,67,20,,,,,1,0,0,,,,,,,,,,,,,,,,,,,,,
,7106,,,0,97.066704,,,,,,,176,67,21,,,,,1,0,0,,,,,,,,,,,,,,,,,,,,,
,7107,,,0,97.077120,,,,,,,176,67,20,,,,,1,0,0,,,,,,,,,,,,,,,,,,,,,
,7108,,,0,97.126596,,,,,,,176,67,21,,,,,1,0,0,,,,,,,,,,,,,,,,,,,,,
,7109,,,0,97.147428,,,,,,,176,64,110,,,,,1,0,0,,,,,,,,,,,,,,,,,,,,,
,7110,,,0,97.147428,,,,,,,176,67,20,,,,,1,0,0,,,,,,,,,,,,,,,,,,,,,
,7111,,,0,97.155240,,,,,,,176,64,111,,,,,1,0,0,,,,,,,,,,,,,,,,,,,,,
,7112,,,0,97.176072,,,,,,,176,67,21,,,,,1,0,0,,,,,,,,,,,,,,,,,,,,,
,7113,,,0,97.186488,,,,,,,176,67,20,,,,,1,0,0,,,,,,,,,,,,,,,,,,,,,
,7114,,,0,97.196904,,,,,,,176,67,21,,,,,1,0,0,,,,,,,,,,,,,,,,,,,,,
,7115,,,0,97.207320,,,,,,,176,67,20,,,,,1,0,0,,,,,,,,,,,,,,,,,,,,,
,7116,,,0,97.215132,,,,,,,176,67,21,,,,,1,0,0,,,,,,,,,,,,,,,,,,,,,
,7117,,,0,97.225548,,,,,,,176,67,20,,,,,1,0,0,,,,,,,,,,,,,,,,,,,,,
,7118,,,0,97.267212,,,,,,,176,67,21,,,,,1,0,0,,,,,,,,,,,,,,,,,,,,,
,7119,,,0,97.277628,,,,,,,176,67,20,,,,,1,0,0,,,,,,,,,,,,,,,,,,,,,
,7120,,,0,97.306272,,,,,,,176,67,21,,,,,1,0,0,,,,,,,,,,,,,,,,,,,,,
,7121,,,0,97.316688,,,,,,,176,67,20,,,,,1,0,0,,,,,,,,,,,,,,,,,,,,,
,7122,,,0,97.327104,,,,,,,176,67,21,,,,,1,0,0,,,,,,,,,,,,,,,,,,,,,
,7123,,,0,97.337520,,,,,,,176,64,110,,,,,1,0,0,,,,,,,,,,,,,,,,,,,,,
,7124,,,0,97.337520,,,,,,,176,67,20,,,,,1,0,0,,,,,,,,,,,,,,,,,,,,,
,7125,,,0,97.345332,,,,,,,176,64,111,,,,,1,0,0,,,,,,,,,,,,,,,,,,,,,
,7126,,,0,97.355748,,,,,,,176,67,21,,,,,1,0,0,,,,,,,,,,,,,,,,,,,,,
,7127,,,0,97.366164,,,,,,,176,67,20,,,,,1,0,0,,,,,,,,,,,,,,,,,,,,,
,7128,,,0,97.376580,,,,,,,176,67,21,,,,,1,0,0,,,,,,,,,,,,,,,,,,,,,
,7129,,,0,97.386996,,,,,,,176,67,20,,,,,1,0,0,,,,,,,,,,,,,,,,,,,,,
,7130,,,0,97.397412,,,,,,,176,67,21,,,,,1,0,0,,,,,,,,,,,,,,,,,,,,,
,7131,,,0,97.405224,,,,,,,176,67,20,,,,,1,0,0,,,,,,,,,,,,,,,,,,,,,
,7132,,,0,97.415640,,,,,,,176,67,21,,,,,1,0,0,,,,,,,,,,,,,,,,,,,,,
,7133,,,0,97.426056,,,,,,,176,64,110,,,,,1,0,0,,,,,,,,,,,,,,,,,,,,,
,7134,,,0,97.428660,,,,,,,176,67,20,,,,,1,0,0,,,,,,,,,,,,,,,,,,,,,
,7135,,,0,97.436472,,,,,,,176,64,111,,,,,1,0,0,,,,,,,,,,,,,,,,,,,,,
,7136,,,0,97.457304,,,,,,,176,67,21,,,,,1,0,0,,,,,,,,,,,,,,,,,,,,,
,7137,,,0,97.496364,,,,,,,176,67,20,,,,,1,0,0,,,,,,,,,,,,,,,,,,,,,
,7138,,,0,97.506780,,,,,,,176,67,21,,,,,1,0,0,,,,,,,,,,,,,,,,,,,,,
,7139,,,0,97.538028,,,,,,,176,67,23,,,,,1,0,0,,,,,,,,,,,,,,,,,,,,,
,7140,,,0,97.548444,,,,,,,176,67,22,,,,,1,0,0,,,,,,,,,,,,,,,,,,,,,
,7141,,,0,97.556256,,,,,,,176,67,24,,,,,1,0,0,,,,,,,,,,,,,,,,,,,,,
,7142,,,0,97.566672,,,,,,,176,67,26,,,,,1,0,0,,,,,,,,,,,,,,,,,,,,,
,7143,,,0,97.595316,,,,,,,176,64,110,,,,,1,0,0,,,,,,,,,,,,,,,,,,,,,
,7144,,,0,97.608336,,,,,,,176,64,111,,,,,1,0,0,,,,,,,,,,,,,,,,,,,,,
,7145,,,0,97.616148,,,,,,,176,67,25,,,,,1,0,0,,,,,,,,,,,,,,,,,,,,,
,7146,,,0,97.636980,,,,,,,176,64,110,,,,,1,0,0,,,,,,,,,,,,,,,,,,,,,
,7147,,,0,97.636980,,,,,,,176,67,26,,,,,1,0,0,,,,,,,,,,,,,,,,,,,,,
,7148,,,0,97.647396,,,,,,,176,64,111,,,,,1,0,0,,,,,,,,,,,,,,,,,,,,,
,7149,,,0,97.647396,,,,,,,176,67,25,,,,,1,0,0,,,,,,,,,,,,,,,,,,,,,
,7150,,,0,97.657812,,,,,,,176,67,26,,,,,1,0,0,,,,,,,,,,,,,,,,,,,,,
,7151,,,0,97.665624,,,,,,,176,67,24,,,,,1,0,0,,,,,,,,,,,,,,,,,,,,,
,7152,,,0,97.676040,,,,,,,176,67,26,,,,,1,0,0,,,,,,,,,,,,,,,,,,,,,
,7153,,,0,97.689060,,,,,,,176,67,25,,,,,1,0,0,,,,,,,,,,,,,,,,,,,,,
,7154,,,0,97.699476,,,,,,,176,64,110,,,,,1,0,0,,,,,,,,,,,,,,,,,,,,,
,7155,,,0,97.699476,,,,,,,176,67,26,,,,,1,0,0,,,,,,,,,,,,,,,,,,,,,
,7156,,,0,97.707288,,,,,,,176,64,111,,,,,1,0,0,,,,,,,,,,,,,,,,,,,,,
,7157,,,0,97.715100,,,,,,,176,64,110,,,,,1,0,0,,,,,,,,,,,,,,,,,,,,,
,7158,,,0,97.725516,,,,,,,176,64,111,,,,,1,0,0,,,,,,,,,,,,,,,,,,,,,
,7159,,,0,97.735932,,,,,,,176,67,25,,,,,1,0,0,,,,,,,,,,,,,,,,,,,,,
,7160,,,0,97.746348,,,,,,,176,67,26,,,,,1,0,0,,,,,,,,,,,,,,,,,,,,,
,7161,,,0,97.777596,,,,,,,176,67,25,,,,,1,0,0,,,,,,,,,,,,,,,,,,,,,
,7162,,,0,97.785408,,,,,,,176,67,26,,,,,1,0,0,,,,,,,,,,,,,,,,,,,,,
,7163,,,0,97.795824,,,,,,,176,67,25,,,,,1,0,0,,,,,,,,,,,,,,,,,,,,,
,7164,,,0,97.806240,,,,,,,176,67,26,,,,,1,0,0,,,,,,,,,,,,,,,,,,,,,
,7165,,,0,97.855716,,,,,,,176,64,110,,,,,1,0,0,,,,,,,,,,,,,,,,,,,,,
,7166,,,0,97.866132,,,,,,,176,64,106,,,,,1,0,0,,,,,,,,,,,,,,,,,,,,,
,7167,,,0,97.876548,,,,,,,176,64,94,,,,,1,0,0,,,,,,,,,,,,,,,,,,,,,
,7168,,,0,97.876548,,,,,,,176,67,27,,,,,1,0,0,,,,,,,,,,,,,,,,,,,,,
,7169,,,0,97.886964,,,,,,,176,64,73,,,,,1,0,0,,,,,,,,,,,,,,,,,,,,,
,7170,,,0,97.897380,,,,,,,176,64,44,,,,,0,0,0,,,,,,,,,,,,,,,,,,,,,
,7171,,,0,97.897380,,,,,,,176,67,33,,,,,0,0,0,,,,,,,,,,,,,,,,,,,,,
319,7172,1,4614,0,97.902588,0.0,0.0,0,F#7,,20,144,102,106,,6015,,,0,0,0,,1.0,,0.2769473170731707,1,0.0,0.0,0.0,0.0,2.875,5.75,4.407142824999999,0.7413532177851826,0.0,0.0,0.0,0.0,1.0,5.125,2.71082515,0.9552632047624505
,7173,,,0,97.905192,,,,,,,176,64,15,,,,,0,0,0,,,,,,,,,,,,,,,,,,,,,
,7174,,,0,97.907796,,,,,,,176,67,40,,,,,0,0,0,,,,,,,,,,,,,,,,,,,,,
,7175,,,0,97.915608,,,,,,,176,64,8,,,,,0,0,0,,,,,,,,,,,,,,,,,,,,,
,7176,,,0,97.918212,,,,,,,176,67,53,,,,,0,0,0,,,,,,,,,,,,,,,,,,,,,
319,7177,1,4615,0,97.920816,0.0,0.0,0,G#6,,11,144,92,58,,6015,,,0,0,0,,1.0,,0.2769473170731707,1,0.0,0.0,0.0,0.0,2.875,5.75,4.407142824999999,0.7413532177851826,0.0,0.0,0.0,0.0,1.0,5.125,2.71082515,0.9552632047624505
,7178,,,0,97.926024,,,,,,,176,67,75,,,,,0,1,0,,,,,,,,,,,,,,,,,,,,,
,7179,,,0,97.936440,,,,,,,176,67,102,,,,,0,1,0,,,,,,,,,,,,,,,,,,,,,
319,7180,1,4616,0,97.936440,0.0,0.0,0,C7,,12,144,96,64,,6015,,,0,1,0,,1.0,,0.2769473170731707,1,0.0,0.0,0.0,0.0,2.875,5.75,4.407142824999999,0.7413532177851826,0.0,0.0,0.0,0.0,1.0,5.125,2.71082515,0.9552632047624505
,7181,,,0,97.946856,,,,,,,176,67,127,,,,,0,1,0,,,,,,,,,,,,,,,,,,,,,
,7182,,,0,97.957272,,,,,,,176,64,7,,,,,0,1,0,,,,,,,,,,,,,,,,,,,,,
,7183,,,0,97.965084,,,,,,,176,64,8,,,,,0,1,0,,,,,,,,,,,,,,,,,,,,,
,7184,,,0,97.975500,,,,,,,176,64,10,,,,,0,1,0,,,,,,,,,,,,,,,,,,,,,
,7185,,,0,97.985916,,,,,,,176,64,12,,,,,0,1,0,,,,,,,,,,,,,,,,,,,,,
,7186,,,0,97.991124,,,,,,,128,96,0,,,,,0,1,0,,,,,,,,,,,,,,,,,,,,,
,7187,,,0,97.996332,,,,,,,176,64,18,,,,,0,1,0,,,,,,,,,,,,,,,,,,,,,
,7188,,,0,98.001540,,,,,,,128,102,0,,,,,0,1,0,,,,,,,,,,,,,,,,,,,,,
,7189,,,0,98.006748,,,,,,,176,64,23,,,,,0,1,0,,,,,,,,,,,,,,,,,,,,,
,7190,,,0,98.014560,,,,,,,128,92,0,,,,,0,1,0,,,,,,,,,,,,,,,,,,,,,
,7191,,,0,98.017164,,,,,,,176,64,27,,,,,0,1,0,,,,,,,,,,,,,,,,,,,,,
,7192,,,0,98.027580,,,,,,,176,64,35,,,,,0,1,0,,,,,,,,,,,,,,,,,,,,,
,7193,,,0,98.035392,,,,,,,176,64,43,,,,,0,1,0,,,,,,,,,,,,,,,,,,,,,
,7194,,,0,98.045808,,,,,,,176,64,57,,,,,0,1,0,,,,,,,,,,,,,,,,,,,,,
,7195,,,0,98.056224,,,,,,,176,64,74,,,,,1,1,0,,,,,,,,,,,,,,,,,,,,,
,7196,,,0,98.066640,,,,,,,176,64,95,,,,,1,1,0,,,,,,,,,,,,,,,,,,,,,
,7197,,,0,98.077056,,,,,,,176,64,112,,,,,1,1,0,,,,,,,,,,,,,,,,,,,,,
,7198,,,0,98.087472,,,,,,,176,64,118,,,,,1,1,0,,,,,,,,,,,,,,,,,,,,,
319,7199,1,4617,0,98.095284,0.0,0.0,0,E4,,12,144,64,64,,6015,,,1,1,0,,1.0,,0.2769473170731707,1,0.0,0.0,0.0,0.0,2.875,5.75,4.407142824999999,0.7413532177851826,0.0,0.0,0.0,0.0,1.0,5.125,2.71082515,0.9552632047624505
,7200,,,0,98.095284,,,,,,,176,64,112,,,,,1,1,0,,,,,,,,,,,,,,,,,,,,,
,7201,,,0,98.105700,,,,,,,176,64,110,,,,,1,1,0,,,,,,,,,,,,,,,,,,,,,
,7202,,,0,98.126532,,,,,,,176,64,111,,,,,1,1,0,,,,,,,,,,,,,,,,,,,,,
,7203,,,0,98.155176,,,,,,,176,64,110,,,,,1,1,0,,,,,,,,,,,,,,,,,,,,,
,7204,,,0,98.165592,,,,,,,176,64,111,,,,,1,1,0,,,,,,,,,,,,,,,,,,,,,
0,7205,1,0,0,98.220276,0.0,0.0,0,C#6,,-1,144,85,61,,,,,1,1,0,,,,,,,,,,,,,,,,,,,,,
,7206,,,0,98.251524,,,,,,,128,64,0,,,,,1,1,0,,,,,,,,,,,,,,,,,,,,,
,7207,,,0,98.285376,,,,,,,176,64,110,,,,,1,1,0,,,,,,,,,,,,,,,,,,,,,
,7208,,,0,98.295792,,,,,,,176,64,111,,,,,1,1,0,,,,,,,,,,,,,,,,,,,,,
319,7209,1,4619,0,98.360892,0.0,0.0,0,F3,,14,144,53,74,,6015,,,1,1,0,,1.0,,0.2769473170731707,1,0.0,0.0,0.0,0.0,2.875,5.75,4.407142824999999,0.7413532177851826,0.0,0.0,0.0,0.0,1.0,5.125,2.71082515,0.9552632047624505
,7210,,,0,98.366100,,,,,,,176,64,110,,,,,1,1,0,,,,,,,,,,,,,,,,,,,,,
,7211,,,0,98.386932,,,,,,,176,64,111,,,,,1,1,0,,,,,,,,,,,,,,,,,,,,,
,7212,,,0,98.389536,,,,,,,128,85,0,,,,,1,1,0,,,,,,,,,,,,,,,,,,,,,
,7213,,,0,98.405160,,,,,,,176,64,110,,,,,1,1,0,,,,,,,,,,,,,,,,,,,,,
,7214,,,0,98.415576,,,,,,,176,64,111,,,,,1,1,0,,,,,,,,,,,,,,,,,,,,,
,7215,,,0,98.425992,,,,,,,128,53,0,,,,,1,1,0,,,,,,,,,,,,,,,,,,,,,
,7216,,,0,98.436408,,,,,,,176,64,110,,,,,1,1,0,,,,,,,,,,,,,,,,,,,,,
319,7217,1,4620,0,98.439012,0.0,0.0,0,E4,,15,144,64,80,,6015,,,1,1,0,,1.0,,0.2769473170731707,1,0.0,0.0,0.0,0.0,2.875,5.75,4.407142824999999,0.7413532177851826,0.0,0.0,0.0,0.0,1.0,5.125,2.71082515,0.9552632047624505
,7218,,,0,98.446824,,,,,,,176,64,111,,,,,1,1,0,,,,,,,,,,,,,,,,,,,,,
,7219,,,0,98.485884,,,,,,,176,64,110,,,,,1,1,0,,,,,,,,,,,,,,,,,,,,,
,7220,,,0,98.496300,,,,,,,176,64,111,,,,,1,1,0,,,,,,,,,,,,,,,,,,,,,
,7221,,,0,98.504112,,,,,,,128,64,0,,,,,1,1,0,,,,,,,,,,,,,,,,,,,,,
,7222,,,0,98.506716,,,,,,,176,64,110,,,,,1,1,0,,,,,,,,,,,,,,,,,,,,,
,7223,,,0,98.517132,,,,,,,176,64,111,,,,,1,1,0,,,,,,,,,,,,,,,,,,,,,
319,7224,1,4621,0,98.517132,0.0,0.0,0,F3,,16,144,53,85,,6015,,,1,1,0,,1.0,,0.2769473170731707,1,0.0,0.0,0.0,0.0,2.875,5.75,4.407142824999999,0.7413532177851826,0.0,0.0,0.0,0.0,1.0,5.125,2.71082515,0.9552632047624505
319,7225,1,4622,0,98.610876,0.0,0.0,0,E4,,16,144,64,85,,6015,,,1,1,0,,1.0,,0.2769473170731707,1,0.0,0.0,0.0,0.0,2.875,5.75,4.407142824999999,0.7413532177851826,0.0,0.0,0.0,0.0,1.0,5.125,2.71082515,0.9552632047624505
,7226,,,0,98.616084,,,,,,,128,53,0,,,,,1,1,0,,,,,,,,,,,,,,,,,,,,,
,7227,,,0,98.636916,,,,,,,176,64,110,,,,,1,1,0,,,,,,,,,,,,,,,,,,,,,
,7228,,,0,98.647332,,,,,,,176,64,111,,,,,1,1,0,,,,,,,,,,,,,,,,,,,,,
319,7229,1,4623,0,98.675976,0.0,0.0,0,F3,,17,144,53,90,,6015,,,1,1,0,,1.0,,0.2769473170731707,1,0.0,0.0,0.0,0.0,2.875,5.75,4.407142824999999,0.7413532177851826,0.0,0.0,0.0,0.0,1.0,5.125,2.71082515,0.9552632047624505
,7230,,,0,98.725452,,,,,,,176,64,110,,,,,1,1,0,,,,,,,,,,,,,,,,,,,,,
,7231,,,0,98.730660,,,,,,,128,64,0,,,,,1,1,0,,,,,,,,,,,,,,,,,,,,,
,7232,,,0,98.735868,,,,,,,176,64,111,,,,,1,1,0,,,,,,,,,,,,,,,,,,,,,
,7233,,,0,98.785344,,,,,,,128,53,0,,,,,1,1,0,,,,,,,,,,,,,,,,,,,,,
,7234,,,0,98.806176,,,,,,,176,64,110,,,,,1,1,0,,,,,,,,,,,,,,,,,,,,,
,7235,,,0,98.816592,,,,,,,176,64,111,,,,,1,1,0,,,,,,,,,,,,,,,,,,,,,
,7236,,,0,98.876484,,,,,,,176,67,121,,,,,1,1,0,,,,,,,,,,,,,,,,,,,,,
,7237,,,0,98.889504,,,,,,,176,67,113,,,,,1,1,0,,,,,,,,,,,,,,,,,,,,,
,7238,,,0,98.897316,,,,,,,176,67,105,,,,,1,1,0,,,,,,,,,,,,,,,,,,,,,
,7239,,,0,98.905128,,,,,,,176,67,98,,,,,1,1,0,,,,,,,,,,,,,,,,,,,,,
,7240,,,0,98.915544,,,,,,,176,67,93,,,,,1,1,0,,,,,,,,,,,,,,,,,,,,,
,7241,,,0,98.925960,,,,,,,176,67,87,,,,,1,1,0,,,,,,,,,,,,,,,,,,,,,
,7242,,,0,98.936376,,,,,,,176,67,83,,,,,1,1,0,,,,,,,,,,,,,,,,,,,,,
,7243,,,0,98.946792,,,,,,,176,67,81,,,,,1,1,0,,,,,,,,,,,,,,,,,,,,,
,7244,,,0,98.957208,,,,,,,176,67,80,,,,,1,1,0,,,,,,,,,,,,,,,,,,,,,
,7245,,,0,98.975436,,,,,,,176,67,81,,,,,1,1,0,,,,,,,,,,,,,,,,,,,,,
,7246,,,0,98.985852,,,,,,,176,67,80,,,,,1,1,0,,,,,,,,,,,,,,,,,,,,,
,7247,,,0,99.037932,,,,,,,176,64,105,,,,,1,1,0,,,,,,,,,,,,,,,,,,,,,
,7248,,,0,99.048348,,,,,,,176,64,94,,,,,1,1,0,,,,,,,,,,,,,,,,,,,,,
,7249,,,0,99.056160,,,,,,,176,64,75,,,,,1,1,0,,,,,,,,,,,,,,,,,,,,,
,7250,,,0,99.058764,,,,,,,176,67,81,,,,,1,1,0,,,,,,,,,,,,,,,,,,,,,
,7251,,,0,99.066576,,,,,,,176,64,46,,,,,0,1,0,,,,,,,,,,,,,,,,,,,,,
,7252,,,0,99.076992,,,,,,,176,64,18,,,,,0,1,0,,,,,,,,,,,,,,,,,,,,,
,7253,,,0,99.076992,,,,,,,176,67,80,,,,,0,1,0,,,,,,,,,,,,,,,,,,,,,
,7254,,,0,99.087408,,,,,,,176,64,8,,,,,0,1,0,,,,,,,,,,,,,,,,,,,,,
,7255,,,0,99.087408,,,,,,,176,67,81,,,,,0,1,0,,,,,,,,,,,,,,,,,,,,,
,7256,,,0,99.095220,,,,,,,176,67,80,,,,,0,1,0,,,,,,,,,,,,,,,,,,,,,
,7257,,,0,99.105636,,,,,,,176,67,79,,,,,0,1,0,,,,,,,,,,,,,,,,,,,,,
,7258,,,0,99.116052,,,,,,,176,67,75,,,,,0,1,0,,,,,,,,,,,,,,,,,,,,,
,7259,,,0,99.126468,,,,,,,176,64,7,,,,,0,1,0,,,,,,,,,,,,,,,,,,,,,
,7260,,,0,99.126468,,,,,,,176,67,74,,,,,0,1,0,,,,,,,,,,,,,,,,,,,,,
319,7261,1,4624,0,99.139488,0.0,0.0,0,A#4,,11,144,70,58,,6015,,,0,1,0,,1.0,,0.2769473170731707,1,0.0,0.0,0.0,0.0,2.875,5.75,4.407142824999999,0.7413532177851826,0.0,0.0,0.0,0.0,1.0,5.125,2.71082515,0.9552632047624505
319,7262,1,4624,0,99.144696,0.0,0.0,0,D4,,11,144,62,58,,6015,,,0,1,0,,1.0,,0.2769473170731707,1,0.0,0.0,0.0,0.0,2.875,5.75,4.407142824999999,0.7413532177851826,0.0,0.0,0.0,0.0,1.0,5.125,2.71082515,0.9552632047624505
,7263,,,0,99.147300,,,,,,,176,64,11,,,,,0,1,0,,,,,,,,,,,,,,,,,,,,,
319,7264,1,4624,0,99.155112,0.0,0.0,0,F#5,,11,144,78,58,,6015,,,0,1,0,,1.0,,0.2769473170731707,1,0.0,0.0,0.0,0.0,2.875,5.75,4.407142824999999,0.7413532177851826,0.0,0.0,0.0,0.0,1.0,5.125,2.71082515,0.9552632047624505
,7265,,,0,99.157716,,,,,,,176,64,12,,,,,0,1,0,,,,,,,,,,,,,,,,,,,,,
319,7266,1,4624,0,99.162924,0.0,0.0,0,D#3,,11,144,51,58,,6015,,,0,1,0,,1.0,,0.2769473170731707,1,0.0,0.0,0.0,0.0,2.875,5.75,4.407142824999999,0.7413532177851826,0.0,0.0,0.0,0.0,1.0,5.125,2.71082515,0.9552632047624505
,7267,,,0,99.168132,,,,,,,176,64,15,,,,,0,1,0,,,,,,,,,,,,,,,,,,,,,
,7268,,,0,99.175944,,,,,,,176,64,19,,,,,0,1,0,,,,,,,,,,,,,,,,,,,,,
319,7269,1,4624,0,99.178548,0.0,0.0,0,E5,,11,144,76,58,,6015,,,0,1,0,,1.0,,0.2769473170731707,1,0.0,0.0,0.0,0.0,2.875,5.75,4.407142824999999,0.7413532177851826,0.0,0.0,0.0,0.0,1.0,5.125,2.71082515,0.9552632047624505
,7270,,,0,99.181152,,,,,,,128,62,0,,,,,0,1,0,,,,,,,,,,,,,,,,,,,,,
,7271,,,0,99.186360,,,,,,,176,64,25,,,,,0,1,0,,,,,,,,,,,,,,,,,,,,,
,7272,,,0,99.196776,,,,,,,128,70,0,,,,,0,1,0,,,,,,,,,,,,,,,,,,,,,
,7273,,,0,99.196776,,,,,,,176,64,29,,,,,0,1,0,,,,,,,,,,,,,,,,,,,,,
,7274,,,0,99.207192,,,,,,,176,64,35,,,,,0,1,0,,,,,,,,,,,,,,,,,,,,,
,7275,,,0,99.207192,,,,,,,128,78,0,,,,,0,1,0,,,,,,,,,,,,,,,,,,,,,
,7276,,,0,99.215004,,,,,,,176,64,43,,,,,0,1,0,,,,,,,,,,,,,,,,,,,,,
,7277,,,0,99.225420,,,,,,,176,64,56,,,,,0,1,0,,,,,,,,,,,,,,,,,,,,,
,7278,,,0,99.228024,,,,,,,128,51,0,,,,,0,1,0,,,,,,,,,,,,,,,,,,,,,
,7279,,,0,99.238440,,,,,,,176,64,71,,,,,1,1,0,,,,,,,,,,,,,,,,,,,,,
,7280,,,0,99.246252,,,,,,,176,64,91,,,,,1,1,0,,,,,,,,,,,,,,,,,,,,,
,7281,,,0,99.256668,,,,,,,128,76,0,,,,,1,1,0,,,,,,,,,,,,,,,,,,,,,
,7282,,,0,99.256668,,,,,,,176,64,108,,,,,1,1,0,,,,,,,,,,,,,,,,,,,,,
,7283,,,0,99.267084,,,,,,,176,64,118,,,,,1,1,0,,,,,,,,,,,,,,,,,,,,,
,7284,,,0,99.267084,,,,,,,176,67,79,,,,,1,1,0,,,,,,,,,,,,,,,,,,,,,
,7285,,,0,99.274896,,,,,,,176,64,113,,,,,1,1,0,,,,,,,,,,,,,,,,,,,,,
,7286,,,0,99.277500,,,,,,,176,67,80,,,,,1,1,0,,,,,,,,,,,,,,,,,,,,,
,7287,,,0,99.287916,,,,,,,176,64,111,,,,,1,1,0,,,,,,,,,,,,,,,,,,,,,
,7288,,,0,99.287916,,,,,,,176,67,81,,,,,1,1,0,,,,,,,,,,,,,,,,,,,,,
,7289,,,0,99.298332,,,,,,,176,64,110,,,,,1,1,0,,,,,,,,,,,,,,,,,,,,,
,7290,,,0,99.298332,,,,,,,176,67,80,,,,,1,1,0,,,,,,,,,,,,,,,,,,,,,
,7291,,,0,99.306144,,,,,,,176,64,111,,,,,1,1,0,,,,,,,,,,,,,,,,,,,,,
,7292,,,0,99.306144,,,,,,,176,67,83,,,,,1,1,0,,,,,,,,,,,,,,,,,,,,,
,7293,,,0,99.316560,,,,,,,176,67,87,,,,,1,1,0,,,,,,,,,,,,,,,,,,,,,
,7294,,,0,99.326976,,,,,,,176,67,91,,,,,1,1,0,,,,,,,,,,,,,,,,,,,,,
,7295,,,0,99.337392,,,,,,,176,67,94,,,,,1,1,0,,,,,,,,,,,,,,,,,,,,,
,7296,,,0,99.347808,,,,,,,176,67,100,,,,,1,1,0,,,,,,,,,,,,,,,,,,,,,
,7297,,,0,99.358224,,,,,,,176,67,111,,,,,1,1,0,,,,,,,,,,,,,,,,,,,,,
,7298,,,0,99.366036,,,,,,,176,67,120,,,,,1,1,0,,,,,,,,,,,,,,,,,,,,,
,7299,,,0,99.376452,,,,,,,176,67,127,,,,,1,1,0,,,,,,,,,,,,,,,,,,,,,
319,7300,1,4625,0,99.451968,0.0,0.0,0,C6,,8,144,84,42,,6015,,,1,1,0,,1.0,,0.2769473170731707,1,0.0,0.0,0.0,0.0,2.875,5.75,4.407142824999999,0.7413532177851826,0.0,0.0,0.0,0.0,1.0,5.125,2.71082515,0.9552632047624505
319,7301,1,4625,0,99.459780,0.0,0.0,0,G#5,,8,144,80,42,,6015,,,1,1,0,,1.0,,0.2769473170731707,1,0.0,0.0,0.0,0.0,2.875,5.75,4.407142824999999,0.7413532177851826,0.0,0.0,0.0,0.0,1.0,5.125,2.71082515,0.9552632047624505
,7302,,,0,99.464988,,,,,,,176,64,110,,,,,1,1,0,,,,,,,,,,,,,,,,,,,,,
,7303,,,0,99.475404,,,,,,,176,64,111,,,,,1,1,0,,,,,,,,,,,,,,,,,,,,,
319,7304,1,4625,0,99.483216,0.0,0.0,0,F#6,,8,144,90,42,,6015,,,1,1,0,,1.0,,0.2769473170731707,1,0.0,0.0,0.0,0.0,2.875,5.75,4.407142824999999,0.7413532177851826,0.0,0.0,0.0,0.0,1.0,5.125,2.71082515,0.9552632047624505
319,7305,1,4626,0,99.517068,0.0,0.0,0,F2,,8,144,41,42,,6015,,,1,1,0,,1.0,,0.2769473170731707,1,0.0,0.0,0.0,0.0,2.875,5.75,4.407142824999999,0.7413532177851826,0.0,0.0,0.0,0.0,1.0,5.125,2.71082515,0.9552632047624505
,7306,,,0,99.548316,,,,,,,176,64,110,,,,,1,1,0,,,,,,,,,,,,,,,,,,,,,
,7307,,,0,99.566544,,,,,,,176,64,111,,,,,1,1,0,,,,,,,,,,,,,,,,,,,,,
,7308,,,0,99.605604,,,,,,,128,41,0,,,,,1,1,0,,,,,,,,,,,,,,,,,,,,,
,7309,,,0,99.634248,,,,,,,128,80,0,,,,,1,1,0,,,,,,,,,,,,,,,,,,,,,
,7310,,,0,99.655080,,,,,,,128,84,0,,,,,1,1,0,,,,,,,,,,,,,,,,,,,,,
319,7311,1,4627,0,99.668100,0.0,0.0,0,E3,,8,144,52,42,,6015,,,1,1,0,,1.0,,0.2769473170731707,1,0.0,0.0,0.0,0.0,2.875,5.75,4.407142824999999,0.7413532177851826,0.0,0.0,0.0,0.0,1.0,5.125,2.71082515,0.9552632047624505
,7312,,,0,99.675912,,,,,,,176,64,110,,,,,1,1,0,,,,,,,,,,,,,,,,,,,,,
,7313,,,0,99.678516,,,,,,,128,90,0,,,,,1,1,0,,,,,,,,,,,,,,,,,,,,,
,7314,,,0,99.696744,,,,,,,176,64,111,,,,,1,1,0,,,,,,,,,,,,,,,,,,,,,
319,7315,1,4628,0,99.717576,0.0,0.0,0,F2,,8,144,41,42,,6015,,,1,1,0,,1.0,,0.2769473170731707,1,0.0,0.0,0.0,0.0,2.875,5.75,4.407142824999999,0.7413532177851826,0.0,0.0,0.0,0.0,1.0,5.125,2.71082515,0.9552632047624505
,7316,,,0,99.787884,,,,,,,176,64,110,,,,,1,1,0,,,,,,,,,,,,,,,,,,,,,
,7317,,,0,99.798300,,,,,,,128,41,0,,,,,1,1,0,,,,,,,,,,,,,,,,,,,,,
,7318,,,0,99.806112,,,,,,,176,64,111,,,,,1,1,0,,,,,,,,,,,,,,,,,,,,,
,7319,,,0,99.826944,,,,,,,176,64,110,,,,,1,1,0,,,,,,,,,,,,,,,,,,,,,
,7320,,,0,99.847776,,,,,,,176,64,111,,,,,1,1,0,,,,,,,,,,,,,,,,,,,,,
,7321,,,0,99.876420,,,,,,,176,64,110,,,,,1,1,0,,,,,,,,,,,,,,,,,,,,,
,7322,,,0,99.881628,,,,,,,128,52,0,,,,,1,1,0,,,,,,,,,,,,,,,,,,,,,
,7323,,,0,99.886836,,,,,,,176,64,111,,,,,1,1,0,,,,,,,,,,,,,,,,,,,,,
,7324,,,0,99.977976,,,,,,,176,64,110,,,,,1,1,0,,,,,,,,,,,,,,,,,,,,,
,7325,,,0,99.988392,,,,,,,176,64,111,,,,,1,1,0,,,,,,,,,,,,,,,,,,,,,
,7326,,,0,100.115988,,,,,,,176,64,110,,,,,1,1,0,,,,,,,,,,,,,,,,,,,,,
,7327,,,0,100.126404,,,,,,,176,64,111,,,,,1,1,0,,,,,,,,,,,,,,,,,,,,,
,7328,,,0,100.136820,,,,,,,176,64,110,,,,,1,1,0,,,,,,,,,,,,,,,,,,,,,
,7329,,,0,100.147236,,,,,,,176,64,111,,,,,1,1,0,,,,,,,,,,,,,,,,,,,,,
,7330,,,0,100.196712,,,,,,,176,64,110,,,,,1,1,0,,,,,,,,,,,,,,,,,,,,,
,7331,,,0,100.207128,,,,,,,176,64,111,,,,,1,1,0,,,,,,,,,,,,,,,,,,,,,
,7332,,,0,100.217544,,,,,,,176,64,110,,,,,1,1,0,,,,,,,,,,,,,,,,,,,,,
,7333,,,0,100.225356,,,,,,,176,64,111,,,,,1,1,0,,,,,,,,,,,,,,,,,,,,,
,7334,,,0,100.298268,,,,,,,176,64,110,,,,,1,1,0,,,,,,,,,,,,,,,,,,,,,
319,7335,1,4630,0,100.303476,0.0,0.0,0,D#2,,5,144,39,26,,6015,,,1,1,0,,1.0,,0.2769473170731707,1,0.0,0.0,0.0,0.0,2.875,5.75,4.407142824999999,0.7413532177851826,0.0,0.0,0.0,0.0,1.0,5.125,2.71082515,0.9552632047624505
,7336,,,0,100.308684,,,,,,,176,64,111,,,,,1,1,0,,,,,,,,,,,,,,,,,,,,,
319,7337,1,4630,0,100.313892,0.0,0.0,0,A#5,,5,144,82,26,,6015,,,1,1,0,,1.0,,0.2769473170731707,1,0.0,0.0,0.0,0.0,2.875,5.75,4.407142824999999,0.7413532177851826,0.0,0.0,0.0,0.0,1.0,5.125,2.71082515,0.9552632047624505
319,7338,1,4630,0,100.316496,0.0,0.0,0,F#6,,5,144,90,26,,6015,,,1,1,0,,1.0,,0.2769473170731707,1,0.0,0.0,0.0,0.0,2.875,5.75,4.407142824999999,0.7413532177851826,0.0,0.0,0.0,0.0,1.0,5.125,2.71082515,0.9552632047624505
319,7339,1,4630,0,100.326912,0.0,0.0,0,E6,,5,144,88,26,,6015,,,1,1,0,,1.0,,0.2769473170731707,1,0.0,0.0,0.0,0.0,2.875,5.75,4.407142824999999,0.7413532177851826,0.0,0.0,0.0,0.0,1.0,5.125,2.71082515,0.9552632047624505
319,7340,1,4630,0,100.329516,0.0,0.0,0,D3,,5,144,50,26,,6015,,,1,1,0,,1.0,,0.2769473170731707,1,0.0,0.0,0.0,0.0,2.875,5.75,4.407142824999999,0.7413532177851826,0.0,0.0,0.0,0.0,1.0,5.125,2.71082515,0.9552632047624505
,7341,,,0,100.337328,,,,,,,176,64,110,,,,,1,1,0,,,,,,,,,,,,,,,,,,,,,
,7342,,,0,100.345140,,,,,,,176,64,111,,,,,1,1,0,,,,,,,,,,,,,,,,,,,,,
,7343,,,0,100.389408,,,,,,,176,64,110,,,,,1,1,0,,,,,,,,,,,,,,,,,,,,,
,7344,,,0,100.397220,,,,,,,176,64,111,,,,,1,1,0,,,,,,,,,,,,,,,,,,,,,
,7345,,,0,100.446696,,,,,,,176,64,110,,,,,1,1,0,,,,,,,,,,,,,,,,,,,,,
,7346,,,0,100.457112,,,,,,,176,64,111,,,,,1,1,0,,,,,,,,,,,,,,,,,,,,,
,7347,,,0,100.506588,,,,,,,176,64,110,,,,,1,1,0,,,,,,,,,,,,,,,,,,,,,
,7348,,,0,100.517004,,,,,,,176,64,111,,,,,1,1,0,,,,,,,,,,,,,,,,,,,,,
,7349,,,0,100.537836,,,,,,,176,64,110,,,,,1,1,0,,,,,,,,,,,,,,,,,,,,,
,7350,,,0,100.548252,,,,,,,176,64,111,,,,,1,1,0,,,,,,,,,,,,,,,,,,,,,
,7351,,,0,100.566480,,,,,,,176,64,110,,,,,1,1,0,,,,,,,,,,,,,,,,,,,,,
,7352,,,0,100.576896,,,,,,,176,64,111,,,,,1,1,0,,,,,,,,,,,,,,,,,,,,,
,7353,,,0,100.686264,,,,,,,128,82,0,,,,,1,1,0,,,,,,,,,,,,,,,,,,,,,
,7354,,,0,100.686264,,,,,,,176,64,110,,,,,1,1,0,,,,,,,,,,,,,,,,,,,,,
,7355,,,0,100.696680,,,,,,,176,64,111,,,,,1,1,0,,,,,,,,,,,,,,,,,,,,,
,7356,,,0,100.712304,,,,,,,128,88,0,,,,,1,1,0,,,,,,,,,,,,,,,,,,,,,
,7357,,,0,100.714908,,,,,,,128,90,0,,,,,1,1,0,,,,,,,,,,,,,,,,,,,,,
,7358,,,0,100.727928,,,,,,,176,64,110,,,,,1,1,0,,,,,,,,,,,,,,,,,,,,,
,7359,,,0,100.740948,,,,,,,128,50,0,,,,,1,1,0,,,,,,,,,,,,,,,,,,,,,
,7360,,,0,100.746156,,,,,,,176,64,111,,,,,1,1,0,,,,,,,,,,,,,,,,,,,,,
,7361,,,0,100.785216,,,,,,,128,39,0,,,,,1,1,0,,,,,,,,,,,,,,,,,,,,,
,7362,,,0,100.907604,,,,,,,176,64,110,,,,,1,1,0,,,,,,,,,,,,,,,,,,,,,
,7363,,,0,100.918020,,,,,,,176,64,111,,,,,1,1,0,,,,,,,,,,,,,,,,,,,,,
,7364,,,0,100.925832,,,,,,,176,64,110,,,,,1,1,0,,,,,,,,,,,,,,,,,,,,,
,7365,,,0,100.936248,,,,,,,176,64,111,,,,,1,1,0,,,,,,,,,,,,,,,,,,,,,
,7366,,,0,100.996140,,,,,,,176,64,110,,,,,1,1,0,,,,,,,,,,,,,,,,,,,,,
,7367,,,0,101.006556,,,,,,,176,64,111,,,,,1,1,0,,,,,,,,,,,,,,,,,,,,,
,7368,,,0,101.076864,,,,,,,176,64,110,,,,,1,1,0,,,,,,,,,,,,,,,,,,,,,
,7369,,,0,101.087280,,,,,,,176,64,111,,,,,1,1,0,,,,,,,,,,,,,,,,,,,,,
,7370,,,0,101.196648,,,,,,,176,64,110,,,,,1,1,0,,,,,,,,,,,,,,,,,,,,,
,7371,,,0,101.207064,,,,,,,176,64,111,,,,,1,1,0,,,,,,,,,,,,,,,,,,,,,
,7372,,,0,101.306016,,,,,,,176,64,110,,,,,1,1,0,,,,,,,,,,,,,,,,,,,,,
,7373,,,0,101.316432,,,,,,,176,64,111,,,,,1,1,0,,,,,,,,,,,,,,,,,,,,,
,7374,,,0,101.477880,,,,,,,176,64,110,,,,,1,1,0,,,,,,,,,,,,,,,,,,,,,
,7375,,,0,101.496108,,,,,,,176,64,111,,,,,1,1,0,,,,,,,,,,,,,,,,,,,,,
,7376,,,0,101.597664,,,,,,,176,64,109,,,,,1,1,0,,,,,,,,,,,,,,,,,,,,,
,7377,,,0,101.608080,,,,,,,176,64,107,,,,,1,1,0,,,,,,,,,,,,,,,,,,,,,
,7378,,,0,101.615892,,,,,,,176,64,102,,,,,1,1,0,,,,,,,,,,,,,,,,,,,,,
,7379,,,0,101.628912,,,,,,,176,64,91,,,,,1,1,0,,,,,,,,,,,,,,,,,,,,,
,7380,,,0,101.639328,,,,,,,176,64,75,,,,,1,1,0,,,,,,,,,,,,,,,,,,,,,
,7381,,,0,101.647140,,,,,,,176,64,57,,,,,0,1,0,,,,,,,,,,,,,,,,,,,,,
,7382,,,0,101.657556,,,,,,,176,64,38,,,,,0,1,0,,,,,,,,,,,,,,,,,,,,,
,7383,,,0,101.667972,,,,,,,176,64,24,,,,,0,1,0,,,,,,,,,,,,,,,,,,,,,
,7384,,,0,101.675784,,,,,,,176,64,20,,,,,0,1,0,,,,,,,,,,,,,,,,,,,,,
,7385,,,0,101.686200,,,,,,,176,64,19,,,,,0,1,0,,,,,,,,,,,,,,,,,,,,,
319,7386,1,4631,0,101.688804,0.0,0.0,0,D#2,,5,144,39,26,,6015,,,0,1,0,,1.0,,0.2769473170731707,1,0.0,0.0,0.0,0.0,2.875,5.75,4.407142824999999,0.7413532177851826,0.0,0.0,0.0,0.0,1.0,5.125,2.71082515,0.9552632047624505
319,7387,1,4631,0,101.694012,0.0,0.0,0,F#7,,5,144,102,26,,6015,,,0,1,0,,1.0,,0.2769473170731707,1,0.0,0.0,0.0,0.0,2.875,5.75,4.407142824999999,0.7413532177851826,0.0,0.0,0.0,0.0,1.0,5.125,2.71082515,0.9552632047624505
319,7388,1,4631,0,101.701824,0.0,0.0,0,C7,,5,144,96,26,,6015,,,0,1,0,,1.0,,0.2769473170731707,1,0.0,0.0,0.0,0.0,2.875,5.75,4.407142824999999,0.7413532177851826,0.0,0.0,0.0,0.0,1.0,5.125,2.71082515,0.9552632047624505
319,7389,1,4631,0,101.701824,0.0,0.0,0,F1,,5,144,29,26,,6015,,,0,1,0,,1.0,,0.2769473170731707,1,0.0,0.0,0.0,0.0,2.875,5.75,4.407142824999999,0.7413532177851826,0.0,0.0,0.0,0.0,1.0,5.125,2.71082515,0.9552632047624505
319,7390,1,4631,0,101.704428,0.0,0.0,0,G#6,,5,144,92,26,,6015,,,0,1,0,,1.0,,0.2769473170731707,1,0.0,0.0,0.0,0.0,2.875,5.75,4.407142824999999,0.7413532177851826,0.0,0.0,0.0,0.0,1.0,5.125,2.71082515,0.9552632047624505
,7391,,,0,101.717448,,,,,,,176,64,23,,,,,0,1,0,,,,,,,,,,,,,,,,,,,,,
,7392,,,0,101.746092,,,,,,,176,64,27,,,,,0,1,0,,,,,,,,,,,,,,,,,,,,,
,7393,,,0,101.756508,,,,,,,176,64,29,,,,,0,1,0,,,,,,,,,,,,,,,,,,,,,
,7394,,,0,101.766924,,,,,,,128,92,0,,,,,0,1,0,,,,,,,,,,,,,,,,,,,,,
,7395,,,0,101.766924,,,,,,,176,64,35,,,,,0,1,0,,,,,,,,,,,,,,,,,,,,,
,7396,,,0,101.769528,,,,,,,128,39,0,,,,,0,1,0,,,,,,,,,,,,,,,,,,,,,
,7397,,,0,101.774736,,,,,,,128,29,0,,,,,0,1,0,,,,,,,,,,,,,,,,,,,,,
,7398,,,0,101.777340,,,,,,,176,64,40,,,,,0,1,0,,,,,,,,,,,,,,,,,,,,,
,7399,,,0,101.787756,,,,,,,176,64,49,,,,,0,1,0,,,,,,,,,,,,,,,,,,,,,
,7400,,,0,101.798172,,,,,,,176,64,60,,,,,0,1,0,,,,,,,,,,,,,,,,,,,,,
,7401,,,0,101.808588,,,,,,,176,64,74,,,,,1,1,0,,,,,,,,,,,,,,,,,,,,,
,7402,,,0,101.813796,,,,,,,128,96,0,,,,,1,1,0,,,,,,,,,,,,,,,,,,,,,
,7403,,,0,101.816400,,,,,,,128,102,0,,,,,1,1,0,,,,,,,,,,,,,,,,,,,,,
,7404,,,0,101.819004,,,,,,,176,64,90,,,,,1,1,0,,,,,,,,,,,,,,,,,,,,,
,7405,,,0,101.826816,,,,,,,176,64,105,,,,,1,1,0,,,,,,,,,,,,,,,,,,,,,
,7406,,,0,101.837232,,,,,,,176,64,112,,,,,1,1,0,,,,,,,,,,,,,,,,,,,,,
,7407,,,0,101.847648,,,,,,,176,64,111,,,,,1,1,0,,,,,,,,,,,,,,,,,,,,,
,7408,,,0,101.858064,,,,,,,176,64,107,,,,,1,1,0,,,,,,,,,,,,,,,,,,,,,
,7409,,,0,101.865876,,,,,,,176,64,110,,,,,1,1,0,,,,,,,,,,,,,,,,,,,,,
,7410,,,0,101.886708,,,,,,,176,64,111,,,,,1,1,0,,,,,,,,,,,,,,,,,,,,,
319,7411,1,4632,0,101.925768,0.0,0.0,0,A#6,,5,144,94,26,,6015,,,1,1,0,,1.0,,0.2769473170731707,1,0.0,0.0,0.0,0.0,2.875,5.75,4.407142824999999,0.7413532177851826,0.0,0.0,0.0,0.0,1.0,5.125,2.71082515,0.9552632047624505
319,7412,1,4632,0,101.930976,0.0,0.0,0,D#1,,5,144,27,26,,6015,,,1,1,0,,1.0,,0.2769473170731707,1,0.0,0.0,0.0,0.0,2.875,5.75,4.407142824999999,0.7413532177851826,0.0,0.0,0.0,0.0,1.0,5.125,2.71082515,0.9552632047624505
319,7413,1,4632,0,101.936184,0.0,0.0,0,D2,,5,144,38,26,,6015,,,1,1,0,,1.0,,0.2769473170731707,1,0.0,0.0,0.0,0.0,2.875,5.75,4.407142824999999,0.7413532177851826,0.0,0.0,0.0,0.0,1.0,5.125,2.71082515,0.9552632047624505
319,7414,1,4632,0,101.938788,0.0,0.0,0,E7,,5,144,100,26,,6015,,,1,1,0,,1.0,,0.2769473170731707,1,0.0,0.0,0.0,0.0,2.875,5.75,4.407142824999999,0.7413532177851826,0.0,0.0,0.0,0.0,1.0,5.125,2.71082515,0.9552632047624505
319,7415,1,4632,0,101.943996,0.0,0.0,0,F#7,,5,144,102,26,,6015,,,1,1,0,,1.0,,0.2769473170731707,1,0.0,0.0,0.0,0.0,2.875,5.75,4.407142824999999,0.7413532177851826,0.0,0.0,0.0,0.0,1.0,5.125,2.71082515,0.9552632047624505
,7416,,,0,102.027324,,,,,,,176,64,110,,,,,1,1,0,,,,,,,,,,,,,,,,,,,,,
,7417,,,0,102.037740,,,,,,,176,64,111,,,,,1,1,0,,,,,,,,,,,,,,,,,,,,,
,7418,,,0,102.055968,,,,,,,176,64,110,,,,,1,1,0,,,,,,,,,,,,,,,,,,,,,
,7419,,,0,102.066384,,,,,,,176,64,111,,,,,1,1,0,,,,,,,,,,,,,,,,,,,,,
,7420,,,0,102.087216,,,,,,,176,64,110,,,,,1,1,0,,,,,,,,,,,,,,,,,,,,,
,7421,,,0,102.097632,,,,,,,176,64,111,,,,,1,1,0,,,,,,,,,,,,,,,,,,,,,
,7422,,,0,102.147108,,,,,,,176,64,110,,,,,1,1,0,,,,,,,,,,,,,,,,,,,,,
,7423,,,0,102.157524,,,,,,,176,64,111,,,,,1,1,0,,,,,,,,,,,,,,,,,,,,,
,7424,,,0,102.196584,,,,,,,176,64,110,,,,,1,1,0,,,,,,,,,,,,,,,,,,,,,
,7425,,,0,102.207000,,,,,,,176,64,111,,,,,1,1,0,,,,,,,,,,,,,,,,,,,,,
,7426,,,0,102.266892,,,,,,,176,64,110,,,,,1,1,0,,,,,,,,,,,,,,,,,,,,,
,7427,,,0,102.277308,,,,,,,176,64,111,,,,,1,1,0,,,,,,,,,,,,,,,,,,,,,
,7428,,,0,102.397092,,,,,,,176,64,110,,,,,1,1,0,,,,,,,,,,,,,,,,,,,,,
,7429,,,0,102.407508,,,,,,,176,64,111,,,,,1,1,0,,,,,,,,,,,,,,,,,,,,,
,7430,,,0,102.485628,,,,,,,176,64,110,,,,,1,1,0,,,,,,,,,,,,,,,,,,,,,
,7431,,,0,102.496044,,,,,,,176,64,111,,,,,1,1,0,,,,,,,,,,,,,,,,,,,,,
,7432,,,0,102.506460,,,,,,,176,64,110,,,,,1,1,0,,,,,,,,,,,,,,,,,,,,,
,7433,,,0,102.537708,,,,,,,176,64,111,,,,,1,1,0,,,,,,,,,,,,,,,,,,,,,
,7434,,,0,102.555936,,,,,,,176,64,110,,,,,1,1,0,,,,,,,,,,,,,,,,,,,,,
,7435,,,0,102.576768,,,,,,,176,64,111,,,,,1,1,0,,,,,,,,,,,,,,,,,,,,,
,7436,,,0,102.628848,,,,,,,128,27,0,,,,,1,1,0,,,,,,,,,,,,,,,,,,,,,
,7437,,,0,102.628848,,,,,,,128,38,0,,,,,1,1,0,,,,,,,,,,,,,,,,,,,,,
,7438,,,0,102.636660,,,,,,,128,102,0,,,,,1,1,0,,,,,,,,,,,,,,,,,,,,,
,7439,,,0,102.647076,,,,,,,176,64,110,,,,,1,1,0,,,,,,,,,,,,,,,,,,,,,
,7440,,,0,102.652284,,,,,,,128,94,0,,,,,1,1,0,,,,,,,,,,,,,,,,,,,,,
,7441,,,0,102.657492,,,,,,,176,64,111,,,,,1,1,0,,,,,,,,,,,,,,,,,,,,,
,7442,,,0,102.665304,,,,,,,128,100,0,,,,,1,1,0,,,,,,,,,,,,,,,,,,,,,
,7443,,,0,102.686136,,,,,,,176,64,108,,,,,1,1,0,,,,,,,,,,,,,,,,,,,,,
,7444,,,0,102.696552,,,,,,,176,64,110,,,,,1,1,0,,,,,,,,,,,,,,,,,,,,,
,7445,,,0,102.706968,,,,,,,176,64,109,,,,,1,1,0,,,,,,,,,,,,,,,,,,,,,
,7446,,,0,102.717384,,,,,,,176,64,107,,,,,1,1,0,,,,,,,,,,,,,,,,,,,,,
,7447,,,0,102.735612,,,,,,,176,64,108,,,,,1,1,0,,,,,,,,,,,,,,,,,,,,,
,7448,,,0,102.746028,,,,,,,176,64,107,,,,,1,1,0,,,,,,,,,,,,,,,,,,,,,
,7449,,,0,102.756444,,,,,,,176,64,108,,,,,1,1,0,,,,,,,,,,,,,,,,,,,,,
,7450,,,0,102.766860,,,,,,,176,64,107,,,,,1,1,0,,,,,,,,,,,,,,,,,,,,,
,7451,,,0,102.777276,,,,,,,176,64,108,,,,,1,1,0,,,,,,,,,,,,,,,,,,,,,
,7452,,,0,102.787692,,,,,,,176,64,107,,,,,1,1,0,,,,,,,,,,,,,,,,,,,,,
,7453,,,0,102.805920,,,,,,,176,64,109,,,,,1,1,0,,,,,,,,,,,,,,,,,,,,,
,7454,,,0,102.816336,,,,,,,176,64,108,,,,,1,1,0,,,,,,,,,,,,,,,,,,,,,
,7455,,,0,102.826752,,,,,,,176,64,110,,,,,1,1,0,,,,,,,,,,,,,,,,,,,,,
,7456,,,0,102.876228,,,,,,,176,64,111,,,,,1,1,0,,,,,,,,,,,,,,,,,,,,,
,7457,,,0,102.907476,,,,,,,176,64,110,,,,,1,1,0,,,,,,,,,,,,,,,,,,,,,
,7458,,,0,102.917892,,,,,,,176,64,111,,,,,1,1,0,,,,,,,,,,,,,,,,,,,,,
,7459,,,0,102.946536,,,,,,,176,64,110,,,,,1,1,0,,,,,,,,,,,,,,,,,,,,,
,7460,,,0,102.959556,,,,,,,176,64,111,,,,,1,1,0,,,,,,,,,,,,,,,,,,,,,
,7461,,,0,102.977784,,,,,,,176,64,110,,,,,1,1,0,,,,,,,,,,,,,,,,,,,,,
,7462,,,0,102.985596,,,,,,,176,64,111,,,,,1,1,0,,,,,,,,,,,,,,,,,,,,,
,7463,,,0,102.996012,,,,,,,176,64,110,,,,,1,1,0,,,,,,,,,,,,,,,,,,,,,
,7464,,,0,103.006428,,,,,,,176,64,111,,,,,1,1,0,,,,,,,,,,,,,,,,,,,,,
,7465,,,0,103.097568,,,,,,,176,64,110,,,,,1,1,0,,,,,,,,,,,,,,,,,,,,,
,7466,,,0,103.115796,,,,,,,176,64,111,,,,,1,1,0,,,,,,,,,,,,,,,,,,,,,
,7467,,,0,103.136628,,,,,,,176,64,110,,,,,1,1,0,,,,,,,,,,,,,,,,,,,,,
,7468,,,0,103.167876,,,,,,,176,64,111,,,,,1,1,0,,,,,,,,,,,,,,,,,,,,,
,7469,,,0,103.206936,,,,,,,176,64,110,,,,,1,1,0,,,,,,,,,,,,,,,,,,,,,
,7470,,,0,103.227768,,,,,,,176,64,111,,,,,1,1,0,,,,,,,,,,,,,,,,,,,,,
,7471,,,0,103.235580,,,,,,,176,64,110,,,,,1,1,0,,,,,,,,,,,,,,,,,,,,,
,7472,,,0,103.245996,,,,,,,176,64,111,,,,,1,1,0,,,,,,,,,,,,,,,,,,,,,
,7473,,,0,103.365780,,,,,,,176,64,110,,,,,1,1,0,,,,,,,,,,,,,,,,,,,,,
320,7474,1,4633,0,103.368384,0.0,0.0,0,F#7,,5,144,102,26,,6015,,,1,1,0,,1.0,,0.2769473170731707,1,0.0,0.0,0.0,0.0,2.875,5.75,4.407142824999999,0.7413532177851826,0.0,0.0,0.0,0.0,1.0,5.125,2.71082515,0.9552632047624505
320,7475,1,4633,0,103.370988,0.0,0.0,0,E2,,5,144,40,26,,6015,,,1,1,0,,1.0,,0.2769473170731707,1,0.0,0.0,0.0,0.0,2.875,5.75,4.407142824999999,0.7413532177851826,0.0,0.0,0.0,0.0,1.0,5.125,2.71082515,0.9552632047624505
,7476,,,0,103.376196,,,,,,,176,64,111,,,,,1,1,0,,,,,,,,,,,,,,,,,,,,,
320,7477,1,4633,0,103.378800,0.0,0.0,0,G#6,,5,144,92,26,,6015,,,1,1,0,,1.0,,0.2769473170731707,1,0.0,0.0,0.0,0.0,2.875,5.75,4.407142824999999,0.7413532177851826,0.0,0.0,0.0,0.0,1.0,5.125,2.71082515,0.9552632047624505
320,7478,1,4633,0,103.381404,0.0,0.0,0,F1,,5,144,29,26,,6015,,,1,1,0,,1.0,,0.2769473170731707,1,0.0,0.0,0.0,0.0,2.875,5.75,4.407142824999999,0.7413532177851826,0.0,0.0,0.0,0.0,1.0,5.125,2.71082515,0.9552632047624505
,7479,,,0,103.386612,,,,,,,176,64,110,,,,,1,1,0,,,,,,,,,,,,,,,,,,,,,
320,7480,1,4633,0,103.386612,0.0,0.0,0,C7,,5,144,96,26,,6015,,,1,1,0,,1.0,,0.2769473170731707,1,0.0,0.0,0.0,0.0,2.875,5.75,4.407142824999999,0.7413532177851826,0.0,0.0,0.0,0.0,1.0,5.125,2.71082515,0.9552632047624505
,7481,,,0,103.417860,,,,,,,176,64,111,,,,,1,1,0,,,,,,,,,,,,,,,,,,,,,
,7482,,,0,103.485564,,,,,,,176,64,110,,,,,1,1,0,,,,,,,,,,,,,,,,,,,,,
,7483,,,0,103.495980,,,,,,,176,64,111,,,,,1,1,0,,,,,,,,,,,,,,,,,,,,,
,7484,,,0,103.516812,,,,,,,176,64,109,,,,,1,1,0,,,,,,,,,,,,,,,,,,,,,
,7485,,,0,103.527228,,,,,,,176,64,111,,,,,1,1,0,,,,,,,,,,,,,,,,,,,,,
,7486,,,0,103.626180,,,,,,,176,64,110,,,,,1,1,0,,,,,,,,,,,,,,,,,,,,,
,7487,,,0,103.636596,,,,,,,176,64,111,,,,,1,1,0,,,,,,,,,,,,,,,,,,,,,
,7488,,,0,103.667844,,,,,,,176,64,110,,,,,1,1,0,,,,,,,,,,,,,,,,,,,,,
,7489,,,0,103.686072,,,,,,,176,64,111,,,,,1,1,0,,,,,,,,,,,,,,,,,,,,,
,7490,,,0,103.706904,,,,,,,176,64,110,,,,,1,1,0,,,,,,,,,,,,,,,,,,,,,
,7491,,,0,103.717320,,,,,,,176,64,111,,,,,1,1,0,,,,,,,,,,,,,,,,,,,,,
,7492,,,0,103.727736,,,,,,,176,64,110,,,,,1,1,0,,,,,,,,,,,,,,,,,,,,,
,7493,,,0,103.735548,,,,,,,176,64,111,,,,,1,1,0,,,,,,,,,,,,,,,,,,,,,
,7494,,,0,103.756380,,,,,,,176,64,110,,,,,1,1,0,,,,,,,,,,,,,,,,,,,,,
,7495,,,0,103.766796,,,,,,,176,64,111,,,,,1,1,0,,,,,,,,,,,,,,,,,,,,,
,7496,,,0,103.787628,,,,,,,176,64,110,,,,,1,1,0,,,,,,,,,,,,,,,,,,,,,
,7497,,,0,103.798044,,,,,,,176,64,111,,,,,1,1,0,,,,,,,,,,,,,,,,,,,,,
,7498,,,0,103.805856,,,,,,,176,64,110,,,,,1,1,0,,,,,,,,,,,,,,,,,,,,,
,7499,,,0,103.816272,,,,,,,176,64,111,,,,,1,1,0,,,,,,,,,,,,,,,,,,,,,
,7500,,,0,103.826688,,,,,,,176,64,110,,,,,1,1,0,,,,,,,,,,,,,,,,,,,,,
,7501,,,0,103.847520,,,,,,,176,64,108,,,,,1,1,0,,,,,,,,,,,,,,,,,,,,,
,7502,,,0,103.857936,,,,,,,176,64,111,,,,,1,1,0,,,,,,,,,,,,,,,,,,,,,
,7503,,,0,103.865748,,,,,,,176,64,110,,,,,1,1,0,,,,,,,,,,,,,,,,,,,,,
,7504,,,0,103.876164,,,,,,,176,64,111,,,,,1,1,0,,,,,,,,,,,,,,,,,,,,,
,7505,,,0,103.896996,,,,,,,176,64,110,,,,,1,1,0,,,,,,,,,,,,,,,,,,,,,
,7506,,,0,103.907412,,,,,,,176,64,111,,,,,1,1,0,,,,,,,,,,,,,,,,,,,,,
,7507,,,0,103.917828,,,,,,,176,64,110,,,,,1,1,0,,,,,,,,,,,,,,,,,,,,,
,7508,,,0,103.925640,,,,,,,176,64,111,,,,,1,1,0,,,,,,,,,,,,,,,,,,,,,
,7509,,,0,103.936056,,,,,,,176,64,110,,,,,1,1,0,,,,,,,,,,,,,,,,,,,,,
,7510,,,0,103.946472,,,,,,,176,64,111,,,,,1,1,0,,,,,,,,,,,,,,,,,,,,,
,7511,,,0,103.956888,,,,,,,176,64,110,,,,,1,1,0,,,,,,,,,,,,,,,,,,,,,
,7512,,,0,103.967304,,,,,,,176,64,111,,,,,1,1,0,,,,,,,,,,,,,,,,,,,,,
,7513,,,0,103.977720,,,,,,,176,64,110,,,,,1,1,0,,,,,,,,,,,,,,,,,,,,,
,7514,,,0,103.995948,,,,,,,176,64,111,,,,,1,1,0,,,,,,,,,,,,,,,,,,,,,
,7515,,,0,104.027196,,,,,,,176,64,110,,,,,1,1,0,,,,,,,,,,,,,,,,,,,,,
,7516,,,0,104.045424,,,,,,,176,64,109,,,,,1,1,0,,,,,,,,,,,,,,,,,,,,,
,7517,,,0,104.055840,,,,,,,176,64,111,,,,,1,1,0,,,,,,,,,,,,,,,,,,,,,
,7518,,,0,104.066256,,,,,,,176,64,110,,,,,1,1,0,,,,,,,,,,,,,,,,,,,,,
,7519,,,0,104.076672,,,,,,,176,64,109,,,,,1,1,0,,,,,,,,,,,,,,,,,,,,,
,7520,,,0,104.087088,,,,,,,176,64,111,,,,,1,1,0,,,,,,,,,,,,,,,,,,,,,
,7521,,,0,104.087088,,,,,,,128,40,0,,,,,1,1,0,,,,,,,,,,,,,,,,,,,,,
,7522,,,0,104.092296,,,,,,,128,29,0,,,,,1,1,0,,,,,,,,,,,,,,,,,,,,,
,7523,,,0,104.157396,,,,,,,176,64,110,,,,,1,1,0,,,,,,,,,,,,,,,,,,,,,
,7524,,,0,104.167812,,,,,,,176,64,111,,,,,1,1,0,,,,,,,,,,,,,,,,,,,,,
,7525,,,0,104.175624,,,,,,,176,64,110,,,,,1,1,0,,,,,,,,,,,,,,,,,,,,,
,7526,,,0,104.178228,,,,,,,128,92,0,,,,,1,1,0,,,,,,,,,,,,,,,,,,,,,
,7527,,,0,104.188644,,,,,,,128,102,0,,,,,1,1,0,,,,,,,,,,,,,,,,,,,,,
,7528,,,0,104.193852,,,,,,,128,96,0,,,,,1,1,0,,,,,,,,,,,,,,,,,,,,,
,7529,,,0,104.217288,,,,,,,176,64,109,,,,,1,1,0,,,,,,,,,,,,,,,,,,,,,
,7530,,,0,104.227704,,,,,,,176,64,110,,,,,1,1,0,,,,,,,,,,,,,,,,,,,,,
,7531,,,0,104.235516,,,,,,,176,64,111,,,,,1,1,0,,,,,,,,,,,,,,,,,,,,,
,7532,,,0,104.245932,,,,,,,176,64,110,,,,,1,1,0,,,,,,,,,,,,,,,,,,,,,
,7533,,,0,104.277180,,,,,,,176,64,111,,,,,1,1,0,,,,,,,,,,,,,,,,,,,,,
,7534,,,0,104.287596,,,,,,,176,64,110,,,,,1,1,0,,,,,,,,,,,,,,,,,,,,,
,7535,,,0,104.308428,,,,,,,176,64,109,,,,,1,1,0,,,,,,,,,,,,,,,,,,,,,
,7536,,,0,104.316240,,,,,,,176,64,110,,,,,1,1,0,,,,,,,,,,,,,,,,,,,,,
,7537,,,0,104.326656,,,,,,,176,64,109,,,,,1,1,0,,,,,,,,,,,,,,,,,,,,,
,7538,,,0,104.337072,,,,,,,176,64,110,,,,,1,1,0,,,,,,,,,,,,,,,,,,,,,
,7539,,,0,104.347488,,,,,,,176,64,109,,,,,1,1,0,,,,,,,,,,,,,,,,,,,,,
,7540,,,0,104.357904,,,,,,,176,64,110,,,,,1,1,0,,,,,,,,,,,,,,,,,,,,,
,7541,,,0,104.376132,,,,,,,176,64,109,,,,,1,1,0,,,,,,,,,,,,,,,,,,,,,
,7542,,,0,104.386548,,,,,,,176,64,110,,,,,1,1,0,,,,,,,,,,,,,,,,,,,,,
,7543,,,0,104.396964,,,,,,,176,64,109,,,,,1,1,0,,,,,,,,,,,,,,,,,,,,,
,7544,,,0,104.407380,,,,,,,176,64,110,,,,,1,1,0,,,,,,,,,,,,,,,,,,,,,
,7545,,,0,104.417796,,,,,,,176,64,109,,,,,1,1,0,,,,,,,,,,,,,,,,,,,,,
,7546,,,0,104.425608,,,,,,,176,64,110,,,,,1,1,0,,,,,,,,,,,,,,,,,,,,,
,7547,,,0,104.436024,,,,,,,176,64,109,,,,,1,1,0,,,,,,,,,,,,,,,,,,,,,
,7548,,,0,104.446440,,,,,,,176,64,110,,,,,1,1,0,,,,,,,,,,,,,,,,,,,,,
,7549,,,0,104.456856,,,,,,,176,64,109,,,,,1,1,0,,,,,,,,,,,,,,,,,,,,,
,7550,,,0,104.467272,,,,,,,176,64,110,,,,,1,1,0,,,,,,,,,,,,,,,,,,,,,
,7551,,,0,104.485500,,,,,,,176,64,109,,,,,1,1,0,,,,,,,,,,,,,,,,,,,,,
,7552,,,0,104.495916,,,,,,,176,64,108,,,,,1,1,0,,,,,,,,,,,,,,,,,,,,,
,7553,,,0,104.506332,,,,,,,176,64,107,,,,,1,1,0,,,,,,,,,,,,,,,,,,,,,
,7554,,,0,104.516748,,,,,,,176,64,111,,,,,1,1,0,,,,,,,,,,,,,,,,,,,,,
,7555,,,0,104.527164,,,,,,,176,64,107,,,,,1,1,0,,,,,,,,,,,,,,,,,,,,,
,7556,,,0,104.537580,,,,,,,176,64,110,,,,,1,1,0,,,,,,,,,,,,,,,,,,,,,
,7557,,,0,104.547996,,,,,,,176,64,108,,,,,1,1,0,,,,,,,,,,,,,,,,,,,,,
,7558,,,0,104.555808,,,,,,,176,64,110,,,,,1,1,0,,,,,,,,,,,,,,,,,,,,,
,7559,,,0,104.566224,,,,,,,176,64,108,,,,,1,1,0,,,,,,,,,,,,,,,,,,,,,
,7560,,,0,104.597472,,,,,,,176,64,109,,,,,1,1,0,,,,,,,,,,,,,,,,,,,,,
,7561,,,0,104.607888,,,,,,,176,64,108,,,,,1,1,0,,,,,,,,,,,,,,,,,,,,,
,7562,,,0,104.626116,,,,,,,176,64,107,,,,,1,1,0,,,,,,,,,,,,,,,,,,,,,
,7563,,,0,104.646948,,,,,,,176,64,109,,,,,1,1,0,,,,,,,,,,,,,,,,,,,,,
,7564,,,0,104.657364,,,,,,,176,64,107,,,,,1,1,0,,,,,,,,,,,,,,,,,,,,,
,7565,,,0,104.667780,,,,,,,176,64,109,,,,,1,1,0,,,,,,,,,,,,,,,,,,,,,
,7566,,,0,104.675592,,,,,,,176,64,107,,,,,1,1,0,,,,,,,,,,,,,,,,,,,,,
,7567,,,0,104.686008,,,,,,,176,64,108,,,,,1,1,0,,,,,,,,,,,,,,,,,,,,,
,7568,,,0,104.696424,,,,,,,176,64,107,,,,,1,1,0,,,,,,,,,,,,,,,,,,,,,
,7569,,,0,104.706840,,,,,,,176,64,109,,,,,1,1,0,,,,,,,,,,,,,,,,,,,,,
,7570,,,0,104.717256,,,,,,,176,64,108,,,,,1,1,0,,,,,,,,,,,,,,,,,,,,,
,7571,,,0,104.727672,,,,,,,176,64,109,,,,,1,1,0,,,,,,,,,,,,,,,,,,,,,
,7572,,,0,104.735484,,,,,,,176,64,107,,,,,1,1,0,,,,,,,,,,,,,,,,,,,,,
320,7573,1,4634,0,104.743296,0.0,0.0,0,D#1,,5,144,27,26,,6015,,,1,1,0,,1.0,,0.2769473170731707,1,0.0,0.0,0.0,0.0,2.875,5.75,4.407142824999999,0.7413532177851826,0.0,0.0,0.0,0.0,1.0,5.125,2.71082515,0.9552632047624505
320,7574,1,4634,0,104.756316,0.0,0.0,0,D2,,5,144,38,26,,6015,,,1,1,0,,1.0,,0.2769473170731707,1,0.0,0.0,0.0,0.0,2.875,5.75,4.407142824999999,0.7413532177851826,0.0,0.0,0.0,0.0,1.0,5.125,2.71082515,0.9552632047624505
,7575,,,0,104.756316,,,,,,,176,64,109,,,,,1,1,0,,,,,,,,,,,,,,,,,,,,,
320,7576,1,4634,0,104.764128,0.0,0.0,0,F#7,,5,144,102,26,,6015,,,1,1,0,,1.0,,0.2769473170731707,1,0.0,0.0,0.0,0.0,2.875,5.75,4.407142824999999,0.7413532177851826,0.0,0.0,0.0,0.0,1.0,5.125,2.71082515,0.9552632047624505
,7577,,,0,104.766732,,,,,,,176,64,107,,,,,1,1,0,,,,,,,,,,,,,,,,,,,,,
320,7578,1,4634,0,104.766732,0.0,0.0,0,E7,,5,144,100,26,,6015,,,1,1,0,,1.0,,0.2769473170731707,1,0.0,0.0,0.0,0.0,2.875,5.75,4.407142824999999,0.7413532177851826,0.0,0.0,0.0,0.0,1.0,5.125,2.71082515,0.9552632047624505
320,7579,1,4634,0,104.769336,0.0,0.0,0,A#6,,5,144,94,26,,6015,,,1,1,0,,1.0,,0.2769473170731707,1,0.0,0.0,0.0,0.0,2.875,5.75,4.407142824999999,0.7413532177851826,0.0,0.0,0.0,0.0,1.0,5.125,2.71082515,0.9552632047624505
,7580,,,0,104.777148,,,,,,,176,64,108,,,,,1,1,0,,,,,,,,,,,,,,,,,,,,,
,7581,,,0,104.787564,,,,,,,176,64,107,,,,,1,1,0,,,,,,,,,,,,,,,,,,,,,
,7582,,,0,104.795376,,,,,,,176,64,109,,,,,1,1,0,,,,,,,,,,,,,,,,,,,,,
,7583,,,0,104.826624,,,,,,,176,64,108,,,,,1,1,0,,,,,,,,,,,,,,,,,,,,,
,7584,,,0,104.837040,,,,,,,176,64,107,,,,,1,1,0,,,,,,,,,,,,,,,,,,,,,
,7585,,,0,104.847456,,,,,,,176,64,110,,,,,1,1,0,,,,,,,,,,,,,,,,,,,,,
,7586,,,0,104.857872,,,,,,,176,64,107,,,,,1,1,0,,,,,,,,,,,,,,,,,,,,,
,7587,,,0,104.865684,,,,,,,176,64,109,,,,,1,1,0,,,,,,,,,,,,,,,,,,,,,
,7588,,,0,104.876100,,,,,,,176,64,108,,,,,1,1,0,,,,,,,,,,,,,,,,,,,,,
,7589,,,0,104.886516,,,,,,,176,64,111,,,,,1,1,0,,,,,,,,,,,,,,,,,,,,,
,7590,,,0,104.896932,,,,,,,176,64,107,,,,,1,1,0,,,,,,,,,,,,,,,,,,,,,
,7591,,,0,104.907348,,,,,,,176,64,110,,,,,1,1,0,,,,,,,,,,,,,,,,,,,,,
,7592,,,0,104.917764,,,,,,,176,64,107,,,,,1,1,0,,,,,,,,,,,,,,,,,,,,,
,7593,,,0,104.925576,,,,,,,176,64,110,,,,,1,1,0,,,,,,,,,,,,,,,,,,,,,
,7594,,,0,104.935992,,,,,,,176,64,109,,,,,1,1,0,,,,,,,,,,,,,,,,,,,,,
,7595,,,0,104.946408,,,,,,,176,64,110,,,,,1,1,0,,,,,,,,,,,,,,,,,,,,,
,7596,,,0,104.967240,,,,,,,176,64,109,,,,,1,1,0,,,,,,,,,,,,,,,,,,,,,
,7597,,,0,104.977656,,,,,,,176,64,110,,,,,1,1,0,,,,,,,,,,,,,,,,,,,,,
,7598,,,0,104.985468,,,,,,,176,64,107,,,,,1,1,0,,,,,,,,,,,,,,,,,,,,,
,7599,,,0,104.995884,,,,,,,176,64,110,,,,,1,1,0,,,,,,,,,,,,,,,,,,,,,
,7600,,,0,105.006300,,,,,,,176,64,108,,,,,1,1,0,,,,,,,,,,,,,,,,,,,,,
,7601,,,0,105.016716,,,,,,,176,64,109,,,,,1,1,0,,,,,,,,,,,,,,,,,,,,,
,7602,,,0,105.027132,,,,,,,176,64,107,,,,,1,1,0,,,,,,,,,,,,,,,,,,,,,
,7603,,,0,105.037548,,,,,,,176,64,110,,,,,1,1,0,,,,,,,,,,,,,,,,,,,,,
,7604,,,0,105.045360,,,,,,,176,64,108,,,,,1,1,0,,,,,,,,,,,,,,,,,,,,,
,7605,,,0,105.055776,,,,,,,176,64,110,,,,,1,1,0,,,,,,,,,,,,,,,,,,,,,
,7606,,,0,105.076608,,,,,,,176,64,109,,,,,1,1,0,,,,,,,,,,,,,,,,,,,,,
,7607,,,0,105.087024,,,,,,,176,64,108,,,,,1,1,0,,,,,,,,,,,,,,,,,,,,,
,7608,,,0,105.097440,,,,,,,176,64,110,,,,,1,1,0,,,,,,,,,,,,,,,,,,,,,
,7609,,,0,105.107856,,,,,,,176,64,111,,,,,1,1,0,,,,,,,,,,,,,,,,,,,,,
,7610,,,0,105.115668,,,,,,,176,64,108,,,,,1,1,0,,,,,,,,,,,,,,,,,,,,,
,7611,,,0,105.126084,,,,,,,176,64,111,,,,,1,1,0,,,,,,,,,,,,,,,,,,,,,
,7612,,,0,105.136500,,,,,,,176,64,107,,,,,1,1,0,,,,,,,,,,,,,,,,,,,,,
,7613,,,0,105.146916,,,,,,,176,64,109,,,,,1,1,0,,,,,,,,,,,,,,,,,,,,,
,7614,,,0,105.157332,,,,,,,176,64,108,,,,,1,1,0,,,,,,,,,,,,,,,,,,,,,
,7615,,,0,105.167748,,,,,,,176,64,110,,,,,1,1,0,,,,,,,,,,,,,,,,,,,,,
,7616,,,0,105.175560,,,,,,,176,64,109,,,,,1,1,0,,,,,,,,,,,,,,,,,,,,,
,7617,,,0,105.185976,,,,,,,176,64,110,,,,,1,1,0,,,,,,,,,,,,,,,,,,,,,
,7618,,,0,105.198996,,,,,,,176,64,108,,,,,1,1,0,,,,,,,,,,,,,,,,,,,,,
,7619,,,0,105.206808,,,,,,,176,64,109,,,,,1,1,0,,,,,,,,,,,,,,,,,,,,,
,7620,,,0,105.217224,,,,,,,176,64,110,,,,,1,1,0,,,,,,,,,,,,,,,,,,,,,
,7621,,,0,105.227640,,,,,,,176,64,108,,,,,1,1,0,,,,,,,,,,,,,,,,,,,,,
,7622,,,0,105.235452,,,,,,,176,64,110,,,,,1,1,0,,,,,,,,,,,,,,,,,,,,,
,7623,,,0,105.245868,,,,,,,176,64,107,,,,,1,1,0,,,,,,,,,,,,,,,,,,,,,
,7624,,,0,105.256284,,,,,,,176,64,110,,,,,1,1,0,,,,,,,,,,,,,,,,,,,,,
,7625,,,0,105.266700,,,,,,,176,64,108,,,,,1,1,0,,,,,,,,,,,,,,,,,,,,,
,7626,,,0,105.277116,,,,,,,176,64,110,,,,,1,1,0,,,,,,,,,,,,,,,,,,,,,
,7627,,,0,105.287532,,,,,,,176,64,108,,,,,1,1,0,,,,,,,,,,,,,,,,,,,,,
,7628,,,0,105.295344,,,,,,,176,64,110,,,,,1,1,0,,,,,,,,,,,,,,,,,,,,,
,7629,,,0,105.337008,,,,,,,176,64,108,,,,,1,1,0,,,,,,,,,,,,,,,,,,,,,
,7630,,,0,105.347424,,,,,,,176,64,111,,,,,1,1,0,,,,,,,,,,,,,,,,,,,,,
,7631,,,0,105.357840,,,,,,,176,64,108,,,,,1,1,0,,,,,,,,,,,,,,,,,,,,,
,7632,,,0,105.365652,,,,,,,176,64,109,,,,,1,1,0,,,,,,,,,,,,,,,,,,,,,
,7633,,,0,105.376068,,,,,,,176,64,107,,,,,1,1,0,,,,,,,,,,,,,,,,,,,,,
,7634,,,0,105.386484,,,,,,,176,64,109,,,,,1,1,0,,,,,,,,,,,,,,,,,,,,,
,7635,,,0,105.396900,,,,,,,176,64,108,,,,,1,1,0,,,,,,,,,,,,,,,,,,,,,
,7636,,,0,105.407316,,,,,,,176,64,110,,,,,1,1,0,,,,,,,,,,,,,,,,,,,,,
,7637,,,0,105.417732,,,,,,,176,64,109,,,,,1,1,0,,,,,,,,,,,,,,,,,,,,,
,7638,,,0,105.425544,,,,,,,176,64,110,,,,,1,1,0,,,,,,,,,,,,,,,,,,,,,
,7639,,,0,105.435960,,,,,,,176,64,111,,,,,1,1,0,,,,,,,,,,,,,,,,,,,,,
,7640,,,0,105.446376,,,,,,,176,64,108,,,,,1,1,0,,,,,,,,,,,,,,,,,,,,,
,7641,,,0,105.456792,,,,,,,176,64,110,,,,,1,1,0,,,,,,,,,,,,,,,,,,,,,
,7642,,,0,105.467208,,,,,,,176,64,109,,,,,1,1,0,,,,,,,,,,,,,,,,,,,,,
,7643,,,0,105.477624,,,,,,,176,64,110,,,,,1,1,0,,,,,,,,,,,,,,,,,,,,,
,7644,,,0,105.506268,,,,,,,176,64,109,,,,,1,1,0,,,,,,,,,,,,,,,,,,,,,
,7645,,,0,105.516684,,,,,,,176,64,110,,,,,1,1,0,,,,,,,,,,,,,,,,,,,,,
,7646,,,0,105.527100,,,,,,,176,64,108,,,,,1,1,0,,,,,,,,,,,,,,,,,,,,,
,7647,,,0,105.537516,,,,,,,176,64,110,,,,,1,1,0,,,,,,,,,,,,,,,,,,,,,
,7648,,,0,105.566160,,,,,,,176,64,111,,,,,1,1,0,,,,,,,,,,,,,,,,,,,,,
,7649,,,0,105.576576,,,,,,,176,64,110,,,,,1,1,0,,,,,,,,,,,,,,,,,,,,,
,7650,,,0,105.586992,,,,,,,176,64,111,,,,,1,1,0,,,,,,,,,,,,,,,,,,,,,
,7651,,,0,105.597408,,,,,,,176,64,109,,,,,1,1,0,,,,,,,,,,,,,,,,,,,,,
,7652,,,0,105.607824,,,,,,,176,64,111,,,,,1,1,0,,,,,,,,,,,,,,,,,,,,,
,7653,,,0,105.615636,,,,,,,176,64,108,,,,,1,1,0,,,,,,,,,,,,,,,,,,,,,
,7654,,,0,105.626052,,,,,,,176,64,110,,,,,1,1,0,,,,,,,,,,,,,,,,,,,,,
,7655,,,0,105.639072,,,,,,,176,64,108,,,,,1,1,0,,,,,,,,,,,,,,,,,,,,,
,7656,,,0,105.644280,,,,,,,176,64,110,,,,,1,1,0,,,,,,,,,,,,,,,,,,,,,
,7657,,,0,105.685944,,,,,,,176,64,109,,,,,1,1,0,,,,,,,,,,,,,,,,,,,,,
,7658,,,0,105.696360,,,,,,,176,64,111,,,,,1,1,0,,,,,,,,,,,,,,,,,,,,,
,7659,,,0,105.706776,,,,,,,176,64,110,,,,,1,1,0,,,,,,,,,,,,,,,,,,,,,
,7660,,,0,105.727608,,,,,,,176,64,108,,,,,1,1,0,,,,,,,,,,,,,,,,,,,,,
,7661,,,0,105.735420,,,,,,,176,64,110,,,,,1,1,0,,,,,,,,,,,,,,,,,,,,,
,7662,,,0,105.745836,,,,,,,176,64,108,,,,,1,1,0,,,,,,,,,,,,,,,,,,,,,
,7663,,,0,105.756252,,,,,,,176,64,110,,,,,1,1,0,,,,,,,,,,,,,,,,,,,,,
,7664,,,0,105.766668,,,,,,,176,64,109,,,,,1,1,0,,,,,,,,,,,,,,,,,,,,,
,7665,,,0,105.774480,,,,,,,176,64,110,,,,,1,1,0,,,,,,,,,,,,,,,,,,,,,
,7666,,,0,105.795312,,,,,,,176,64,109,,,,,1,1,0,,,,,,,,,,,,,,,,,,,,,
,7667,,,0,105.805728,,,,,,,176,64,111,,,,,1,1,0,,,,,,,,,,,,,,,,,,,,,
,7668,,,0,105.816144,,,,,,,176,64,110,,,,,1,1,0,,,,,,,,,,,,,,,,,,,,,
,7669,,,0,105.834372,,,,,,,176,64,109,,,,,1,1,0,,,,,,,,,,,,,,,,,,,,,
,7670,,,0,105.839580,,,,,,,128,100,0,,,,,1,1,0,,,,,,,,,,,,,,,,,,,,,
,7671,,,0,105.842184,,,,,,,128,27,0,,,,,1,1,0,,,,,,,,,,,,,,,,,,,,,
,7672,,,0,105.844788,,,,,,,176,64,111,,,,,1,1,0,,,,,,,,,,,,,,,,,,,,,
,7673,,,0,105.847392,,,,,,,128,102,0,,,,,1,1,0,,,,,,,,,,,,,,,,,,,,,
,7674,,,0,105.855204,,,,,,,176,64,110,,,,,1,1,0,,,,,,,,,,,,,,,,,,,,,
,7675,,,0,105.876036,,,,,,,176,64,109,,,,,1,1,0,,,,,,,,,,,,,,,,,,,,,
,7676,,,0,105.878640,,,,,,,128,94,0,,,,,1,1,0,,,,,,,,,,,,,,,,,,,,,
,7677,,,0,105.886452,,,,,,,176,64,110,,,,,1,1,0,,,,,,,,,,,,,,,,,,,,,
,7678,,,0,105.891660,,,,,,,128,38,0,,,,,1,1,0,,,,,,,,,,,,,,,,,,,,,
,7679,,,0,105.925512,,,,,,,176,64,109,,,,,1,1,0,,,,,,,,,,,,,,,,,,,,,
,7680,,,0,105.935928,,,,,,,176,64,110,,,,,1,1,0,,,,,,,,,,,,,,,,,,,,,
,7681,,,0,105.946344,,,,,,,176,64,109,,,,,1,1,0,,,,,,,,,,,,,,,,,,,,,
,7682,,,0,105.956760,,,,,,,176,64,110,,,,,1,1,0,,,,,,,,,,,,,,,,,,,,,
,7683,,,0,105.964572,,,,,,,176,64,109,,,,,1,1,0,,,,,,,,,,,,,,,,,,,,,
,7684,,,0,105.974988,,,,,,,176,64,110,,,,,1,1,0,,,,,,,,,,,,,,,,,,,,,
,7685,,,0,105.985404,,,,,,,176,64,109,,,,,1,1,0,,,,,,,,,,,,,,,,,,,,,
,7686,,,0,105.995820,,,,,,,176,64,110,,,,,1,1,0,,,,,,,,,,,,,,,,,,,,,
,7687,,,0,106.034880,,,,,,,176,64,108,,,,,1,1,0,,,,,,,,,,,,,,,,,,,,,
,7688,,,0,106.045296,,,,,,,176,64,111,,,,,1,1,0,,,,,,,,,,,,,,,,,,,,,
,7689,,,0,106.055712,,,,,,,176,64,110,,,,,1,1,0,,,,,,,,,,,,,,,,,,,,,
,7690,,,0,106.066128,,,,,,,176,64,109,,,,,1,1,0,,,,,,,,,,,,,,,,,,,,,
,7691,,,0,106.084356,,,,,,,176,64,110,,,,,1,1,0,,,,,,,,,,,,,,,,,,,,,
,7692,,,0,106.097376,,,,,,,176,64,109,,,,,1,1,0,,,,,,,,,,,,,,,,,,,,,
,7693,,,0,106.105188,,,,,,,176,64,110,,,,,1,1,0,,,,,,,,,,,,,,,,,,,,,
,7694,,,0,106.115604,,,,,,,176,64,109,,,,,1,1,0,,,,,,,,,,,,,,,,,,,,,
,7695,,,0,106.126020,,,,,,,176,64,111,,,,,1,1,0,,,,,,,,,,,,,,,,,,,,,
,7696,,,0,106.144248,,,,,,,176,64,109,,,,,1,1,0,,,,,,,,,,,,,,,,,,,,,
,7697,,,0,106.154664,,,,,,,176,64,111,,,,,1,1,0,,,,,,,,,,,,,,,,,,,,,
,7698,,,0,106.165080,,,,,,,176,64,109,,,,,1,1,0,,,,,,,,,,,,,,,,,,,,,
,7699,,,0,106.175496,,,,,,,176,64,111,,,,,1,1,0,,,,,,,,,,,,,,,,,,,,,
,7700,,,0,106.185912,,,,,,,176,64,109,,,,,1,1,0,,,,,,,,,,,,,,,,,,,,,
,7701,,,0,106.196328,,,,,,,176,64,110,,,,,1,1,0,,,,,,,,,,,,,,,,,,,,,
,7702,,,0,106.206744,,,,,,,176,64,109,,,,,1,1,0,,,,,,,,,,,,,,,,,,,,,
,7703,,,0,106.214556,,,,,,,176,64,110,,,,,1,1,0,,,,,,,,,,,,,,,,,,,,,
,7704,,,0,106.245804,,,,,,,176,64,109,,,,,1,1,0,,,,,,,,,,,,,,,,,,,,,
,7705,,,0,106.256220,,,,,,,176,64,110,,,,,1,1,0,,,,,,,,,,,,,,,,,,,,,
,7706,,,0,106.274448,,,,,,,176,64,109,,,,,1,1,0,,,,,,,,,,,,,,,,,,,,,
,7707,,,0,106.305696,,,,,,,176,64,110,,,,,1,1,0,,,,,,,,,,,,,,,,,,,,,
,7708,,,0,106.316112,,,,,,,176,64,108,,,,,1,1,0,,,,,,,,,,,,,,,,,,,,,
,7709,,,0,106.326528,,,,,,,176,64,110,,,,,1,1,0,,,,,,,,,,,,,,,,,,,,,
,7710,,,0,106.334340,,,,,,,176,64,109,,,,,1,1,0,,,,,,,,,,,,,,,,,,,,,
,7711,,,0,106.344756,,,,,,,176,64,110,,,,,1,1,0,,,,,,,,,,,,,,,,,,,,,
,7712,,,0,106.355172,,,,,,,176,64,107,,,,,1,1,0,,,,,,,,,,,,,,,,,,,,,
,7713,,,0,106.365588,,,,,,,176,64,109,,,,,1,1,0,,,,,,,,,,,,,,,,,,,,,
,7714,,,0,106.376004,,,,,,,176,64,110,,,,,1,1,0,,,,,,,,,,,,,,,,,,,,,
,7715,,,0,106.386420,,,,,,,176,64,108,,,,,1,1,0,,,,,,,,,,,,,,,,,,,,,
,7716,,,0,106.394232,,,,,,,176,64,109,,,,,1,1,0,,,,,,,,,,,,,,,,,,,,,
,7717,,,0,106.417668,,,,,,,176,64,110,,,,,1,1,0,,,,,,,,,,,,,,,,,,,,,
,7718,,,0,106.425480,,,,,,,176,64,107,,,,,1,1,0,,,,,,,,,,,,,,,,,,,,,
,7719,,,0,106.435896,,,,,,,176,64,109,,,,,1,1,0,,,,,,,,,,,,,,,,,,,,,
,7720,,,0,106.446312,,,,,,,176,64,107,,,,,1,1,0,,,,,,,,,,,,,,,,,,,,,
,7721,,,0,106.456728,,,,,,,176,64,109,,,,,1,1,0,,,,,,,,,,,,,,,,,,,,,
,7722,,,0,106.467144,,,,,,,176,64,108,,,,,1,1,0,,,,,,,,,,,,,,,,,,,,,
,7723,,,0,106.474956,,,,,,,176,64,109,,,,,1,1,0,,,,,,,,,,,,,,,,,,,,,
,7724,,,0,106.485372,,,,,,,176,64,108,,,,,1,1,0,,,,,,,,,,,,,,,,,,,,,
,7725,,,0,106.495788,,,,,,,176,64,109,,,,,1,1,0,,,,,,,,,,,,,,,,,,,,,
,7726,,,0,106.506204,,,,,,,176,64,110,,,,,1,1,0,,,,,,,,,,,,,,,,,,,,,
,7727,,,0,106.516620,,,,,,,176,64,108,,,,,1,1,0,,,,,,,,,,,,,,,,,,,,,
,7728,,,0,106.524432,,,,,,,176,64,110,,,,,1,1,0,,,,,,,,,,,,,,,,,,,,,
,7729,,,0,106.534848,,,,,,,176,64,107,,,,,1,1,0,,,,,,,,,,,,,,,,,,,,,
,7730,,,0,106.545264,,,,,,,176,64,108,,,,,1,1,0,,,,,,,,,,,,,,,,,,,,,
,7731,,,0,106.576512,,,,,,,176,64,107,,,,,1,1,0,,,,,,,,,,,,,,,,,,,,,
,7732,,,0,106.584324,,,,,,,176,64,110,,,,,1,1,0,,,,,,,,,,,,,,,,,,,,,
,7733,,,0,106.594740,,,,,,,176,64,107,,,,,1,1,0,,,,,,,,,,,,,,,,,,,,,
,7734,,,0,106.605156,,,,,,,176,64,108,,,,,1,1,0,,,,,,,,,,,,,,,,,,,,,
,7735,,,0,106.615572,,,,,,,176,64,107,,,,,1,1,0,,,,,,,,,,,,,,,,,,,,,
,7736,,,0,106.636404,,,,,,,176,64,109,,,,,1,1,0,,,,,,,,,,,,,,,,,,,,,
,7737,,,0,106.644216,,,,,,,176,64,107,,,,,1,1,0,,,,,,,,,,,,,,,,,,,,,
,7738,,,0,106.654632,,,,,,,176,64,110,,,,,1,1,0,,,,,,,,,,,,,,,,,,,,,
,7739,,,0,106.665048,,,,,,,176,64,107,,,,,1,1,0,,,,,,,,,,,,,,,,,,,,,
,7740,,,0,106.675464,,,,,,,176,64,110,,,,,1,1,0,,,,,,,,,,,,,,,,,,,,,
,7741,,,0,106.685880,,,,,,,176,64,107,,,,,1,1,0,,,,,,,,,,,,,,,,,,,,,
,7742,,,0,106.696296,,,,,,,176,64,108,,,,,1,1,0,,,,,,,,,,,,,,,,,,,,,
,7743,,,0,106.714524,,,,,,,176,64,109,,,,,1,1,0,,,,,,,,,,,,,,,,,,,,,
,7744,,,0,106.724940,,,,,,,176,64,108,,,,,1,1,0,,,,,,,,,,,,,,,,,,,,,
,7745,,,0,106.756188,,,,,,,176,64,107,,,,,1,1,0,,,,,,,,,,,,,,,,,,,,,
,7746,,,0,106.777020,,,,,,,176,64,108,,,,,1,1,0,,,,,,,,,,,,,,,,,,,,,
,7747,,,0,106.787436,,,,,,,176,64,110,,,,,1,1,0,,,,,,,,,,,,,,,,,,,,,
,7748,,,0,106.795248,,,,,,,176,64,108,,,,,1,1,0,,,,,,,,,,,,,,,,,,,,,
,7749,,,0,106.805664,,,,,,,176,64,109,,,,,1,1,0,,,,,,,,,,,,,,,,,,,,,
,7750,,,0,106.816080,,,,,,,176,64,108,,,,,1,1,0,,,,,,,,,,,,,,,,,,,,,
,7751,,,0,106.834308,,,,,,,176,64,107,,,,,1,1,0,,,,,,,,,,,,,,,,,,,,,
,7752,,,0,106.844724,,,,,,,176,64,108,,,,,1,1,0,,,,,,,,,,,,,,,,,,,,,
,7753,,,0,106.855140,,,,,,,176,64,107,,,,,1,1,0,,,,,,,,,,,,,,,,,,,,,
,7754,,,0,106.865556,,,,,,,176,64,108,,,,,1,1,0,,,,,,,,,,,,,,,,,,,,,
,7755,,,0,106.894200,,,,,,,176,64,110,,,,,1,1,0,,,,,,,,,,,,,,,,,,,,,
,7756,,,0,106.904616,,,,,,,176,64,107,,,,,1,1,0,,,,,,,,,,,,,,,,,,,,,
320,7757,1,4635,0,106.909824,0.0,0.0,0,G#4,,5,144,68,26,,6015,,,1,1,0,,1.0,,0.2769473170731707,1,0.0,0.0,0.0,0.0,2.875,5.75,4.407142824999999,0.7413532177851826,0.0,0.0,0.0,0.0,1.0,5.125,2.71082515,0.9552632047624505
320,7758,1,4635,0,106.915032,0.0,0.0,0,F#5,,5,144,78,26,,6015,,,1,1,0,,1.0,,0.2769473170731707,1,0.0,0.0,0.0,0.0,2.875,5.75,4.407142824999999,0.7413532177851826,0.0,0.0,0.0,0.0,1.0,5.125,2.71082515,0.9552632047624505
,7759,,,0,106.915032,,,,,,,176,64,110,,,,,1,1,0,,,,,,,,,,,,,,,,,,,,,
320,7760,1,4635,0,106.925448,0.0,0.0,0,C5,,5,144,72,26,,6015,,,1,1,0,,1.0,,0.2769473170731707,1,0.0,0.0,0.0,0.0,2.875,5.75,4.407142824999999,0.7413532177851826,0.0,0.0,0.0,0.0,1.0,5.125,2.71082515,0.9552632047624505
,7761,,,0,106.925448,,,,,,,176,64,108,,,,,1,1,0,,,,,,,,,,,,,,,,,,,,,
320,7762,1,4635,0,106.933260,0.0,0.0,0,F3,,5,144,53,26,,6015,,,1,1,0,,1.0,,0.2769473170731707,1,0.0,0.0,0.0,0.0,2.875,5.75,4.407142824999999,0.7413532177851826,0.0,0.0,0.0,0.0,1.0,5.125,2.71082515,0.9552632047624505
,7763,,,0,106.935864,,,,,,,176,64,109,,,,,1,1,0,,,,,,,,,,,,,,,,,,,,,
320,7764,1,4635,0,106.935864,0.0,0.0,0,E4,,5,144,64,26,,6015,,,1,1,0,,1.0,,0.2769473170731707,1,0.0,0.0,0.0,0.0,2.875,5.75,4.407142824999999,0.7413532177851826,0.0,0.0,0.0,0.0,1.0,5.125,2.71082515,0.9552632047624505
,7765,,,0,106.946280,,,,,,,176,64,108,,,,,1,1,0,,,,,,,,,,,,,,,,,,,,,
,7766,,,0,106.956696,,,,,,,176,64,109,,,,,1,1,0,,,,,,,,,,,,,,,,,,,,,
,7767,,,0,106.964508,,,,,,,176,64,107,,,,,1,1,0,,,,,,,,,,,,,,,,,,,,,
,7768,,,0,106.974924,,,,,,,176,64,108,,,,,1,1,0,,,,,,,,,,,,,,,,,,,,,
,7769,,,0,106.985340,,,,,,,176,64,109,,,,,1,1,0,,,,,,,,,,,,,,,,,,,,,
,7770,,,0,107.016588,,,,,,,176,64,107,,,,,1,1,0,,,,,,,,,,,,,,,,,,,,,
,7771,,,0,107.027004,,,,,,,176,64,110,,,,,1,1,0,,,,,,,,,,,,,,,,,,,,,
,7772,,,0,107.037420,,,,,,,176,64,107,,,,,1,1,0,,,,,,,,,,,,,,,,,,,,,
,7773,,,0,107.047836,,,,,,,176,64,110,,,,,1,1,0,,,,,,,,,,,,,,,,,,,,,
,7774,,,0,107.055648,,,,,,,176,64,108,,,,,1,1,0,,,,,,,,,,,,,,,,,,,,,
,7775,,,0,107.066064,,,,,,,176,64,109,,,,,1,1,0,,,,,,,,,,,,,,,,,,,,,
,7776,,,0,107.084292,,,,,,,176,64,108,,,,,1,1,0,,,,,,,,,,,,,,,,,,,,,
,7777,,,0,107.105124,,,,,,,176,64,107,,,,,1,1,0,,,,,,,,,,,,,,,,,,,,,
,7778,,,0,107.115540,,,,,,,176,64,110,,,,,1,1,0,,,,,,,,,,,,,,,,,,,,,
,7779,,,0,107.125956,,,,,,,176,64,107,,,,,1,1,0,,,,,,,,,,,,,,,,,,,,,
,7780,,,0,107.136372,,,,,,,176,64,110,,,,,1,1,0,,,,,,,,,,,,,,,,,,,,,
,7781,,,0,107.144184,,,,,,,176,64,107,,,,,1,1,0,,,,,,,,,,,,,,,,,,,,,
,7782,,,0,107.154600,,,,,,,176,64,110,,,,,1,1,0,,,,,,,,,,,,,,,,,,,,,
,7783,,,0,107.165016,,,,,,,176,64,109,,,,,1,1,0,,,,,,,,,,,,,,,,,,,,,
,7784,,,0,107.175432,,,,,,,176,64,110,,,,,1,1,0,,,,,,,,,,,,,,,,,,,,,
,7785,,,0,107.185848,,,,,,,176,64,108,,,,,1,1,0,,,,,,,,,,,,,,,,,,,,,
,7786,,,0,107.206680,,,,,,,176,64,109,,,,,1,1,0,,,,,,,,,,,,,,,,,,,,,
,7787,,,0,107.214492,,,,,,,176,64,108,,,,,1,1,0,,,,,,,,,,,,,,,,,,,,,
,7788,,,0,107.224908,,,,,,,176,64,111,,,,,1,1,0,,,,,,,,,,,,,,,,,,,,,
,7789,,,0,107.235324,,,,,,,176,64,109,,,,,1,1,0,,,,,,,,,,,,,,,,,,,,,
,7790,,,0,107.245740,,,,,,,176,64,111,,,,,1,1,0,,,,,,,,,,,,,,,,,,,,,
,7791,,,0,107.256156,,,,,,,176,64,107,,,,,1,1,0,,,,,,,,,,,,,,,,,,,,,
,7792,,,0,107.266572,,,,,,,176,64,110,,,,,1,1,0,,,,,,,,,,,,,,,,,,,,,
,7793,,,0,107.276988,,,,,,,176,64,108,,,,,1,1,0,,,,,,,,,,,,,,,,,,,,,
,7794,,,0,107.284800,,,,,,,176,64,109,,,,,1,1,0,,,,,,,,,,,,,,,,,,,,,
,7795,,,0,107.295216,,,,,,,176,64,108,,,,,1,1,0,,,,,,,,,,,,,,,,,,,,,
,7796,,,0,107.305632,,,,,,,176,64,110,,,,,1,1,0,,,,,,,,,,,,,,,,,,,,,
,7797,,,0,107.316048,,,,,,,176,64,109,,,,,1,1,0,,,,,,,,,,,,,,,,,,,,,
,7798,,,0,107.334276,,,,,,,176,64,110,,,,,1,1,0,,,,,,,,,,,,,,,,,,,,,
,7799,,,0,107.344692,,,,,,,176,64,107,,,,,1,1,0,,,,,,,,,,,,,,,,,,,,,
,7800,,,0,107.355108,,,,,,,176,64,110,,,,,1,1,0,,,,,,,,,,,,,,,,,,,,,
,7801,,,0,107.365524,,,,,,,176,64,108,,,,,1,1,0,,,,,,,,,,,,,,,,,,,,,
,7802,,,0,107.375940,,,,,,,176,64,110,,,,,1,1,0,,,,,,,,,,,,,,,,,,,,,
,7803,,,0,107.386356,,,,,,,176,64,107,,,,,1,1,0,,,,,,,,,,,,,,,,,,,,,
,7804,,,0,107.396772,,,,,,,176,64,109,,,,,1,1,0,,,,,,,,,,,,,,,,,,,,,
,7805,,,0,107.404584,,,,,,,176,64,108,,,,,1,1,0,,,,,,,,,,,,,,,,,,,,,
,7806,,,0,107.415000,,,,,,,176,64,110,,,,,1,1,0,,,,,,,,,,,,,,,,,,,,,
,7807,,,0,107.435832,,,,,,,176,64,109,,,,,1,1,0,,,,,,,,,,,,,,,,,,,,,
,7808,,,0,107.446248,,,,,,,176,64,110,,,,,1,1,0,,,,,,,,,,,,,,,,,,,,,
,7809,,,0,107.456664,,,,,,,176,64,107,,,,,1,1,0,,,,,,,,,,,,,,,,,,,,,
,7810,,,0,107.464476,,,,,,,176,64,110,,,,,1,1,0,,,,,,,,,,,,,,,,,,,,,
,7811,,,0,107.474892,,,,,,,176,64,107,,,,,1,1,0,,,,,,,,,,,,,,,,,,,,,
,7812,,,0,107.485308,,,,,,,176,64,110,,,,,1,1,0,,,,,,,,,,,,,,,,,,,,,
,7813,,,0,107.495724,,,,,,,176,64,107,,,,,1,1,0,,,,,,,,,,,,,,,,,,,,,
,7814,,,0,107.506140,,,,,,,176,64,109,,,,,1,1,0,,,,,,,,,,,,,,,,,,,,,
,7815,,,0,107.516556,,,,,,,176,64,108,,,,,1,1,0,,,,,,,,,,,,,,,,,,,,,
,7816,,,0,107.524368,,,,,,,176,64,110,,,,,1,1,0,,,,,,,,,,,,,,,,,,,,,
,7817,,,0,107.534784,,,,,,,176,64,109,,,,,1,1,0,,,,,,,,,,,,,,,,,,,,,
,7818,,,0,107.545200,,,,,,,176,64,110,,,,,1,1,0,,,,,,,,,,,,,,,,,,,,,
,7819,,,0,107.555616,,,,,,,176,64,108,,,,,1,1,0,,,,,,,,,,,,,,,,,,,,,
,7820,,,0,107.566032,,,,,,,176,64,109,,,,,1,1,0,,,,,,,,,,,,,,,,,,,,,
,7821,,,0,107.576448,,,,,,,176,64,110,,,,,1,1,0,,,,,,,,,,,,,,,,,,,,,
,7822,,,0,107.584260,,,,,,,176,64,109,,,,,1,1,0,,,,,,,,,,,,,,,,,,,,,
,7823,,,0,107.594676,,,,,,,176,64,110,,,,,1,1,0,,,,,,,,,,,,,,,,,,,,,
,7824,,,0,107.605092,,,,,,,176,64,108,,,,,1,1,0,,,,,,,,,,,,,,,,,,,,,
,7825,,,0,107.615508,,,,,,,176,64,109,,,,,1,1,0,,,,,,,,,,,,,,,,,,,,,
,7826,,,0,107.654568,,,,,,,176,64,110,,,,,1,1,0,,,,,,,,,,,,,,,,,,,,,
,7827,,,0,107.664984,,,,,,,176,64,108,,,,,1,1,0,,,,,,,,,,,,,,,,,,,,,
,7828,,,0,107.675400,,,,,,,176,64,110,,,,,1,1,0,,,,,,,,,,,,,,,,,,,,,
,7829,,,0,107.696232,,,,,,,176,64,108,,,,,1,1,0,,,,,,,,,,,,,,,,,,,,,
,7830,,,0,107.706648,,,,,,,176,64,110,,,,,1,1,0,,,,,,,,,,,,,,,,,,,,,
,7831,,,0,107.714460,,,,,,,176,64,108,,,,,1,1,0,,,,,,,,,,,,,,,,,,,,,
,7832,,,0,107.735292,,,,,,,176,64,109,,,,,1,1,0,,,,,,,,,,,,,,,,,,,,,
,7833,,,0,107.745708,,,,,,,176,64,110,,,,,1,1,0,,,,,,,,,,,,,,,,,,,,,
,7834,,,0,107.756124,,,,,,,176,64,108,,,,,1,1,0,,,,,,,,,,,,,,,,,,,,,
,7835,,,0,107.766540,,,,,,,176,64,110,,,,,1,1,0,,,,,,,,,,,,,,,,,,,,,
,7836,,,0,107.774352,,,,,,,176,64,109,,,,,1,1,0,,,,,,,,,,,,,,,,,,,,,
,7837,,,0,107.784768,,,,,,,176,64,110,,,,,1,1,0,,,,,,,,,,,,,,,,,,,,,
,7838,,,0,107.805600,,,,,,,176,64,108,,,,,1,1,0,,,,,,,,,,,,,,,,,,,,,
,7839,,,0,107.816016,,,,,,,176,64,110,,,,,1,1,0,,,,,,,,,,,,,,,,,,,,,
,7840,,,0,107.826432,,,,,,,176,64,108,,,,,1,1,0,,,,,,,,,,,,,,,,,,,,,
,7841,,,0,107.834244,,,,,,,176,64,111,,,,,1,1,0,,,,,,,,,,,,,,,,,,,,,
,7842,,,0,107.844660,,,,,,,176,64,108,,,,,1,1,0,,,,,,,,,,,,,,,,,,,,,
,7843,,,0,107.855076,,,,,,,176,64,110,,,,,1,1,0,,,,,,,,,,,,,,,,,,,,,
,7844,,,0,107.865492,,,,,,,176,64,109,,,,,1,1,0,,,,,,,,,,,,,,,,,,,,,
,7845,,,0,107.875908,,,,,,,176,64,110,,,,,1,1,0,,,,,,,,,,,,,,,,,,,,,
,7846,,,0,107.914968,,,,,,,176,64,108,,,,,1,1,0,,,,,,,,,,,,,,,,,,,,,
,7847,,,0,107.925384,,,,,,,176,64,110,,,,,1,1,0,,,,,,,,,,,,,,,,,,,,,
,7848,,,0,107.935800,,,,,,,176,64,107,,,,,1,1,0,,,,,,,,,,,,,,,,,,,,,
,7849,,,0,107.946216,,,,,,,176,64,110,,,,,1,1,0,,,,,,,,,,,,,,,,,,,,,
,7850,,,0,107.954028,,,,,,,176,64,107,,,,,1,1,0,,,,,,,,,,,,,,,,,,,,,
,7851,,,0,107.964444,,,,,,,176,64,110,,,,,1,1,0,,,,,,,,,,,,,,,,,,,,,
,7852,,,0,107.974860,,,,,,,176,64,108,,,,,1,1,0,,,,,,,,,,,,,,,,,,,,,
,7853,,,0,107.985276,,,,,,,176,64,110,,,,,1,1,0,,,,,,,,,,,,,,,,,,,,,
,7854,,,0,107.995692,,,,,,,176,64,109,,,,,1,1,0,,,,,,,,,,,,,,,,,,,,,
,7855,,,0,108.006108,,,,,,,176,64,110,,,,,1,1,0,,,,,,,,,,,,,,,,,,,,,
,7856,,,0,108.016524,,,,,,,176,64,111,,,,,1,1,0,,,,,,,,,,,,,,,,,,,,,
,7857,,,0,108.024336,,,,,,,176,64,109,,,,,1,1,0,,,,,,,,,,,,,,,,,,,,,
,7858,,,0,108.045168,,,,,,,176,64,108,,,,,1,1,0,,,,,,,,,,,,,,,,,,,,,
,7859,,,0,108.055584,,,,,,,176,64,109,,,,,1,1,0,,,,,,,,,,,,,,,,,,,,,
,7860,,,0,108.066000,,,,,,,176,64,108,,,,,1,1,0,,,,,,,,,,,,,,,,,,,,,
,7861,,,0,108.076416,,,,,,,176,64,110,,,,,1,1,0,,,,,,,,,,,,,,,,,,,,,
,7862,,,0,108.084228,,,,,,,176,64,107,,,,,1,1,0,,,,,,,,,,,,,,,,,,,,,
,7863,,,0,108.094644,,,,,,,176,64,110,,,,,1,1,0,,,,,,,,,,,,,,,,,,,,,
,7864,,,0,108.105060,,,,,,,176,64,108,,,,,1,1,0,,,,,,,,,,,,,,,,,,,,,
,7865,,,0,108.115476,,,,,,,176,64,110,,,,,1,1,0,,,,,,,,,,,,,,,,,,,,,
,7866,,,0,108.136308,,,,,,,176,64,109,,,,,1,1,0,,,,,,,,,,,,,,,,,,,,,
,7867,,,0,108.144120,,,,,,,176,64,111,,,,,1,1,0,,,,,,,,,,,,,,,,,,,,,
,7868,,,0,108.154536,,,,,,,176,64,108,,,,,1,1,0,,,,,,,,,,,,,,,,,,,,,
,7869,,,0,108.185784,,,,,,,176,64,109,,,,,1,1,0,,,,,,,,,,,,,,,,,,,,,
,7870,,,0,108.206616,,,,,,,176,64,110,,,,,1,1,0,,,,,,,,,,,,,,,,,,,,,
,7871,,,0,108.217032,,,,,,,176,64,108,,,,,1,1,0,,,,,,,,,,,,,,,,,,,,,
,7872,,,0,108.224844,,,,,,,176,64,110,,,,,1,1,0,,,,,,,,,,,,,,,,,,,,,
,7873,,,0,108.235260,,,,,,,176,64,109,,,,,1,1,0,,,,,,,,,,,,,,,,,,,,,
,7874,,,0,108.256092,,,,,,,176,64,110,,,,,1,1,0,,,,,,,,,,,,,,,,,,,,,
,7875,,,0,108.266508,,,,,,,176,64,109,,,,,1,1,0,,,,,,,,,,,,,,,,,,,,,
,7876,,,0,108.276924,,,,,,,176,64,110,,,,,1,1,0,,,,,,,,,,,,,,,,,,,,,
,7877,,,0,108.287340,,,,,,,176,64,108,,,,,1,1,0,,,,,,,,,,,,,,,,,,,,,
,7878,,,0,108.297756,,,,,,,176,64,110,,,,,1,1,0,,,,,,,,,,,,,,,,,,,,,
,7879,,,0,108.326400,,,,,,,176,64,107,,,,,1,1,0,,,,,,,,,,,,,,,,,,,,,
,7880,,,0,108.334212,,,,,,,176,64,110,,,,,1,1,0,,,,,,,,,,,,,,,,,,,,,
,7881,,,0,108.365460,,,,,,,176,64,111,,,,,1,1,0,,,,,,,,,,,,,,,,,,,,,
,7882,,,0,108.378480,,,,,,,176,64,110,,,,,1,1,0,,,,,,,,,,,,,,,,,,,,,
,7883,,,0,108.386292,,,,,,,176,64,109,,,,,1,1,0,,,,,,,,,,,,,,,,,,,,,
,7884,,,0,108.404520,,,,,,,176,64,111,,,,,1,1,0,,,,,,,,,,,,,,,,,,,,,
,7885,,,0,108.414936,,,,,,,176,64,107,,,,,1,1,0,,,,,,,,,,,,,,,,,,,,,
,7886,,,0,108.425352,,,,,,,176,64,111,,,,,1,1,0,,,,,,,,,,,,,,,,,,,,,
,7887,,,0,108.435768,,,,,,,176,64,110,,,,,1,1,0,,,,,,,,,,,,,,,,,,,,,
,7888,,,0,108.446184,,,,,,,176,64,111,,,,,1,1,0,,,,,,,,,,,,,,,,,,,,,
,7889,,,0,108.453996,,,,,,,176,64,108,,,,,1,1,0,,,,,,,,,,,,,,,,,,,,,
,7890,,,0,108.464412,,,,,,,176,64,110,,,,,1,1,0,,,,,,,,,,,,,,,,,,,,,
,7891,,,0,108.474828,,,,,,,176,64,109,,,,,1,1,0,,,,,,,,,,,,,,,,,,,,,
,7892,,,0,108.495660,,,,,,,176,64,110,,,,,1,1,0,,,,,,,,,,,,,,,,,,,,,
,7893,,,0,108.516492,,,,,,,176,64,111,,,,,1,1,0,,,,,,,,,,,,,,,,,,,,,
,7894,,,0,108.524304,,,,,,,176,64,108,,,,,1,1,0,,,,,,,,,,,,,,,,,,,,,
,7895,,,0,108.534720,,,,,,,176,64,111,,,,,1,1,0,,,,,,,,,,,,,,,,,,,,,
,7896,,,0,108.545136,,,,,,,176,64,108,,,,,1,1,0,,,,,,,,,,,,,,,,,,,,,
,7897,,,0,108.555552,,,,,,,176,64,110,,,,,1,1,0,,,,,,,,,,,,,,,,,,,,,
,7898,,,0,108.565968,,,,,,,176,64,109,,,,,1,1,0,,,,,,,,,,,,,,,,,,,,,
,7899,,,0,108.576384,,,,,,,176,64,111,,,,,1,1,0,,,,,,,,,,,,,,,,,,,,,
,7900,,,0,108.584196,,,,,,,176,64,109,,,,,1,1,0,,,,,,,,,,,,,,,,,,,,,
,7901,,,0,108.594612,,,,,,,176,64,110,,,,,1,1,0,,,,,,,,,,,,,,,,,,,,,
,7902,,,0,108.605028,,,,,,,176,64,111,,,,,1,1,0,,,,,,,,,,,,,,,,,,,,,
,7903,,,0,108.615444,,,,,,,176,64,110,,,,,1,1,0,,,,,,,,,,,,,,,,,,,,,
,7904,,,0,108.625860,,,,,,,176,64,111,,,,,1,1,0,,,,,,,,,,,,,,,,,,,,,
,7905,,,0,108.636276,,,,,,,176,64,108,,,,,1,1,0,,,,,,,,,,,,,,,,,,,,,
,7906,,,0,108.644088,,,,,,,176,64,110,,,,,1,1,0,,,,,,,,,,,,,,,,,,,,,
,7907,,,0,108.654504,,,,,,,176,64,109,,,,,1,1,0,,,,,,,,,,,,,,,,,,,,,
,7908,,,0,108.664920,,,,,,,176,64,111,,,,,1,1,0,,,,,,,,,,,,,,,,,,,,,
,7909,,,0,108.675336,,,,,,,176,64,109,,,,,1,1,0,,,,,,,,,,,,,,,,,,,,,
,7910,,,0,108.685752,,,,,,,176,64,110,,,,,1,1,0,,,,,,,,,,,,,,,,,,,,,
,7911,,,0,108.696168,,,,,,,176,64,109,,,,,1,1,0,,,,,,,,,,,,,,,,,,,,,
,7912,,,0,108.703980,,,,,,,176,64,110,,,,,1,1,0,,,,,,,,,,,,,,,,,,,,,
,7913,,,0,108.766476,,,,,,,176,64,109,,,,,1,1,0,,,,,,,,,,,,,,,,,,,,,
,7914,,,0,108.774288,,,,,,,176,64,111,,,,,1,1,0,,,,,,,,,,,,,,,,,,,,,
,7915,,,0,108.784704,,,,,,,176,64,108,,,,,1,1,0,,,,,,,,,,,,,,,,,,,,,
,7916,,,0,108.795120,,,,,,,176,64,110,,,,,1,1,0,,,,,,,,,,,,,,,,,,,,,
,7917,,,0,108.805536,,,,,,,176,64,108,,,,,1,1,0,,,,,,,,,,,,,,,,,,,,,
,7918,,,0,108.815952,,,,,,,176,64,110,,,,,1,1,0,,,,,,,,,,,,,,,,,,,,,
,7919,,,0,108.865428,,,,,,,176,64,111,,,,,1,1,0,,,,,,,,,,,,,,,,,,,,,
,7920,,,0,108.875844,,,,,,,176,64,110,,,,,1,1,0,,,,,,,,,,,,,,,,,,,,,
,7921,,,0,108.886260,,,,,,,176,64,111,,,,,1,1,0,,,,,,,,,,,,,,,,,,,,,
,7922,,,0,108.894072,,,,,,,176,64,110,,,,,1,1,0,,,,,,,,,,,,,,,,,,,,,
,7923,,,0,108.904488,,,,,,,176,64,111,,,,,1,1,0,,,,,,,,,,,,,,,,,,,,,
,7924,,,0,108.914904,,,,,,,176,64,108,,,,,1,1,0,,,,,,,,,,,,,,,,,,,,,
,7925,,,0,108.925320,,,,,,,176,64,110,,,,,1,1,0,,,,,,,,,,,,,,,,,,,,,
,7926,,,0,108.935736,,,,,,,176,64,109,,,,,1,1,0,,,,,,,,,,,,,,,,,,,,,
,7927,,,0,108.946152,,,,,,,176,64,110,,,,,1,1,0,,,,,,,,,,,,,,,,,,,,,
,7928,,,0,108.953964,,,,,,,176,64,109,,,,,1,1,0,,,,,,,,,,,,,,,,,,,,,
,7929,,,0,108.974796,,,,,,,176,64,110,,,,,1,1,0,,,,,,,,,,,,,,,,,,,,,
,7930,,,0,108.985212,,,,,,,176,64,109,,,,,1,1,0,,,,,,,,,,,,,,,,,,,,,
,7931,,,0,108.995628,,,,,,,176,64,111,,,,,1,1,0,,,,,,,,,,,,,,,,,,,,,
,7932,,,0,109.006044,,,,,,,176,64,109,,,,,1,1,0,,,,,,,,,,,,,,,,,,,,,
,7933,,,0,109.016460,,,,,,,176,64,111,,,,,1,1,0,,,,,,,,,,,,,,,,,,,,,
,7934,,,0,109.024272,,,,,,,176,64,108,,,,,1,1,0,,,,,,,,,,,,,,,,,,,,,
,7935,,,0,109.034688,,,,,,,176,64,109,,,,,1,1,0,,,,,,,,,,,,,,,,,,,,,
,7936,,,0,109.045104,,,,,,,176,64,108,,,,,1,1,0,,,,,,,,,,,,,,,,,,,,,
,7937,,,0,109.055520,,,,,,,176,64,110,,,,,1,1,0,,,,,,,,,,,,,,,,,,,,,
,7938,,,0,109.065936,,,,,,,176,64,109,,,,,1,1,0,,,,,,,,,,,,,,,,,,,,,
,7939,,,0,109.076352,,,,,,,176,64,110,,,,,1,1,0,,,,,,,,,,,,,,,,,,,,,
,7940,,,0,109.084164,,,,,,,176,64,111,,,,,1,1,0,,,,,,,,,,,,,,,,,,,,,
,7941,,,0,109.094580,,,,,,,176,64,109,,,,,1,1,0,,,,,,,,,,,,,,,,,,,,,
,7942,,,0,109.125828,,,,,,,176,64,110,,,,,1,1,0,,,,,,,,,,,,,,,,,,,,,
,7943,,,0,109.136244,,,,,,,176,64,107,,,,,1,1,0,,,,,,,,,,,,,,,,,,,,,
,7944,,,0,109.144056,,,,,,,176,64,111,,,,,1,1,0,,,,,,,,,,,,,,,,,,,,,
,7945,,,0,109.157076,,,,,,,176,64,109,,,,,1,1,0,,,,,,,,,,,,,,,,,,,,,
,7946,,,0,109.164888,,,,,,,176,64,111,,,,,1,1,0,,,,,,,,,,,,,,,,,,,,,
,7947,,,0,109.175304,,,,,,,176,64,109,,,,,1,1,0,,,,,,,,,,,,,,,,,,,,,
,7948,,,0,109.185720,,,,,,,176,64,110,,,,,1,1,0,,,,,,,,,,,,,,,,,,,,,
,7949,,,0,109.196136,,,,,,,176,64,108,,,,,1,1,0,,,,,,,,,,,,,,,,,,,,,
,7950,,,0,109.203948,,,,,,,176,64,110,,,,,1,1,0,,,,,,,,,,,,,,,,,,,,,
,7951,,,0,109.214364,,,,,,,176,64,111,,,,,1,1,0,,,,,,,,,,,,,,,,,,,,,
,7952,,,0,109.224780,,,,,,,176,64,108,,,,,1,1,0,,,,,,,,,,,,,,,,,,,,,
,7953,,,0,109.235196,,,,,,,176,64,111,,,,,1,1,0,,,,,,,,,,,,,,,,,,,,,
,7954,,,0,109.245612,,,,,,,176,64,110,,,,,1,1,0,,,,,,,,,,,,,,,,,,,,,
,7955,,,0,109.274256,,,,,,,176,64,111,,,,,1,1,0,,,,,,,,,,,,,,,,,,,,,
,7956,,,0,109.284672,,,,,,,176,64,110,,,,,1,1,0,,,,,,,,,,,,,,,,,,,,,
,7957,,,0,109.305504,,,,,,,176,64,109,,,,,1,1,0,,,,,,,,,,,,,,,,,,,,,
,7958,,,0,109.315920,,,,,,,176,64,110,,,,,1,1,0,,,,,,,,,,,,,,,,,,,,,
,7959,,,0,109.334148,,,,,,,176,64,109,,,,,1,1,0,,,,,,,,,,,,,,,,,,,,,
,7960,,,0,109.354980,,,,,,,176,64,107,,,,,1,1,0,,,,,,,,,,,,,,,,,,,,,
,7961,,,0,109.362792,,,,,,,128,64,0,,,,,1,1,0,,,,,,,,,,,,,,,,,,,,,
,7962,,,0,109.365396,,,,,,,128,53,0,,,,,1,1,0,,,,,,,,,,,,,,,,,,,,,
,7963,,,0,109.365396,,,,,,,176,64,110,,,,,1,1,0,,,,,,,,,,,,,,,,,,,,,
,7964,,,0,109.375812,,,,,,,176,64,108,,,,,1,1,0,,,,,,,,,,,,,,,,,,,,,
,7965,,,0,109.386228,,,,,,,176,64,109,,,,,1,1,0,,,,,,,,,,,,,,,,,,,,,
,7966,,,0,109.396644,,,,,,,176,64,110,,,,,1,1,0,,,,,,,,,,,,,,,,,,,,,
,7967,,,0,109.414872,,,,,,,176,64,109,,,,,1,1,0,,,,,,,,,,,,,,,,,,,,,
,7968,,,0,109.425288,,,,,,,128,68,0,,,,,1,1,0,,,,,,,,,,,,,,,,,,,,,
,7969,,,0,109.425288,,,,,,,176,64,110,,,,,1,1,0,,,,,,,,,,,,,,,,,,,,,
,7970,,,0,109.425288,,,,,,,128,72,0,,,,,1,1,0,,,,,,,,,,,,,,,,,,,,,
,7971,,,0,109.446120,,,,,,,176,64,109,,,,,1,1,0,,,,,,,,,,,,,,,,,,,,,
,7972,,,0,109.453932,,,,,,,176,64,110,,,,,1,1,0,,,,,,,,,,,,,,,,,,,,,
,7973,,,0,109.459140,,,,,,,128,78,0,,,,,1,1,0,,,,,,,,,,,,,,,,,,,,,
,7974,,,0,109.464348,,,,,,,176,64,109,,,,,1,1,0,,,,,,,,,,,,,,,,,,,,,
,7975,,,0,109.479972,,,,,,,176,64,111,,,,,1,1,0,,,,,,,,,,,,,,,,,,,,,
,7976,,,0,109.485180,,,,,,,176,64,109,,,,,1,1,0,,,,,,,,,,,,,,,,,,,,,
,7977,,,0,109.506012,,,,,,,176,64,108,,,,,1,1,0,,,,,,,,,,,,,,,,,,,,,
,7978,,,0,109.516428,,,,,,,176,64,110,,,,,1,1,0,,,,,,,,,,,,,,,,,,,,,
,7979,,,0,109.524240,,,,,,,176,64,109,,,,,1,1,0,,,,,,,,,,,,,,,,,,,,,
,7980,,,0,109.534656,,,,,,,176,64,110,,,,,1,1,0,,,,,,,,,,,,,,,,,,,,,
,7981,,,0,109.545072,,,,,,,176,64,108,,,,,1,1,0,,,,,,,,,,,,,,,,,,,,,
,7982,,,0,109.555488,,,,,,,176,64,109,,,,,1,1,0,,,,,,,,,,,,,,,,,,,,,
,7983,,,0,109.565904,,,,,,,176,64,110,,,,,1,1,0,,,,,,,,,,,,,,,,,,,,,
,7984,,,0,109.576320,,,,,,,176,64,108,,,,,1,1,0,,,,,,,,,,,,,,,,,,,,,
,7985,,,0,109.584132,,,,,,,176,64,111,,,,,1,1,0,,,,,,,,,,,,,,,,,,,,,
,7986,,,0,109.594548,,,,,,,176,64,110,,,,,1,1,0,,,,,,,,,,,,,,,,,,,,,
,7987,,,0,109.604964,,,,,,,176,64,111,,,,,1,1,0,,,,,,,,,,,,,,,,,,,,,
,7988,,,0,109.615380,,,,,,,176,64,109,,,,,1,1,0,,,,,,,,,,,,,,,,,,,,,
,7989,,,0,109.625796,,,,,,,176,64,110,,,,,1,1,0,,,,,,,,,,,,,,,,,,,,,
,7990,,,0,109.636212,,,,,,,176,64,109,,,,,1,1,0,,,,,,,,,,,,,,,,,,,,,
,7991,,,0,109.644024,,,,,,,176,64,110,,,,,1,1,0,,,,,,,,,,,,,,,,,,,,,
,7992,,,0,109.657044,,,,,,,176,64,108,,,,,1,1,0,,,,,,,,,,,,,,,,,,,,,
,7993,,,0,109.664856,,,,,,,176,64,110,,,,,1,1,0,,,,,,,,,,,,,,,,,,,,,
,7994,,,0,109.685688,,,,,,,176,64,108,,,,,1,1,0,,,,,,,,,,,,,,,,,,,,,
,7995,,,0,109.696104,,,,,,,176,64,111,,,,,1,1,0,,,,,,,,,,,,,,,,,,,,,
,7996,,,0,109.706520,,,,,,,176,64,110,,,,,1,1,0,,,,,,,,,,,,,,,,,,,,,
,7997,,,0,109.727352,,,,,,,176,64,108,,,,,1,1,0,,,,,,,,,,,,,,,,,,,,,
,7998,,,0,109.737768,,,,,,,176,64,110,,,,,1,1,0,,,,,,,,,,,,,,,,,,,,,
,7999,,,0,109.745580,,,,,,,176,64,108,,,,,1,1,0,,,,,,,,,,,,,,,,,,,,,
,8000,,,0,109.755996,,,,,,,176,64,110,,,,,1,1,0,,,,,,,,,,,,,,,,,,,,,
,8001,,,0,109.766412,,,,,,,176,64,109,,,,,1,1,0,,,,,,,,,,,,,,,,,,,,,
,8002,,,0,109.774224,,,,,,,176,64,110,,,,,1,1,0,,,,,,,,,,,,,,,,,,,,,
,8003,,,0,109.784640,,,,,,,176,64,111,,,,,1,1,0,,,,,,,,,,,,,,,,,,,,,
,8004,,,0,109.795056,,,,,,,176,64,110,,,,,1,1,0,,,,,,,,,,,,,,,,,,,,,
,8005,,,0,109.805472,,,,,,,176,64,111,,,,,1,1,0,,,,,,,,,,,,,,,,,,,,,
,8006,,,0,109.815888,,,,,,,176,64,109,,,,,1,1,0,,,,,,,,,,,,,,,,,,,,,
,8007,,,0,109.826304,,,,,,,176,64,110,,,,,1,1,0,,,,,,,,,,,,,,,,,,,,,
,8008,,,0,109.836720,,,,,,,176,64,109,,,,,1,1,0,,,,,,,,,,,,,,,,,,,,,
,8009,,,0,109.844532,,,,,,,176,64,110,,,,,1,1,0,,,,,,,,,,,,,,,,,,,,,
,8010,,,0,109.854948,,,,,,,176,64,108,,,,,1,1,0,,,,,,,,,,,,,,,,,,,,,
,8011,,,0,109.865364,,,,,,,176,64,111,,,,,1,1,0,,,,,,,,,,,,,,,,,,,,,
,8012,,,0,109.875780,,,,,,,176,64,110,,,,,1,1,0,,,,,,,,,,,,,,,,,,,,,
,8013,,,0,109.886196,,,,,,,176,64,111,,,,,1,1,0,,,,,,,,,,,,,,,,,,,,,
,8014,,,0,109.894008,,,,,,,176,64,110,,,,,1,1,0,,,,,,,,,,,,,,,,,,,,,
,8015,,,0,109.946088,,,,,,,176,64,109,,,,,1,1,0,,,,,,,,,,,,,,,,,,,,,
,8016,,,0,109.956504,,,,,,,176,64,111,,,,,1,1,0,,,,,,,,,,,,,,,,,,,,,
,8017,,,0,109.964316,,,,,,,176,64,110,,,,,1,1,0,,,,,,,,,,,,,,,,,,,,,
,8018,,,0,109.995564,,,,,,,176,64,111,,,,,1,1,0,,,,,,,,,,,,,,,,,,,,,
,8019,,,0,110.005980,,,,,,,176,64,110,,,,,1,1,0,,,,,,,,,,,,,,,,,,,,,
,8020,,,0,110.037228,,,,,,,176,64,111,,,,,1,1,0,,,,,,,,,,,,,,,,,,,,,
,8021,,,0,110.055456,,,,,,,176,64,109,,,,,1,1,0,,,,,,,,,,,,,,,,,,,,,
,8022,,,0,110.065872,,,,,,,176,64,111,,,,,1,1,0,,,,,,,,,,,,,,,,,,,,,
,8023,,,0,110.076288,,,,,,,176,64,107,,,,,1,1,0,,,,,,,,,,,,,,,,,,,,,
,8024,,,0,110.084100,,,,,,,176,64,111,,,,,1,1,0,,,,,,,,,,,,,,,,,,,,,
,8025,,,0,110.094516,,,,,,,176,64,109,,,,,1,1,0,,,,,,,,,,,,,,,,,,,,,
,8026,,,0,110.104932,,,,,,,176,64,111,,,,,1,1,0,,,,,,,,,,,,,,,,,,,,,
,8027,,,0,110.115348,,,,,,,176,64,109,,,,,1,1,0,,,,,,,,,,,,,,,,,,,,,
,8028,,,0,110.125764,,,,,,,176,64,110,,,,,1,1,0,,,,,,,,,,,,,,,,,,,,,
,8029,,,0,110.157012,,,,,,,176,64,111,,,,,1,1,0,,,,,,,,,,,,,,,,,,,,,
,8030,,,0,110.164824,,,,,,,176,64,110,,,,,1,1,0,,,,,,,,,,,,,,,,,,,,,
,8031,,,0,110.175240,,,,,,,176,64,111,,,,,1,1,0,,,,,,,,,,,,,,,,,,,,,
,8032,,,0,110.185656,,,,,,,176,64,108,,,,,1,1,0,,,,,,,,,,,,,,,,,,,,,
,8033,,,0,110.196072,,,,,,,176,64,111,,,,,1,1,0,,,,,,,,,,,,,,,,,,,,,
,8034,,,0,110.203884,,,,,,,176,64,110,,,,,1,1,0,,,,,,,,,,,,,,,,,,,,,
,8035,,,0,110.216904,,,,,,,176,64,111,,,,,1,1,0,,,,,,,,,,,,,,,,,,,,,
,8036,,,0,110.224716,,,,,,,176,64,110,,,,,1,1,0,,,,,,,,,,,,,,,,,,,,,
,8037,,,0,110.245548,,,,,,,176,64,111,,,,,1,1,0,,,,,,,,,,,,,,,,,,,,,
,8038,,,0,110.255964,,,,,,,176,64,110,,,,,1,1,0,,,,,,,,,,,,,,,,,,,,,
321,8039,1,4636,0,110.276796,0.0,0.0,0,D4,,8,144,62,42,,6015,,,1,1,0,,1.0,,0.2769473170731707,1,0.0,0.0,0.0,0.0,2.875,5.75,4.407142824999999,0.7413532177851826,0.0,0.0,0.0,0.0,1.0,5.125,2.71082515,0.9552632047624505
321,8040,1,4636,0,110.279400,0.0,0.0,0,F#5,,8,144,78,42,,6015,,,1,1,0,,1.0,,0.2769473170731707,1,0.0,0.0,0.0,0.0,2.875,5.75,4.407142824999999,0.7413532177851826,0.0,0.0,0.0,0.0,1.0,5.125,2.71082515,0.9552632047624505
321,8041,1,4636,0,110.282004,0.0,0.0,0,A#4,,8,144,70,42,,6015,,,1,1,0,,1.0,,0.2769473170731707,1,0.0,0.0,0.0,0.0,2.875,5.75,4.407142824999999,0.7413532177851826,0.0,0.0,0.0,0.0,1.0,5.125,2.71082515,0.9552632047624505
321,8042,1,4636,0,110.284608,0.0,0.0,0,D#3,,8,144,51,42,,6015,,,1,1,0,,1.0,,0.2769473170731707,1,0.0,0.0,0.0,0.0,2.875,5.75,4.407142824999999,0.7413532177851826,0.0,0.0,0.0,0.0,1.0,5.125,2.71082515,0.9552632047624505
,8043,,,0,110.287212,,,,,,,176,64,111,,,,,1,1,0,,,,,,,,,,,,,,,,,,,,,
321,8044,1,4636,0,110.287212,0.0,0.0,0,E5,,8,144,76,42,,6015,,,1,1,0,,1.0,,0.2769473170731707,1,0.0,0.0,0.0,0.0,2.875,5.75,4.407142824999999,0.7413532177851826,0.0,0.0,0.0,0.0,1.0,5.125,2.71082515,0.9552632047624505
,8045,,,0,110.315856,,,,,,,176,64,110,,,,,1,1,0,,,,,,,,,,,,,,,,,,,,,
,8046,,,0,110.326272,,,,,,,176,64,111,,,,,1,1,0,,,,,,,,,,,,,,,,,,,,,
,8047,,,0,110.334084,,,,,,,176,64,110,,,,,1,1,0,,,,,,,,,,,,,,,,,,,,,
,8048,,,0,110.344500,,,,,,,176,64,111,,,,,1,1,0,,,,,,,,,,,,,,,,,,,,,
,8049,,,0,110.365332,,,,,,,176,64,110,,,,,1,1,0,,,,,,,,,,,,,,,,,,,,,
,8050,,,0,110.375748,,,,,,,176,64,111,,,,,1,1,0,,,,,,,,,,,,,,,,,,,,,
,8051,,,0,110.386164,,,,,,,176,64,110,,,,,1,1,0,,,,,,,,,,,,,,,,,,,,,
,8052,,,0,110.396580,,,,,,,176,64,111,,,,,1,1,0,,,,,,,,,,,,,,,,,,,,,
,8053,,,0,110.425224,,,,,,,176,64,110,,,,,1,1,0,,,,,,,,,,,,,,,,,,,,,
,8054,,,0,110.438244,,,,,,,176,64,111,,,,,1,1,0,,,,,,,,,,,,,,,,,,,,,
,8055,,,0,110.446056,,,,,,,176,64,110,,,,,1,1,0,,,,,,,,,,,,,,,,,,,,,
,8056,,,0,110.477304,,,,,,,176,64,111,,,,,1,1,0,,,,,,,,,,,,,,,,,,,,,
,8057,,,0,110.495532,,,,,,,176,64,110,,,,,1,1,0,,,,,,,,,,,,,,,,,,,,,
,8058,,,0,110.505948,,,,,,,176,64,111,,,,,1,1,0,,,,,,,,,,,,,,,,,,,,,
,8059,,,0,110.534592,,,,,,,176,64,109,,,,,1,1,0,,,,,,,,,,,,,,,,,,,,,
,8060,,,0,110.545008,,,,,,,176,64,111,,,,,1,1,0,,,,,,,,,,,,,,,,,,,,,
,8061,,,0,110.555424,,,,,,,176,64,110,,,,,1,1,0,,,,,,,,,,,,,,,,,,,,,
,8062,,,0,110.565840,,,,,,,176,64,111,,,,,1,1,0,,,,,,,,,,,,,,,,,,,,,
,8063,,,0,110.625732,,,,,,,176,64,109,,,,,1,1,0,,,,,,,,,,,,,,,,,,,,,
,8064,,,0,110.636148,,,,,,,176,64,111,,,,,1,1,0,,,,,,,,,,,,,,,,,,,,,
,8065,,,0,110.643960,,,,,,,176,64,110,,,,,1,1,0,,,,,,,,,,,,,,,,,,,,,
,8066,,,0,110.675208,,,,,,,176,64,111,,,,,1,1,0,,,,,,,,,,,,,,,,,,,,,
,8067,,,0,110.716872,,,,,,,176,64,110,,,,,1,1,0,,,,,,,,,,,,,,,,,,,,,
,8068,,,0,110.724684,,,,,,,176,64,111,,,,,1,1,0,,,,,,,,,,,,,,,,,,,,,
,8069,,,0,110.745516,,,,,,,176,64,110,,,,,1,1,0,,,,,,,,,,,,,,,,,,,,,
,8070,,,0,110.755932,,,,,,,176,64,111,,,,,1,1,0,,,,,,,,,,,,,,,,,,,,,
,8071,,,0,110.797596,,,,,,,176,64,110,,,,,1,1,0,,,,,,,,,,,,,,,,,,,,,
,8072,,,0,110.805408,,,,,,,176,64,111,,,,,1,1,0,,,,,,,,,,,,,,,,,,,,,
,8073,,,0,110.844468,,,,,,,176,64,110,,,,,1,1,0,,,,,,,,,,,,,,,,,,,,,
,8074,,,0,110.865300,,,,,,,176,64,111,,,,,1,1,0,,,,,,,,,,,,,,,,,,,,,
,8075,,,0,110.893944,,,,,,,176,64,110,,,,,1,1,0,,,,,,,,,,,,,,,,,,,,,
,8076,,,0,110.925192,,,,,,,176,64,111,,,,,1,1,0,,,,,,,,,,,,,,,,,,,,,
,8077,,,0,110.935608,,,,,,,176,64,110,,,,,1,1,0,,,,,,,,,,,,,,,,,,,,,
,8078,,,0,110.946024,,,,,,,176,64,111,,,,,1,1,0,,,,,,,,,,,,,,,,,,,,,
,8079,,,0,110.977272,,,,,,,176,64,110,,,,,1,1,0,,,,,,,,,,,,,,,,,,,,,
,8080,,,0,110.985084,,,,,,,176,64,111,,,,,1,1,0,,,,,,,,,,,,,,,,,,,,,
,8081,,,0,110.995500,,,,,,,176,64,110,,,,,1,1,0,,,,,,,,,,,,,,,,,,,,,
,8082,,,0,111.065808,,,,,,,176,64,111,,,,,1,1,0,,,,,,,,,,,,,,,,,,,,,
,8083,,,0,111.104868,,,,,,,176,64,110,,,,,1,1,0,,,,,,,,,,,,,,,,,,,,,
,8084,,,0,111.136116,,,,,,,176,64,111,,,,,1,1,0,,,,,,,,,,,,,,,,,,,,,
,8085,,,0,111.146532,,,,,,,176,64,110,,,,,1,1,0,,,,,,,,,,,,,,,,,,,,,
,8086,,,0,111.156948,,,,,,,176,64,111,,,,,1,1,0,,,,,,,,,,,,,,,,,,,,,
,8087,,,0,111.164760,,,,,,,176,64,110,,,,,1,1,0,,,,,,,,,,,,,,,,,,,,,
,8088,,,0,111.196008,,,,,,,176,64,111,,,,,1,1,0,,,,,,,,,,,,,,,,,,,,,
,8089,,,0,111.235068,,,,,,,176,64,110,,,,,1,1,0,,,,,,,,,,,,,,,,,,,,,
,8090,,,0,111.245484,,,,,,,176,64,111,,,,,1,1,0,,,,,,,,,,,,,,,,,,,,,
,8091,,,0,111.255900,,,,,,,176,64,110,,,,,1,1,0,,,,,,,,,,,,,,,,,,,,,
,8092,,,0,111.266316,,,,,,,176,64,111,,,,,1,1,0,,,,,,,,,,,,,,,,,,,,,
,8093,,,0,111.294960,,,,,,,176,64,110,,,,,1,1,0,,,,,,,,,,,,,,,,,,,,,
,8094,,,0,111.305376,,,,,,,176,64,111,,,,,1,1,0,,,,,,,,,,,,,,,,,,,,,
,8095,,,0,111.315792,,,,,,,176,64,110,,,,,1,1,0,,,,,,,,,,,,,,,,,,,,,
,8096,,,0,111.326208,,,,,,,176,64,111,,,,,1,1,0,,,,,,,,,,,,,,,,,,,,,
,8097,,,0,111.365268,,,,,,,176,64,110,,,,,1,1,0,,,,,,,,,,,,,,,,,,,,,
,8098,,,0,111.375684,,,,,,,176,64,111,,,,,1,1,0,,,,,,,,,,,,,,,,,,,,,
,8099,,,0,111.386100,,,,,,,176,64,109,,,,,1,1,0,,,,,,,,,,,,,,,,,,,,,
,8100,,,0,111.396516,,,,,,,176,64,111,,,,,1,1,0,,,,,,,,,,,,,,,,,,,,,
,8101,,,0,111.406932,,,,,,,176,64,110,,,,,1,1,0,,,,,,,,,,,,,,,,,,,,,
,8102,,,0,111.414744,,,,,,,176,64,111,,,,,1,1,0,,,,,,,,,,,,,,,,,,,,,
,8103,,,0,111.427764,,,,,,,176,64,110,,,,,1,1,0,,,,,,,,,,,,,,,,,,,,,
,8104,,,0,111.445992,,,,,,,176,64,111,,,,,1,1,0,,,,,,,,,,,,,,,,,,,,,
,8105,,,0,111.456408,,,,,,,176,64,110,,,,,1,1,0,,,,,,,,,,,,,,,,,,,,,
,8106,,,0,111.485052,,,,,,,176,64,111,,,,,1,1,0,,,,,,,,,,,,,,,,,,,,,
,8107,,,0,111.516300,,,,,,,176,64,110,,,,,1,1,0,,,,,,,,,,,,,,,,,,,,,
,8108,,,0,111.526716,,,,,,,176,64,111,,,,,1,1,0,,,,,,,,,,,,,,,,,,,,,
,8109,,,0,111.537132,,,,,,,176,64,110,,,,,1,1,0,,,,,,,,,,,,,,,,,,,,,
,8110,,,0,111.555360,,,,,,,176,64,109,,,,,1,1,0,,,,,,,,,,,,,,,,,,,,,
,8111,,,0,111.565776,,,,,,,176,64,111,,,,,1,1,0,,,,,,,,,,,,,,,,,,,,,
,8112,,,0,111.576192,,,,,,,176,64,110,,,,,1,1,0,,,,,,,,,,,,,,,,,,,,,
,8113,,,0,111.586608,,,,,,,176,64,111,,,,,1,1,0,,,,,,,,,,,,,,,,,,,,,
,8114,,,0,111.604836,,,,,,,176,64,110,,,,,1,1,0,,,,,,,,,,,,,,,,,,,,,
,8115,,,0,111.656916,,,,,,,176,64,111,,,,,1,1,0,,,,,,,,,,,,,,,,,,,,,
,8116,,,0,111.716808,,,,,,,176,64,110,,,,,1,1,0,,,,,,,,,,,,,,,,,,,,,
,8117,,,0,111.727224,,,,,,,176,64,109,,,,,1,1,0,,,,,,,,,,,,,,,,,,,,,
,8118,,,0,111.735036,,,,,,,176,64,111,,,,,1,1,0,,,,,,,,,,,,,,,,,,,,,
,8119,,,0,111.745452,,,,,,,176,64,110,,,,,1,1,0,,,,,,,,,,,,,,,,,,,,,
,8120,,,0,111.766284,,,,,,,176,64,111,,,,,1,1,0,,,,,,,,,,,,,,,,,,,,,
,8121,,,0,111.787116,,,,,,,176,64,110,,,,,1,1,0,,,,,,,,,,,,,,,,,,,,,
,8122,,,0,111.794928,,,,,,,176,64,111,,,,,1,1,0,,,,,,,,,,,,,,,,,,,,,
,8123,,,0,111.805344,,,,,,,176,64,110,,,,,1,1,0,,,,,,,,,,,,,,,,,,,,,
,8124,,,0,111.826176,,,,,,,176,64,111,,,,,1,1,0,,,,,,,,,,,,,,,,,,,,,
,8125,,,0,111.836592,,,,,,,176,64,110,,,,,1,1,0,,,,,,,,,,,,,,,,,,,,,
,8126,,,0,111.854820,,,,,,,176,64,111,,,,,1,1,0,,,,,,,,,,,,,,,,,,,,,
,8127,,,0,111.886068,,,,,,,176,64,110,,,,,1,1,0,,,,,,,,,,,,,,,,,,,,,
,8128,,,0,111.906900,,,,,,,176,64,111,,,,,1,1,0,,,,,,,,,,,,,,,,,,,,,
,8129,,,0,111.956376,,,,,,,176,64,110,,,,,1,1,0,,,,,,,,,,,,,,,,,,,,,
,8130,,,0,111.966792,,,,,,,176,64,111,,,,,1,1,0,,,,,,,,,,,,,,,,,,,,,
,8131,,,0,112.026684,,,,,,,176,64,110,,,,,1,1,0,,,,,,,,,,,,,,,,,,,,,
,8132,,,0,112.055328,,,,,,,176,64,111,,,,,1,1,0,,,,,,,,,,,,,,,,,,,,,
,8133,,,0,112.065744,,,,,,,176,64,110,,,,,1,1,0,,,,,,,,,,,,,,,,,,,,,
,8134,,,0,112.076160,,,,,,,176,64,111,,,,,1,1,0,,,,,,,,,,,,,,,,,,,,,
,8135,,,0,112.086576,,,,,,,176,64,110,,,,,1,1,0,,,,,,,,,,,,,,,,,,,,,
,8136,,,0,112.096992,,,,,,,176,64,111,,,,,1,1,0,,,,,,,,,,,,,,,,,,,,,
,8137,,,0,112.104804,,,,,,,176,64,110,,,,,1,1,0,,,,,,,,,,,,,,,,,,,,,
,8138,,,0,112.115220,,,,,,,176,64,111,,,,,1,1,0,,,,,,,,,,,,,,,,,,,,,
,8139,,,0,112.125636,,,,,,,176,64,110,,,,,1,1,0,,,,,,,,,,,,,,,,,,,,,
,8140,,,0,112.136052,,,,,,,176,64,111,,,,,1,1,0,,,,,,,,,,,,,,,,,,,,,
,8141,,,0,112.156884,,,,,,,176,64,110,,,,,1,1,0,,,,,,,,,,,,,,,,,,,,,
,8142,,,0,112.164696,,,,,,,176,64,111,,,,,1,1,0,,,,,,,,,,,,,,,,,,,,,
,8143,,,0,112.175112,,,,,,,176,64,110,,,,,1,1,0,,,,,,,,,,,,,,,,,,,,,
,8144,,,0,112.185528,,,,,,,176,64,111,,,,,1,1,0,,,,,,,,,,,,,,,,,,,,,
,8145,,,0,112.195944,,,,,,,176,64,110,,,,,1,1,0,,,,,,,,,,,,,,,,,,,,,
,8146,,,0,112.206360,,,,,,,176,64,111,,,,,1,1,0,,,,,,,,,,,,,,,,,,,,,
,8147,,,0,112.216776,,,,,,,176,64,110,,,,,1,1,0,,,,,,,,,,,,,,,,,,,,,
,8148,,,0,112.237608,,,,,,,176,64,109,,,,,1,1,0,,,,,,,,,,,,,,,,,,,,,
,8149,,,0,112.248024,,,,,,,176,64,110,,,,,1,1,0,,,,,,,,,,,,,,,,,,,,,
,8150,,,0,112.255836,,,,,,,176,64,111,,,,,1,1,0,,,,,,,,,,,,,,,,,,,,,
,8151,,,0,112.297500,,,,,,,176,64,110,,,,,1,1,0,,,,,,,,,,,,,,,,,,,,,
,8152,,,0,112.318332,,,,,,,176,64,111,,,,,1,1,0,,,,,,,,,,,,,,,,,,,,,
,8153,,,0,112.328748,,,,,,,176,64,110,,,,,1,1,0,,,,,,,,,,,,,,,,,,,,,
,8154,,,0,112.336560,,,,,,,176,64,111,,,,,1,1,0,,,,,,,,,,,,,,,,,,,,,
,8155,,,0,112.346976,,,,,,,176,64,110,,,,,1,1,0,,,,,,,,,,,,,,,,,,,,,
,8156,,,0,112.354788,,,,,,,176,64,111,,,,,1,1,0,,,,,,,,,,,,,,,,,,,,,
,8157,,,0,112.375620,,,,,,,176,64,110,,,,,1,1,0,,,,,,,,,,,,,,,,,,,,,
,8158,,,0,112.414680,,,,,,,176,64,111,,,,,1,1,0,,,,,,,,,,,,,,,,,,,,,
,8159,,,0,112.435512,,,,,,,176,64,110,,,,,1,1,0,,,,,,,,,,,,,,,,,,,,,
,8160,,,0,112.445928,,,,,,,176,64,111,,,,,1,1,0,,,,,,,,,,,,,,,,,,,,,
,8161,,,0,112.474572,,,,,,,176,64,110,,,,,1,1,0,,,,,,,,,,,,,,,,,,,,,
,8162,,,0,112.484988,,,,,,,176,64,111,,,,,1,1,0,,,,,,,,,,,,,,,,,,,,,
,8163,,,0,112.495404,,,,,,,176,64,109,,,,,1,1,0,,,,,,,,,,,,,,,,,,,,,
,8164,,,0,112.505820,,,,,,,176,64,110,,,,,1,1,0,,,,,,,,,,,,,,,,,,,,,
,8165,,,0,112.516236,,,,,,,176,64,111,,,,,1,1,0,,,,,,,,,,,,,,,,,,,,,
,8166,,,0,112.526652,,,,,,,176,64,110,,,,,1,1,0,,,,,,,,,,,,,,,,,,,,,
,8167,,,0,112.537068,,,,,,,176,64,111,,,,,1,1,0,,,,,,,,,,,,,,,,,,,,,
,8168,,,0,112.555296,,,,,,,176,64,110,,,,,1,1,0,,,,,,,,,,,,,,,,,,,,,
,8169,,,0,112.565712,,,,,,,176,64,111,,,,,1,1,0,,,,,,,,,,,,,,,,,,,,,
,8170,,,0,112.604772,,,,,,,176,64,110,,,,,1,1,0,,,,,,,,,,,,,,,,,,,,,
,8171,,,0,112.615188,,,,,,,176,64,111,,,,,1,1,0,,,,,,,,,,,,,,,,,,,,,
,8172,,,0,112.656852,,,,,,,176,64,110,,,,,1,1,0,,,,,,,,,,,,,,,,,,,,,
,8173,,,0,112.664664,,,,,,,176,64,111,,,,,1,1,0,,,,,,,,,,,,,,,,,,,,,
,8174,,,0,112.675080,,,,,,,176,64,110,,,,,1,1,0,,,,,,,,,,,,,,,,,,,,,
,8175,,,0,112.685496,,,,,,,176,64,111,,,,,1,1,0,,,,,,,,,,,,,,,,,,,,,
,8176,,,0,112.695912,,,,,,,176,64,110,,,,,1,1,0,,,,,,,,,,,,,,,,,,,,,
,8177,,,0,112.716744,,,,,,,176,64,111,,,,,1,1,0,,,,,,,,,,,,,,,,,,,,,
,8178,,,0,112.745388,,,,,,,176,64,110,,,,,1,1,0,,,,,,,,,,,,,,,,,,,,,
,8179,,,0,112.766220,,,,,,,176,64,111,,,,,1,1,0,,,,,,,,,,,,,,,,,,,,,
,8180,,,0,112.787052,,,,,,,176,64,110,,,,,1,1,0,,,,,,,,,,,,,,,,,,,,,
,8181,,,0,112.794864,,,,,,,176,64,111,,,,,1,1,0,,,,,,,,,,,,,,,,,,,,,
,8182,,,0,112.805280,,,,,,,176,64,110,,,,,1,1,0,,,,,,,,,,,,,,,,,,,,,
,8183,,,0,112.815696,,,,,,,176,64,111,,,,,1,1,0,,,,,,,,,,,,,,,,,,,,,
,8184,,,0,112.846944,,,,,,,176,64,110,,,,,1,1,0,,,,,,,,,,,,,,,,,,,,,
,8185,,,0,112.865172,,,,,,,176,64,111,,,,,1,1,0,,,,,,,,,,,,,,,,,,,,,
,8186,,,0,112.875588,,,,,,,176,64,110,,,,,1,1,0,,,,,,,,,,,,,,,,,,,,,
,8187,,,0,112.886004,,,,,,,176,64,111,,,,,1,1,0,,,,,,,,,,,,,,,,,,,,,
,8188,,,0,112.896420,,,,,,,176,64,110,,,,,1,1,0,,,,,,,,,,,,,,,,,,,,,
,8189,,,0,112.906836,,,,,,,176,64,111,,,,,1,1,0,,,,,,,,,,,,,,,,,,,,,
,8190,,,0,112.914648,,,,,,,176,64,110,,,,,1,1,0,,,,,,,,,,,,,,,,,,,,,
,8191,,,0,112.925064,,,,,,,176,64,111,,,,,1,1,0,,,,,,,,,,,,,,,,,,,,,
,8192,,,0,112.935480,,,,,,,176,64,109,,,,,1,1,0,,,,,,,,,,,,,,,,,,,,,
,8193,,,0,112.945896,,,,,,,176,64,110,,,,,1,1,0,,,,,,,,,,,,,,,,,,,,,
,8194,,,0,112.956312,,,,,,,176,64,109,,,,,1,1,0,,,,,,,,,,,,,,,,,,,,,
,8195,,,0,112.966728,,,,,,,176,64,110,,,,,1,1,0,,,,,,,,,,,,,,,,,,,,,
,8196,,,0,112.974540,,,,,,,176,64,111,,,,,1,1,0,,,,,,,,,,,,,,,,,,,,,
,8197,,,0,112.984956,,,,,,,176,64,110,,,,,1,1,0,,,,,,,,,,,,,,,,,,,,,
,8198,,,0,112.995372,,,,,,,176,64,111,,,,,1,1,0,,,,,,,,,,,,,,,,,,,,,
,8199,,,0,113.005788,,,,,,,176,64,110,,,,,1,1,0,,,,,,,,,,,,,,,,,,,,,
,8200,,,0,113.016204,,,,,,,176,64,111,,,,,1,1,0,,,,,,,,,,,,,,,,,,,,,
,8201,,,0,113.026620,,,,,,,176,64,109,,,,,1,1,0,,,,,,,,,,,,,,,,,,,,,
,8202,,,0,113.037036,,,,,,,176,64,111,,,,,1,1,0,,,,,,,,,,,,,,,,,,,,,
,8203,,,0,113.044848,,,,,,,176,64,109,,,,,1,1,0,,,,,,,,,,,,,,,,,,,,,
,8204,,,0,113.055264,,,,,,,176,64,111,,,,,1,1,0,,,,,,,,,,,,,,,,,,,,,
,8205,,,0,113.096928,,,,,,,176,64,110,,,,,1,1,0,,,,,,,,,,,,,,,,,,,,,
,8206,,,0,113.125572,,,,,,,176,64,111,,,,,1,1,0,,,,,,,,,,,,,,,,,,,,,
,8207,,,0,113.135988,,,,,,,176,64,110,,,,,1,1,0,,,,,,,,,,,,,,,,,,,,,
,8208,,,0,113.146404,,,,,,,176,64,111,,,,,1,1,0,,,,,,,,,,,,,,,,,,,,,
,8209,,,0,113.156820,,,,,,,176,64,109,,,,,1,1,0,,,,,,,,,,,,,,,,,,,,,
,8210,,,0,113.164632,,,,,,,176,64,111,,,,,1,1,0,,,,,,,,,,,,,,,,,,,,,
,8211,,,0,113.175048,,,,,,,176,64,109,,,,,1,1,0,,,,,,,,,,,,,,,,,,,,,
,8212,,,0,113.185464,,,,,,,176,64,111,,,,,1,1,0,,,,,,,,,,,,,,,,,,,,,
,8213,,,0,113.216712,,,,,,,176,64,110,,,,,1,1,0,,,,,,,,,,,,,,,,,,,,,
,8214,,,0,113.234940,,,,,,,176,64,111,,,,,1,1,0,,,,,,,,,,,,,,,,,,,,,
,8215,,,0,113.245356,,,,,,,176,64,110,,,,,1,1,0,,,,,,,,,,,,,,,,,,,,,
,8216,,,0,113.255772,,,,,,,176,64,111,,,,,1,1,0,,,,,,,,,,,,,,,,,,,,,
,8217,,,0,113.287020,,,,,,,176,64,109,,,,,1,1,0,,,,,,,,,,,,,,,,,,,,,
,8218,,,0,113.294832,,,,,,,176,64,111,,,,,1,1,0,,,,,,,,,,,,,,,,,,,,,
,8219,,,0,113.305248,,,,,,,176,64,110,,,,,1,1,0,,,,,,,,,,,,,,,,,,,,,
,8220,,,0,113.326080,,,,,,,176,64,111,,,,,1,1,0,,,,,,,,,,,,,,,,,,,,,
,8221,,,0,113.346912,,,,,,,176,64,110,,,,,1,1,0,,,,,,,,,,,,,,,,,,,,,
,8222,,,0,113.365140,,,,,,,176,64,111,,,,,1,1,0,,,,,,,,,,,,,,,,,,,,,
,8223,,,0,113.375556,,,,,,,176,64,110,,,,,1,1,0,,,,,,,,,,,,,,,,,,,,,
,8224,,,0,113.385972,,,,,,,176,64,111,,,,,1,1,0,,,,,,,,,,,,,,,,,,,,,
,8225,,,0,113.414616,,,,,,,176,64,110,,,,,1,1,0,,,,,,,,,,,,,,,,,,,,,
,8226,,,0,113.425032,,,,,,,176,64,111,,,,,1,1,0,,,,,,,,,,,,,,,,,,,,,
,8227,,,0,113.487528,,,,,,,176,64,110,,,,,1,1,0,,,,,,,,,,,,,,,,,,,,,
,8228,,,0,113.495340,,,,,,,176,64,111,,,,,1,1,0,,,,,,,,,,,,,,,,,,,,,
,8229,,,0,113.526588,,,,,,,176,64,110,,,,,1,1,0,,,,,,,,,,,,,,,,,,,,,
,8230,,,0,113.544816,,,,,,,176,64,111,,,,,1,1,0,,,,,,,,,,,,,,,,,,,,,
,8231,,,0,113.565648,,,,,,,176,64,110,,,,,1,1,0,,,,,,,,,,,,,,,,,,,,,
,8232,,,0,113.586480,,,,,,,176,64,111,,,,,1,1,0,,,,,,,,,,,,,,,,,,,,,
,8233,,,0,113.596896,,,,,,,176,64,110,,,,,1,1,0,,,,,,,,,,,,,,,,,,,,,
,8234,,,0,113.604708,,,,,,,176,64,111,,,,,1,1,0,,,,,,,,,,,,,,,,,,,,,
,8235,,,0,113.638560,,,,,,,176,64,110,,,,,1,1,0,,,,,,,,,,,,,,,,,,,,,
,8236,,,0,113.659392,,,,,,,176,64,109,,,,,1,1,0,,,,,,,,,,,,,,,,,,,,,
,8237,,,0,113.664600,,,,,,,176,64,110,,,,,1,1,0,,,,,,,,,,,,,,,,,,,,,
,8238,,,0,113.675016,,,,,,,176,64,111,,,,,1,1,0,,,,,,,,,,,,,,,,,,,,,
,8239,,,0,113.729700,,,,,,,176,64,110,,,,,1,1,0,,,,,,,,,,,,,,,,,,,,,
,8240,,,0,113.737512,,,,,,,176,64,111,,,,,1,1,0,,,,,,,,,,,,,,,,,,,,,
,8241,,,0,113.745324,,,,,,,176,64,110,,,,,1,1,0,,,,,,,,,,,,,,,,,,,,,
,8242,,,0,113.776572,,,,,,,176,64,111,,,,,1,1,0,,,,,,,,,,,,,,,,,,,,,
,8243,,,0,113.836464,,,,,,,176,64,110,,,,,1,1,0,,,,,,,,,,,,,,,,,,,,,
,8244,,,0,113.846880,,,,,,,176,64,111,,,,,1,1,0,,,,,,,,,,,,,,,,,,,,,
,8245,,,0,113.854692,,,,,,,176,64,110,,,,,1,1,0,,,,,,,,,,,,,,,,,,,,,
,8246,,,0,113.906772,,,,,,,176,64,111,,,,,1,1,0,,,,,,,,,,,,,,,,,,,,,
,8247,,,0,113.935416,,,,,,,176,64,110,,,,,1,1,0,,,,,,,,,,,,,,,,,,,,,
,8248,,,0,113.956248,,,,,,,176,64,111,,,,,1,1,0,,,,,,,,,,,,,,,,,,,,,
,8249,,,0,113.984892,,,,,,,176,64,110,,,,,1,1,0,,,,,,,,,,,,,,,,,,,,,
,8250,,,0,113.995308,,,,,,,176,64,111,,,,,1,1,0,,,,,,,,,,,,,,,,,,,,,
,8251,,,0,114.005724,,,,,,,176,64,109,,,,,1,1,0,,,,,,,,,,,,,,,,,,,,,
,8252,,,0,114.016140,,,,,,,176,64,111,,,,,1,1,0,,,,,,,,,,,,,,,,,,,,,
,8253,,,0,114.036972,,,,,,,176,64,110,,,,,1,1,0,,,,,,,,,,,,,,,,,,,,,
,8254,,,0,114.065616,,,,,,,176,64,111,,,,,1,1,0,,,,,,,,,,,,,,,,,,,,,
,8255,,,0,114.076032,,,,,,,176,64,110,,,,,1,1,0,,,,,,,,,,,,,,,,,,,,,
,8256,,,0,114.086448,,,,,,,176,64,111,,,,,1,1,0,,,,,,,,,,,,,,,,,,,,,
,8257,,,0,114.096864,,,,,,,176,64,110,,,,,1,1,0,,,,,,,,,,,,,,,,,,,,,
,8258,,,0,114.104676,,,,,,,176,64,111,,,,,1,1,0,,,,,,,,,,,,,,,,,,,,,
,8259,,,0,114.135924,,,,,,,176,64,110,,,,,1,1,0,,,,,,,,,,,,,,,,,,,,,
,8260,,,0,114.146340,,,,,,,176,64,111,,,,,1,1,0,,,,,,,,,,,,,,,,,,,,,
,8261,,,0,114.185400,,,,,,,176,64,110,,,,,1,1,0,,,,,,,,,,,,,,,,,,,,,
,8262,,,0,114.195816,,,,,,,176,64,111,,,,,1,1,0,,,,,,,,,,,,,,,,,,,,,
,8263,,,0,114.206232,,,,,,,176,64,110,,,,,1,1,0,,,,,,,,,,,,,,,,,,,,,
,8264,,,0,114.216648,,,,,,,176,64,111,,,,,1,1,0,,,,,,,,,,,,,,,,,,,,,
,8265,,,0,114.224460,,,,,,,176,64,110,,,,,1,1,0,,,,,,,,,,,,,,,,,,,,,
,8266,,,0,114.234876,,,,,,,176,64,111,,,,,1,1,0,,,,,,,,,,,,,,,,,,,,,
,8267,,,0,114.266124,,,,,,,176,64,110,,,,,1,1,0,,,,,,,,,,,,,,,,,,,,,
,8268,,,0,114.346848,,,,,,,176,64,111,,,,,1,1,0,,,,,,,,,,,,,,,,,,,,,
,8269,,,0,114.354660,,,,,,,176,64,110,,,,,1,1,0,,,,,,,,,,,,,,,,,,,,,
,8270,,,0,114.375492,,,,,,,176,64,111,,,,,1,1,0,,,,,,,,,,,,,,,,,,,,,
,8271,,,0,114.406740,,,,,,,176,64,110,,,,,1,1,0,,,,,,,,,,,,,,,,,,,,,
,8272,,,0,114.414552,,,,,,,176,64,111,,,,,1,1,0,,,,,,,,,,,,,,,,,,,,,
,8273,,,0,114.417156,,,,,,,128,62,0,,,,,1,1,0,,,,,,,,,,,,,,,,,,,,,
,8274,,,0,114.445800,,,,,,,176,64,110,,,,,1,1,0,,,,,,,,,,,,,,,,,,,,,
,8275,,,0,114.456216,,,,,,,176,64,111,,,,,1,1,0,,,,,,,,,,,,,,,,,,,,,
,8276,,,0,114.466632,,,,,,,176,64,110,,,,,1,1,0,,,,,,,,,,,,,,,,,,,,,
,8277,,,0,114.474444,,,,,,,176,64,111,,,,,1,1,0,,,,,,,,,,,,,,,,,,,,,
,8278,,,0,114.484860,,,,,,,176,64,110,,,,,1,1,0,,,,,,,,,,,,,,,,,,,,,
,8279,,,0,114.526524,,,,,,,176,64,111,,,,,1,1,0,,,,,,,,,,,,,,,,,,,,,
,8280,,,0,114.536940,,,,,,,176,64,110,,,,,1,1,0,,,,,,,,,,,,,,,,,,,,,
,8281,,,0,114.565584,,,,,,,176,64,111,,,,,1,1,0,,,,,,,,,,,,,,,,,,,,,
,8282,,,0,114.576000,,,,,,,176,64,110,,,,,1,1,0,,,,,,,,,,,,,,,,,,,,,
,8283,,,0,114.586416,,,,,,,176,64,111,,,,,1,1,0,,,,,,,,,,,,,,,,,,,,,
,8284,,,0,114.596832,,,,,,,176,64,110,,,,,1,1,0,,,,,,,,,,,,,,,,,,,,,
,8285,,,0,114.615060,,,,,,,176,64,111,,,,,1,1,0,,,,,,,,,,,,,,,,,,,,,
,8286,,,0,114.625476,,,,,,,176,64,110,,,,,1,1,0,,,,,,,,,,,,,,,,,,,,,
,8287,,,0,114.635892,,,,,,,176,64,111,,,,,1,1,0,,,,,,,,,,,,,,,,,,,,,
,8288,,,0,114.664536,,,,,,,176,64,110,,,,,1,1,0,,,,,,,,,,,,,,,,,,,,,
,8289,,,0,114.674952,,,,,,,176,64,111,,,,,1,1,0,,,,,,,,,,,,,,,,,,,,,
,8290,,,0,114.724428,,,,,,,176,64,110,,,,,1,1,0,,,,,,,,,,,,,,,,,,,,,
,8291,,,0,114.734844,,,,,,,176,64,111,,,,,1,1,0,,,,,,,,,,,,,,,,,,,,,
,8292,,,0,114.745260,,,,,,,176,64,110,,,,,1,1,0,,,,,,,,,,,,,,,,,,,,,
,8293,,,0,114.755676,,,,,,,176,64,111,,,,,1,1,0,,,,,,,,,,,,,,,,,,,,,
,8294,,,0,114.766092,,,,,,,176,64,110,,,,,1,1,0,,,,,,,,,,,,,,,,,,,,,
,8295,,,0,114.776508,,,,,,,176,64,111,,,,,1,1,0,,,,,,,,,,,,,,,,,,,,,
,8296,,,0,114.794736,,,,,,,176,64,110,,,,,1,1,0,,,,,,,,,,,,,,,,,,,,,
,8297,,,0,114.807756,,,,,,,176,64,111,,,,,1,1,0,,,,,,,,,,,,,,,,,,,,,
,8298,,,0,114.818172,,,,,,,176,64,110,,,,,1,1,0,,,,,,,,,,,,,,,,,,,,,
,8299,,,0,114.825984,,,,,,,176,64,111,,,,,1,1,0,,,,,,,,,,,,,,,,,,,,,
,8300,,,0,114.885876,,,,,,,176,64,110,,,,,1,1,0,,,,,,,,,,,,,,,,,,,,,
,8301,,,0,114.898896,,,,,,,176,64,111,,,,,1,1,0,,,,,,,,,,,,,,,,,,,,,
,8302,,,0,114.906708,,,,,,,176,64,109,,,,,1,1,0,,,,,,,,,,,,,,,,,,,,,
,8303,,,0,114.914520,,,,,,,176,64,111,,,,,1,1,0,,,,,,,,,,,,,,,,,,,,,
,8304,,,0,114.945768,,,,,,,176,64,109,,,,,1,1,0,,,,,,,,,,,,,,,,,,,,,
,8305,,,0,114.956184,,,,,,,176,64,111,,,,,1,1,0,,,,,,,,,,,,,,,,,,,,,
,8306,,,0,115.005660,,,,,,,176,64,110,,,,,1,1,0,,,,,,,,,,,,,,,,,,,,,
,8307,,,0,115.044720,,,,,,,176,64,111,,,,,1,1,0,,,,,,,,,,,,,,,,,,,,,
,8308,,,0,115.115028,,,,,,,176,64,110,,,,,1,1,0,,,,,,,,,,,,,,,,,,,,,
,8309,,,0,115.135860,,,,,,,176,64,111,,,,,1,1,0,,,,,,,,,,,,,,,,,,,,,
,8310,,,0,115.164504,,,,,,,176,64,110,,,,,1,1,0,,,,,,,,,,,,,,,,,,,,,
,8311,,,0,115.167108,,,,,,,176,67,121,,,,,1,1,0,,,,,,,,,,,,,,,,,,,,,
,8312,,,0,115.174920,,,,,,,176,64,111,,,,,1,1,0,,,,,,,,,,,,,,,,,,,,,
,8313,,,0,115.177524,,,,,,,176,67,115,,,,,1,1,0,,,,,,,,,,,,,,,,,,,,,
,8314,,,0,115.185336,,,,,,,176,64,110,,,,,1,1,0,,,,,,,,,,,,,,,,,,,,,
,8315,,,0,115.187940,,,,,,,176,67,110,,,,,1,1,0,,,,,,,,,,,,,,,,,,,,,
,8316,,,0,115.195752,,,,,,,176,64,111,,,,,1,1,0,,,,,,,,,,,,,,,,,,,,,
,8317,,,0,115.195752,,,,,,,176,67,106,,,,,1,1,0,,,,,,,,,,,,,,,,,,,,,
,8318,,,0,115.206168,,,,,,,176,67,101,,,,,1,1,0,,,,,,,,,,,,,,,,,,,,,
,8319,,,0,115.216584,,,,,,,176,67,95,,,,,1,1,0,,,,,,,,,,,,,,,,,,,,,
,8320,,,0,115.224396,,,,,,,176,67,91,,,,,1,1,0,,,,,,,,,,,,,,,,,,,,,
,8321,,,0,115.234812,,,,,,,176,67,87,,,,,1,1,0,,,,,,,,,,,,,,,,,,,,,
,8322,,,0,115.247832,,,,,,,176,67,80,,,,,1,1,0,,,,,,,,,,,,,,,,,,,,,
,8323,,,0,115.250436,,,,,,,128,51,0,,,,,1,1,0,,,,,,,,,,,,,,,,,,,,,
,8324,,,0,115.255644,,,,,,,176,67,74,,,,,1,1,0,,,,,,,,,,,,,,,,,,,,,
,8325,,,0,115.266060,,,,,,,176,67,67,,,,,1,1,0,,,,,,,,,,,,,,,,,,,,,
,8326,,,0,115.276476,,,,,,,176,64,110,,,,,1,1,0,,,,,,,,,,,,,,,,,,,,,
,8327,,,0,115.276476,,,,,,,176,67,61,,,,,1,0,0,,,,,,,,,,,,,,,,,,,,,
,8328,,,0,115.284288,,,,,,,176,64,111,,,,,1,0,0,,,,,,,,,,,,,,,,,,,,,
,8329,,,0,115.286892,,,,,,,176,67,54,,,,,1,0,0,,,,,,,,,,,,,,,,,,,,,
,8330,,,0,115.294704,,,,,,,176,64,110,,,,,1,0,0,,,,,,,,,,,,,,,,,,,,,
,8331,,,0,115.297308,,,,,,,176,67,48,,,,,1,0,0,,,,,,,,,,,,,,,,,,,,,
,8332,,,0,115.305120,,,,,,,176,64,111,,,,,1,0,0,,,,,,,,,,,,,,,,,,,,,
,8333,,,0,115.307724,,,,,,,176,67,41,,,,,1,0,0,,,,,,,,,,,,,,,,,,,,,
,8334,,,0,115.310328,,,,,,,128,76,0,,,,,1,0,0,,,,,,,,,,,,,,,,,,,,,
,8335,,,0,115.315536,,,,,,,176,64,110,,,,,1,0,0,,,,,,,,,,,,,,,,,,,,,
,8336,,,0,115.315536,,,,,,,176,67,37,,,,,1,0,0,,,,,,,,,,,,,,,,,,,,,
,8337,,,0,115.325952,,,,,,,128,78,0,,,,,1,0,0,,,,,,,,,,,,,,,,,,,,,
,8338,,,0,115.325952,,,,,,,176,64,111,,,,,1,0,0,,,,,,,,,,,,,,,,,,,,,
,8339,,,0,115.328556,,,,,,,176,67,33,,,,,1,0,0,,,,,,,,,,,,,,,,,,,,,
,8340,,,0,115.336368,,,,,,,176,67,30,,,,,1,0,0,,,,,,,,,,,,,,,,,,,,,
,8341,,,0,115.346784,,,,,,,176,64,110,,,,,1,0,0,,,,,,,,,,,,,,,,,,,,,
,8342,,,0,115.346784,,,,,,,176,67,27,,,,,1,0,0,,,,,,,,,,,,,,,,,,,,,
,8343,,,0,115.365012,,,,,,,128,70,0,,,,,1,0,0,,,,,,,,,,,,,,,,,,,,,
,8344,,,0,115.365012,,,,,,,176,64,111,,,,,1,0,0,,,,,,,,,,,,,,,,,,,,,
,8345,,,0,115.396260,,,,,,,176,67,26,,,,,1,0,0,,,,,,,,,,,,,,,,,,,,,
,8346,,,0,115.406676,,,,,,,176,64,110,,,,,1,0,0,,,,,,,,,,,,,,,,,,,,,
,8347,,,0,115.406676,,,,,,,176,67,27,,,,,1,0,0,,,,,,,,,,,,,,,,,,,,,
,8348,,,0,115.414488,,,,,,,176,64,111,,,,,1,0,0,,,,,,,,,,,,,,,,,,,,,
,8349,,,0,115.424904,,,,,,,176,64,110,,,,,1,0,0,,,,,,,,,,,,,,,,,,,,,
,8350,,,0,115.427508,,,,,,,176,67,26,,,,,1,0,0,,,,,,,,,,,,,,,,,,,,,
,8351,,,0,115.435320,,,,,,,176,64,111,,,,,1,0,0,,,,,,,,,,,,,,,,,,,,,
,8352,,,0,115.445736,,,,,,,176,67,27,,,,,1,0,0,,,,,,,,,,,,,,,,,,,,,
,8353,,,0,115.456152,,,,,,,176,67,26,,,,,1,0,0,,,,,,,,,,,,,,,,,,,,,
,8354,,,0,115.466568,,,,,,,176,64,110,,,,,1,0,0,,,,,,,,,,,,,,,,,,,,,
,8355,,,0,115.466568,,,,,,,176,67,27,,,,,1,0,0,,,,,,,,,,,,,,,,,,,,,
,8356,,,0,115.476984,,,,,,,176,64,111,,,,,1,0,0,,,,,,,,,,,,,,,,,,,,,
,8357,,,0,115.476984,,,,,,,176,67,26,,,,,1,0,0,,,,,,,,,,,,,,,,,,,,,
,8358,,,0,115.484796,,,,,,,176,67,27,,,,,1,0,0,,,,,,,,,,,,,,,,,,,,,
,8359,,,0,115.505628,,,,,,,176,67,28,,,,,1,0,0,,,,,,,,,,,,,,,,,,,,,
,8360,,,0,115.518648,,,,,,,176,67,31,,,,,1,0,0,,,,,,,,,,,,,,,,,,,,,
,8361,,,0,115.526460,,,,,,,176,67,33,,,,,1,0,0,,,,,,,,,,,,,,,,,,,,,
,8362,,,0,115.685304,,,,,,,176,64,110,,,,,1,0,0,,,,,,,,,,,,,,,,,,,,,
,8363,,,0,115.695720,,,,,,,176,64,111,,,,,1,0,0,,,,,,,,,,,,,,,,,,,,,
,8364,,,0,115.734780,,,,,,,176,67,32,,,,,1,0,0,,,,,,,,,,,,,,,,,,,,,
,8365,,,0,115.745196,,,,,,,176,67,28,,,,,1,0,0,,,,,,,,,,,,,,,,,,,,,
,8366,,,0,115.755612,,,,,,,176,67,29,,,,,1,0,0,,,,,,,,,,,,,,,,,,,,,
,8367,,,0,115.776444,,,,,,,176,67,27,,,,,1,0,0,,,,,,,,,,,,,,,,,,,,,
,8368,,,0,115.794672,,,,,,,176,67,28,,,,,1,0,0,,,,,,,,,,,,,,,,,,,,,
,8369,,,0,115.805088,,,,,,,176,64,110,,,,,1,0,0,,,,,,,,,,,,,,,,,,,,,
,8370,,,0,115.807692,,,,,,,176,67,27,,,,,1,0,0,,,,,,,,,,,,,,,,,,,,,
,8371,,,0,115.825920,,,,,,,176,64,111,,,,,1,0,0,,,,,,,,,,,,,,,,,,,,,
,8372,,,0,115.854564,,,,,,,176,67,26,,,,,1,0,0,,,,,,,,,,,,,,,,,,,,,
,8373,,,0,115.875396,,,,,,,176,67,27,,,,,1,0,0,,,,,,,,,,,,,,,,,,,,,
,8374,,,0,115.885812,,,,,,,176,64,110,,,,,1,0,0,,,,,,,,,,,,,,,,,,,,,
,8375,,,0,115.885812,,,,,,,176,67,26,,,,,1,0,0,,,,,,,,,,,,,,,,,,,,,
,8376,,,0,115.896228,,,,,,,176,64,111,,,,,1,0,0,,,,,,,,,,,,,,,,,,,,,
,8377,,,0,115.906644,,,,,,,176,67,27,,,,,1,0,0,,,,,,,,,,,,,,,,,,,,,
,8378,,,0,115.914456,,,,,,,176,64,110,,,,,1,0,0,,,,,,,,,,,,,,,,,,,,,
,8379,,,0,115.924872,,,,,,,176,64,111,,,,,1,0,0,,,,,,,,,,,,,,,,,,,,,
,8380,,,0,115.945704,,,,,,,176,64,110,,,,,1,0,0,,,,,,,,,,,,,,,,,,,,,
,8381,,,0,115.956120,,,,,,,176,64,111,,,,,1,0,0,,,,,,,,,,,,,,,,,,,,,
,8382,,,0,115.984764,,,,,,,176,67,26,,,,,1,0,0,,,,,,,,,,,,,,,,,,,,,
,8383,,,0,115.995180,,,,,,,176,67,27,,,,,1,0,0,,,,,,,,,,,,,,,,,,,,,
,8384,,,0,116.005596,,,,,,,176,67,26,,,,,1,0,0,,,,,,,,,,,,,,,,,,,,,
,8385,,,0,116.016012,,,,,,,176,64,110,,,,,1,0,0,,,,,,,,,,,,,,,,,,,,,
,8386,,,0,116.016012,,,,,,,176,67,27,,,,,1,0,0,,,,,,,,,,,,,,,,,,,,,
,8387,,,0,116.026428,,,,,,,176,64,111,,,,,1,0,0,,,,,,,,,,,,,,,,,,,,,
,8388,,,0,116.065488,,,,,,,176,64,107,,,,,1,0,0,,,,,,,,,,,,,,,,,,,,,
,8389,,,0,116.075904,,,,,,,176,67,26,,,,,1,0,0,,,,,,,,,,,,,,,,,,,,,
,8390,,,0,116.086320,,,,,,,176,64,103,,,,,1,0,0,,,,,,,,,,,,,,,,,,,,,
,8391,,,0,116.086320,,,,,,,176,67,27,,,,,1,0,0,,,,,,,,,,,,,,,,,,,,,
,8392,,,0,116.096736,,,,,,,176,64,96,,,,,1,0,0,,,,,,,,,,,,,,,,,,,,,
,8393,,,0,116.104548,,,,,,,176,64,83,,,,,1,0,0,,,,,,,,,,,,,,,,,,,,,
,8394,,,0,116.114964,,,,,,,176,64,69,,,,,1,0,0,,,,,,,,,,,,,,,,,,,,,
,8395,,,0,116.125380,,,,,,,176,64,54,,,,,0,0,0,,,,,,,,,,,,,,,,,,,,,
,8396,,,0,116.135796,,,,,,,176,64,39,,,,,0,0,0,,,,,,,,,,,,,,,,,,,,,
,8397,,,0,116.146212,,,,,,,176,64,26,,,,,0,0,0,,,,,,,,,,,,,,,,,,,,,
,8398,,,0,116.146212,,,,,,,176,67,29,,,,,0,0,0,,,,,,,,,,,,,,,,,,,,,
,8399,,,0,116.156628,,,,,,,176,64,20,,,,,0,0,0,,,,,,,,,,,,,,,,,,,,,
,8400,,,0,116.156628,,,,,,,176,67,27,,,,,0,0,0,,,,,,,,,,,,,,,,,,,,,
,8401,,,0,116.167044,,,,,,,176,64,16,,,,,0,0,0,,,,,,,,,,,,,,,,,,,,,
,8402,,,0,116.185272,,,,,,,176,64,12,,,,,0,0,0,,,,,,,,,,,,,,,,,,,,,
,8403,,,0,116.216520,,,,,,,176,64,8,,,,,0,0,0,,,,,,,,,,,,,,,,,,,,,
,8404,,,0,116.216520,,,,,,,176,67,28,,,,,0,0,0,,,,,,,,,,,,,,,,,,,,,
,8405,,,0,116.237352,,,,,,,176,64,7,,,,,0,0,0,,,,,,,,,,,,,,,,,,,,,
,8406,,,0,116.247768,,,,,,,176,64,8,,,,,0,0,0,,,,,,,,,,,,,,,,,,,,,
,8407,,,0,116.255580,,,,,,,176,67,27,,,,,0,0,0,,,,,,,,,,,,,,,,,,,,,
,8408,,,0,116.265996,,,,,,,176,67,28,,,,,0,0,0,,,,,,,,,,,,,,,,,,,,,
,8409,,,0,116.276412,,,,,,,176,64,7,,,,,0,0,0,,,,,,,,,,,,,,,,,,,,,
,8410,,,0,116.276412,,,,,,,176,67,27,,,,,0,0,0,,,,,,,,,,,,,,,,,,,,,
,8411,,,0,116.286828,,,,,,,176,64,8,,,,,0,0,0,,,,,,,,,,,,,,,,,,,,,
,8412,,,0,116.294640,,,,,,,176,64,7,,,,,0,0,0,,,,,,,,,,,,,,,,,,,,,
,8413,,,0,116.305056,,,,,,,176,64,8,,,,,0,0,0,,,,,,,,,,,,,,,,,,,,,
,8414,,,0,116.315472,,,,,,,176,64,7,,,,,0,0,0,,,,,,,,,,,,,,,,,,,,,
,8415,,,0,116.325888,,,,,,,176,64,8,,,,,0,0,0,,,,,,,,,,,,,,,,,,,,,
,8416,,,0,116.375364,,,,,,,176,64,7,,,,,0,0,0,,,,,,,,,,,,,,,,,,,,,
,8417,,,0,116.375364,,,,,,,176,67,28,,,,,0,0,0,,,,,,,,,,,,,,,,,,,,,
,8418,,,0,116.385780,,,,,,,176,64,8,,,,,0,0,0,,,,,,,,,,,,,,,,,,,,,
,8419,,,0,116.385780,,,,,,,176,67,27,,,,,0,0,0,,,,,,,,,,,,,,,,,,,,,
,8420,,,0,116.396196,,,,,,,176,64,7,,,,,0,0,0,,,,,,,,,,,,,,,,,,,,,
,8421,,,0,116.406612,,,,,,,176,64,8,,,,,0,0,0,,,,,,,,,,,,,,,,,,,,,
,8422,,,0,116.484732,,,,,,,176,64,7,,,,,0,0,0,,,,,,,,,,,,,,,,,,,,,
,8423,,,0,116.505564,,,,,,,176,64,8,,,,,0,0,0,,,,,,,,,,,,,,,,,,,,,
,8424,,,0,116.526396,,,,,,,176,64,7,,,,,0,0,0,,,,,,,,,,,,,,,,,,,,,
,8425,,,0,116.544624,,,,,,,176,64,8,,,,,0,0,0,,,,,,,,,,,,,,,,,,,,,
,8426,,,0,116.555040,,,,,,,176,64,7,,,,,0,0,0,,,,,,,,,,,,,,,,,,,,,
,8427,,,0,116.565456,,,,,,,176,64,8,,,,,0,0,0,,,,,,,,,,,,,,,,,,,,,
,8428,,,0,116.575872,,,,,,,176,64,7,,,,,0,0,0,,,,,,,,,,,,,,,,,,,,,
,8429,,,0,116.586288,,,,,,,176,64,8,,,,,0,0,0,,,,,,,,,,,,,,,,,,,,,
,8430,,,0,116.596704,,,,,,,176,64,7,,,,,0,0,0,,,,,,,,,,,,,,,,,,,,,
,8431,,,0,116.635764,,,,,,,176,64,8,,,,,0,0,0,,,,,,,,,,,,,,,,,,,,,
322,8432,1,4637,0,116.638368,0.0,0.0,0,F#2,,14,144,42,74,,6016,,,0,0,0,0.7930572309341912,0.8368954960629922,1.0,0.0,1,0.012752,0.059688,0.023995475,0.01049573055815435,2.116071,3.96875,3.0250223249999997,0.4665343727013256,44.126667,74.567879,54.380925049999995,6.281751756483668,0.0,5.125,2.037076375,1.5213632161012323
,8433,,,0,116.664408,,,,,,,176,64,7,,,,,0,0,0,,,,,,,,,,,,,,,,,,,,,
,8434,,,0,116.700864,,,,,,,128,42,0,,,,,0,0,0,,,,,,,,,,,,,,,,,,,,,
,8435,,,0,116.706072,,,,,,,176,64,8,,,,,0,0,0,,,,,,,,,,,,,,,,,,,,,
,8436,,,0,116.734716,,,,,,,176,64,7,,,,,0,0,0,,,,,,,,,,,,,,,,,,,,,
,8437,,,0,116.745132,,,,,,,176,64,8,,,,,0,0,0,,,,,,,,,,,,,,,,,,,,,
,8438,,,0,116.755548,,,,,,,176,64,7,,,,,0,0,0,,,,,,,,,,,,,,,,,,,,,
322,8439,1,4638,0,116.755548,0.0,0.0,0,F#2,,24,144,42,127,,6016,,,0,0,0,0.7930572309341912,0.8368954960629922,1.0,0.0,1,0.012752,0.059688,0.023995475,0.01049573055815435,2.116071,3.96875,3.0250223249999997,0.4665343727013256,44.126667,74.567879,54.380925049999995,6.281751756483668,0.0,5.125,2.037076375,1.5213632161012323
322,8440,1,4638,0,116.758152,0.0,0.0,0,C3,,24,144,48,127,,6016,,,0,0,0,0.7930572309341912,0.8368954960629922,1.0,0.0,1,0.012752,0.059688,0.023995475,0.01049573055815435,2.116071,3.96875,3.0250223249999997,0.4665343727013256,44.126667,74.567879,54.380925049999995,6.281751756483668,0.0,5.125,2.037076375,1.5213632161012323
,8441,,,0,116.776380,,,,,,,176,64,8,,,,,0,0,0,,,,,,,,,,,,,,,,,,,,,
,8442,,,0,116.784192,,,,,,,176,67,26,,,,,0,0,0,,,,,,,,,,,,,,,,,,,,,
,8443,,,0,116.797212,,,,,,,176,67,27,,,,,0,0,0,,,,,,,,,,,,,,,,,,,,,
,8444,,,0,116.805024,,,,,,,176,64,7,,,,,0,0,0,,,,,,,,,,,,,,,,,,,,,
,8445,,,0,116.815440,,,,,,,176,64,8,,,,,0,0,0,,,,,,,,,,,,,,,,,,,,,
,8446,,,0,116.846688,,,,,,,176,64,7,,,,,0,0,0,,,,,,,,,,,,,,,,,,,,,
,8447,,,0,116.854500,,,,,,,176,64,8,,,,,0,0,0,,,,,,,,,,,,,,,,,,,,,
,8448,,,0,116.864916,,,,,,,176,64,7,,,,,0,0,0,,,,,,,,,,,,,,,,,,,,,
,8449,,,0,116.896164,,,,,,,176,64,8,,,,,0,0,0,,,,,,,,,,,,,,,,,,,,,
,8450,,,0,116.906580,,,,,,,176,67,26,,,,,0,0,0,,,,,,,,,,,,,,,,,,,,,
,8451,,,0,116.916996,,,,,,,176,67,27,,,,,0,0,0,,,,,,,,,,,,,,,,,,,,,
,8452,,,0,116.924808,,,,,,,176,64,7,,,,,0,0,0,,,,,,,,,,,,,,,,,,,,,
,8453,,,0,116.935224,,,,,,,176,64,8,,,,,0,0,0,,,,,,,,,,,,,,,,,,,,,
,8454,,,0,116.958660,,,,,,,176,64,7,,,,,0,0,0,,,,,,,,,,,,,,,,,,,,,
,8455,,,0,116.966472,,,,,,,176,64,8,,,,,0,0,0,,,,,,,,,,,,,,,,,,,,,
,8456,,,0,116.974284,,,,,,,176,64,7,,,,,0,0,0,,,,,,,,,,,,,,,,,,,,,
,8457,,,0,116.984700,,,,,,,176,64,8,,,,,0,0,0,,,,,,,,,,,,,,,,,,,,,
,8458,,,0,117.096672,,,,,,,176,64,7,,,,,0,0,0,,,,,,,,,,,,,,,,,,,,,
,8459,,,0,117.104484,,,,,,,176,64,8,,,,,0,0,0,,,,,,,,,,,,,,,,,,,,,
,8460,,,0,117.125316,,,,,,,176,64,7,,,,,0,0,0,,,,,,,,,,,,,,,,,,,,,
,8461,,,0,117.135732,,,,,,,176,64,8,,,,,0,0,0,,,,,,,,,,,,,,,,,,,,,
,8462,,,0,117.146148,,,,,,,176,64,7,,,,,0,0,0,,,,,,,,,,,,,,,,,,,,,
,8463,,,0,117.151356,,,,,,,128,48,0,,,,,0,0,0,,,,,,,,,,,,,,,,,,,,,
,8464,,,0,117.164376,,,,,,,176,64,8,,,,,0,0,0,,,,,,,,,,,,,,,,,,,,,
,8465,,,0,117.177396,,,,,,,128,42,0,,,,,0,0,0,,,,,,,,,,,,,,,,,,,,,
,8466,,,0,117.185208,,,,,,,176,64,7,,,,,0,0,0,,,,,,,,,,,,,,,,,,,,,
,8467,,,0,117.195624,,,,,,,176,64,8,,,,,0,0,0,,,,,,,,,,,,,,,,,,,,,
,8468,,,0,117.206040,,,,,,,176,64,7,,,,,0,0,0,,,,,,,,,,,,,,,,,,,,,
,8469,,,0,117.216456,,,,,,,176,64,8,,,,,0,0,0,,,,,,,,,,,,,,,,,,,,,
,8470,,,0,117.224268,,,,,,,176,67,26,,,,,0,0,0,,,,,,,,,,,,,,,,,,,,,
,8471,,,0,117.234684,,,,,,,176,64,7,,,,,0,0,0,,,,,,,,,,,,,,,,,,,,,
,8472,,,0,117.237288,,,,,,,176,67,27,,,,,0,0,0,,,,,,,,,,,,,,,,,,,,,
322,8473,1,4639,0,117.239892,0.0,0.0,0,C3,,24,144,48,127,,6016,,,0,0,0,0.7930572309341912,0.8368954960629922,1.0,0.0,1,0.012752,0.059688,0.023995475,0.01049573055815435,2.116071,3.96875,3.0250223249999997,0.4665343727013256,44.126667,74.567879,54.380925049999995,6.281751756483668,0.0,5.125,2.037076375,1.5213632161012323
322,8474,1,4639,0,117.242496,0.0,0.0,0,B2,,24,144,47,127,,6016,,,0,0,0,0.7930572309341912,0.8368954960629922,1.0,0.0,1,0.012752,0.059688,0.023995475,0.01049573055815435,2.116071,3.96875,3.0250223249999997,0.4665343727013256,44.126667,74.567879,54.380925049999995,6.281751756483668,0.0,5.125,2.037076375,1.5213632161012323
,8475,,,0,117.245100,,,,,,,176,64,8,,,,,0,0,0,,,,,,,,,,,,,,,,,,,,,
322,8476,1,4639,0,117.245100,0.0,0.0,0,F#2,,24,144,42,127,,6016,,,0,0,0,0.7930572309341912,0.8368954960629922,1.0,0.0,1,0.012752,0.059688,0.023995475,0.01049573055815435,2.116071,3.96875,3.0250223249999997,0.4665343727013256,44.126667,74.567879,54.380925049999995,6.281751756483668,0.0,5.125,2.037076375,1.5213632161012323
,8477,,,0,117.265932,,,,,,,176,64,7,,,,,0,0,0,,,,,,,,,,,,,,,,,,,,,
,8478,,,0,117.276348,,,,,,,176,64,8,,,,,0,0,0,,,,,,,,,,,,,,,,,,,,,
,8479,,,0,117.304992,,,,,,,176,64,7,,,,,0,0,0,,,,,,,,,,,,,,,,,,,,,
,8480,,,0,117.315408,,,,,,,176,64,8,,,,,0,0,0,,,,,,,,,,,,,,,,,,,,,
,8481,,,0,117.325824,,,,,,,176,64,7,,,,,0,0,0,,,,,,,,,,,,,,,,,,,,,
,8482,,,0,117.331032,,,,,,,128,48,0,,,,,0,0,0,,,,,,,,,,,,,,,,,,,,,
,8483,,,0,117.338844,,,,,,,128,42,0,,,,,0,0,0,,,,,,,,,,,,,,,,,,,,,
,8484,,,0,117.346656,,,,,,,176,64,8,,,,,0,0,0,,,,,,,,,,,,,,,,,,,,,
,8485,,,0,117.354468,,,,,,,176,64,7,,,,,0,0,0,,,,,,,,,,,,,,,,,,,,,
,8486,,,0,117.364884,,,,,,,176,64,8,,,,,0,0,0,,,,,,,,,,,,,,,,,,,,,
,8487,,,0,117.372696,,,,,,,128,47,0,,,,,0,0,0,,,,,,,,,,,,,,,,,,,,,
,8488,,,0,117.466440,,,,,,,176,64,11,,,,,0,0,0,,,,,,,,,,,,,,,,,,,,,
,8489,,,0,117.474252,,,,,,,176,64,12,,,,,0,0,0,,,,,,,,,,,,,,,,,,,,,
,8490,,,0,117.487272,,,,,,,176,64,14,,,,,0,0,0,,,,,,,,,,,,,,,,,,,,,
,8491,,,0,117.495084,,,,,,,176,64,18,,,,,0,0,0,,,,,,,,,,,,,,,,,,,,,
,8492,,,0,117.505500,,,,,,,176,64,19,,,,,0,0,0,,,,,,,,,,,,,,,,,,,,,
,8493,,,0,117.515916,,,,,,,176,64,23,,,,,0,0,0,,,,,,,,,,,,,,,,,,,,,
,8494,,,0,117.526332,,,,,,,176,64,24,,,,,0,0,0,,,,,,,,,,,,,,,,,,,,,
,8495,,,0,117.534144,,,,,,,176,64,25,,,,,0,0,0,,,,,,,,,,,,,,,,,,,,,
,8496,,,0,117.544560,,,,,,,176,64,27,,,,,0,0,0,,,,,,,,,,,,,,,,,,,,,
,8497,,,0,117.547164,,,,,,,176,67,26,,,,,0,0,0,,,,,,,,,,,,,,,,,,,,,
,8498,,,0,117.554976,,,,,,,176,64,28,,,,,0,0,0,,,,,,,,,,,,,,,,,,,,,
,8499,,,0,117.557580,,,,,,,176,67,27,,,,,0,0,0,,,,,,,,,,,,,,,,,,,,,
,8500,,,0,117.565392,,,,,,,176,64,31,,,,,0,0,0,,,,,,,,,,,,,,,,,,,,,
,8501,,,0,117.578412,,,,,,,176,64,35,,,,,0,0,0,,,,,,,,,,,,,,,,,,,,,
,8502,,,0,117.578412,,,,,,,176,67,26,,,,,0,0,0,,,,,,,,,,,,,,,,,,,,,
,8503,,,0,117.586224,,,,,,,176,64,41,,,,,0,0,0,,,,,,,,,,,,,,,,,,,,,
,8504,,,0,117.588828,,,,,,,176,67,27,,,,,0,0,0,,,,,,,,,,,,,,,,,,,,,
,8505,,,0,117.596640,,,,,,,176,64,46,,,,,0,0,0,,,,,,,,,,,,,,,,,,,,,
,8506,,,0,117.596640,,,,,,,176,67,26,,,,,0,0,0,,,,,,,,,,,,,,,,,,,,,
,8507,,,0,117.604452,,,,,,,176,64,53,,,,,0,0,0,,,,,,,,,,,,,,,,,,,,,
,8508,,,0,117.607056,,,,,,,176,67,27,,,,,0,0,0,,,,,,,,,,,,,,,,,,,,,
,8509,,,0,117.614868,,,,,,,176,64,63,,,,,0,0,0,,,,,,,,,,,,,,,,,,,,,
,8510,,,0,117.625284,,,,,,,176,64,71,,,,,1,0,0,,,,,,,,,,,,,,,,,,,,,
,8511,,,0,117.635700,,,,,,,176,64,82,,,,,1,0,0,,,,,,,,,,,,,,,,,,,,,
,8512,,,0,117.646116,,,,,,,176,64,92,,,,,1,0,0,,,,,,,,,,,,,,,,,,,,,
,8513,,,0,117.646116,,,,,,,176,67,26,,,,,1,0,0,,,,,,,,,,,,,,,,,,,,,
,8514,,,0,117.656532,,,,,,,176,64,101,,,,,1,0,0,,,,,,,,,,,,,,,,,,,,,
,8515,,,0,117.666948,,,,,,,176,64,109,,,,,1,0,0,,,,,,,,,,,,,,,,,,,,,
,8516,,,0,117.669552,,,,,,,176,67,27,,,,,1,0,0,,,,,,,,,,,,,,,,,,,,,
,8517,,,0,117.674760,,,,,,,176,64,111,,,,,1,0,0,,,,,,,,,,,,,,,,,,,,,
,8518,,,0,117.677364,,,,,,,176,67,26,,,,,1,0,0,,,,,,,,,,,,,,,,,,,,,
,8519,,,0,117.695592,,,,,,,176,67,27,,,,,1,0,0,,,,,,,,,,,,,,,,,,,,,
,8520,,,0,117.807564,,,,,,,176,64,110,,,,,1,0,0,,,,,,,,,,,,,,,,,,,,,
,8521,,,0,117.815376,,,,,,,176,64,111,,,,,1,0,0,,,,,,,,,,,,,,,,,,,,,
,8522,,,0,117.896100,,,,,,,176,67,26,,,,,1,0,0,,,,,,,,,,,,,,,,,,,,,
,8523,,,0,117.906516,,,,,,,176,67,27,,,,,1,0,0,,,,,,,,,,,,,,,,,,,,,
,8524,,,0,117.924744,,,,,,,176,64,110,,,,,1,0,0,,,,,,,,,,,,,,,,,,,,,
,8525,,,0,117.935160,,,,,,,176,64,111,,,,,1,0,0,,,,,,,,,,,,,,,,,,,,,
,8526,,,0,117.935160,,,,,,,176,67,26,,,,,1,0,0,,,,,,,,,,,,,,,,,,,,,
,8527,,,0,117.945576,,,,,,,176,67,27,,,,,1,0,0,,,,,,,,,,,,,,,,,,,,,
,8528,,,0,117.984636,,,,,,,176,64,110,,,,,1,0,0,,,,,,,,,,,,,,,,,,,,,
,8529,,,0,118.005468,,,,,,,176,64,111,,,,,1,0,0,,,,,,,,,,,,,,,,,,,,,
,8530,,,0,118.054944,,,,,,,176,64,110,,,,,1,0,0,,,,,,,,,,,,,,,,,,,,,
,8531,,,0,118.065360,,,,,,,176,64,111,,,,,1,0,0,,,,,,,,,,,,,,,,,,,,,
,8532,,,0,118.065360,,,,,,,176,67,26,,,,,1,0,0,,,,,,,,,,,,,,,,,,,,,
,8533,,,0,118.075776,,,,,,,176,64,110,,,,,1,0,0,,,,,,,,,,,,,,,,,,,,,
,8534,,,0,118.086192,,,,,,,176,64,111,,,,,1,0,0,,,,,,,,,,,,,,,,,,,,,
,8535,,,0,118.086192,,,,,,,176,67,27,,,,,1,0,0,,,,,,,,,,,,,,,,,,,,,
,8536,,,0,118.104420,,,,,,,176,64,110,,,,,1,0,0,,,,,,,,,,,,,,,,,,,,,
,8537,,,0,118.114836,,,,,,,176,64,111,,,,,1,0,0,,,,,,,,,,,,,,,,,,,,,
,8538,,,0,118.117440,,,,,,,176,67,26,,,,,1,0,0,,,,,,,,,,,,,,,,,,,,,
,8539,,,0,118.125252,,,,,,,176,67,27,,,,,1,0,0,,,,,,,,,,,,,,,,,,,,,
,8540,,,0,118.135668,,,,,,,176,67,26,,,,,1,0,0,,,,,,,,,,,,,,,,,,,,,
,8541,,,0,118.146084,,,,,,,176,67,27,,,,,1,0,0,,,,,,,,,,,,,,,,,,,,,
,8542,,,0,118.156500,,,,,,,176,67,26,,,,,1,0,0,,,,,,,,,,,,,,,,,,,,,
,8543,,,0,118.164312,,,,,,,176,67,27,,,,,1,0,0,,,,,,,,,,,,,,,,,,,,,
,8544,,,0,118.174728,,,,,,,176,67,26,,,,,1,0,0,,,,,,,,,,,,,,,,,,,,,
,8545,,,0,118.185144,,,,,,,176,64,110,,,,,1,0,0,,,,,,,,,,,,,,,,,,,,,
,8546,,,0,118.185144,,,,,,,176,67,27,,,,,1,0,0,,,,,,,,,,,,,,,,,,,,,
,8547,,,0,118.195560,,,,,,,176,64,111,,,,,1,0,0,,,,,,,,,,,,,,,,,,,,,
,8548,,,0,118.205976,,,,,,,176,67,26,,,,,1,0,0,,,,,,,,,,,,,,,,,,,,,
,8549,,,0,118.216392,,,,,,,176,64,110,,,,,1,0,0,,,,,,,,,,,,,,,,,,,,,
,8550,,,0,118.216392,,,,,,,176,67,27,,,,,1,0,0,,,,,,,,,,,,,,,,,,,,,
,8551,,,0,118.224204,,,,,,,176,64,111,,,,,1,0,0,,,,,,,,,,,,,,,,,,,,,
,8552,,,0,118.245036,,,,,,,176,67,26,,,,,1,0,0,,,,,,,,,,,,,,,,,,,,,
,8553,,,0,118.255452,,,,,,,176,67,27,,,,,1,0,0,,,,,,,,,,,,,,,,,,,,,
,8554,,,0,118.276284,,,,,,,176,64,110,,,,,1,0,0,,,,,,,,,,,,,,,,,,,,,
,8555,,,0,118.284096,,,,,,,176,64,111,,,,,1,0,0,,,,,,,,,,,,,,,,,,,,,
,8556,,,0,118.315344,,,,,,,176,64,110,,,,,1,0,0,,,,,,,,,,,,,,,,,,,,,
,8557,,,0,118.325760,,,,,,,176,64,111,,,,,1,0,0,,,,,,,,,,,,,,,,,,,,,
,8558,,,0,118.325760,,,,,,,176,67,26,,,,,1,0,0,,,,,,,,,,,,,,,,,,,,,
,8559,,,0,118.336176,,,,,,,176,67,27,,,,,1,0,0,,,,,,,,,,,,,,,,,,,,,
,8560,,,0,118.414296,,,,,,,176,67,26,,,,,1,0,0,,,,,,,,,,,,,,,,,,,,,
,8561,,,0,118.424712,,,,,,,176,67,27,,,,,1,0,0,,,,,,,,,,,,,,,,,,,,,
,8562,,,0,118.445544,,,,,,,176,64,106,,,,,1,0,0,,,,,,,,,,,,,,,,,,,,,
322,8563,1,4640,0,118.445544,0.0,0.0,0,D4,,24,144,62,127,,6016,,,1,0,0,0.7930572309341912,0.8368954960629922,1.0,0.0,1,0.012752,0.059688,0.023995475,0.01049573055815435,2.116071,3.96875,3.0250223249999997,0.4665343727013256,44.126667,74.567879,54.380925049999995,6.281751756483668,0.0,5.125,2.037076375,1.5213632161012323
,8564,,,0,118.455960,,,,,,,176,64,97,,,,,1,0,0,,,,,,,,,,,,,,,,,,,,,
,8565,,,0,118.466376,,,,,,,176,64,78,,,,,1,0,0,,,,,,,,,,,,,,,,,,,,,
,8566,,,0,118.466376,,,,,,,176,67,26,,,,,1,0,0,,,,,,,,,,,,,,,,,,,,,
,8567,,,0,118.476792,,,,,,,176,64,52,,,,,0,0,0,,,,,,,,,,,,,,,,,,,,,
,8568,,,0,118.476792,,,,,,,176,67,27,,,,,0,0,0,,,,,,,,,,,,,,,,,,,,,
,8569,,,0,118.484604,,,,,,,176,64,22,,,,,0,0,0,,,,,,,,,,,,,,,,,,,,,
,8570,,,0,118.495020,,,,,,,176,64,12,,,,,0,0,0,,,,,,,,,,,,,,,,,,,,,
,8571,,,0,118.534080,,,,,,,176,64,15,,,,,0,0,0,,,,,,,,,,,,,,,,,,,,,
,8572,,,0,118.544496,,,,,,,176,64,19,,,,,0,0,0,,,,,,,,,,,,,,,,,,,,,
322,8573,1,4641,0,118.552308,0.0,0.0,0,A#0,,24,144,22,127,,6016,,,0,0,0,0.7930572309341912,0.8368954960629922,1.0,0.0,1,0.012752,0.059688,0.023995475,0.01049573055815435,2.116071,3.96875,3.0250223249999997,0.4665343727013256,44.126667,74.567879,54.380925049999995,6.281751756483668,0.0,5.125,2.037076375,1.5213632161012323
,8574,,,0,118.554912,,,,,,,176,64,23,,,,,0,0,0,,,,,,,,,,,,,,,,,,,,,
,8575,,,0,118.565328,,,,,,,176,64,27,,,,,0,0,0,,,,,,,,,,,,,,,,,,,,,
,8576,,,0,118.575744,,,,,,,176,64,31,,,,,0,0,0,,,,,,,,,,,,,,,,,,,,,
,8577,,,0,118.586160,,,,,,,176,64,37,,,,,0,0,0,,,,,,,,,,,,,,,,,,,,,
,8578,,,0,118.586160,,,,,,,128,62,0,,,,,0,0,0,,,,,,,,,,,,,,,,,,,,,
,8579,,,0,118.593972,,,,,,,176,64,49,,,,,0,0,0,,,,,,,,,,,,,,,,,,,,,
,8580,,,0,118.596576,,,,,,,176,67,26,,,,,0,0,0,,,,,,,,,,,,,,,,,,,,,
,8581,,,0,118.604388,,,,,,,176,64,66,,,,,1,0,0,,,,,,,,,,,,,,,,,,,,,
,8582,,,0,118.606992,,,,,,,176,67,27,,,,,1,0,0,,,,,,,,,,,,,,,,,,,,,
,8583,,,0,118.614804,,,,,,,176,64,86,,,,,1,0,0,,,,,,,,,,,,,,,,,,,,,
,8584,,,0,118.617408,,,,,,,176,67,26,,,,,1,0,0,,,,,,,,,,,,,,,,,,,,,
,8585,,,0,118.625220,,,,,,,176,64,106,,,,,1,0,0,,,,,,,,,,,,,,,,,,,,,
,8586,,,0,118.625220,,,,,,,176,67,27,,,,,1,0,0,,,,,,,,,,,,,,,,,,,,,
,8587,,,0,118.635636,,,,,,,176,64,118,,,,,1,0,0,,,,,,,,,,,,,,,,,,,,,
,8588,,,0,118.635636,,,,,,,176,67,26,,,,,1,0,0,,,,,,,,,,,,,,,,,,,,,
,8589,,,0,118.646052,,,,,,,176,64,115,,,,,1,0,0,,,,,,,,,,,,,,,,,,,,,
,8590,,,0,118.646052,,,,,,,176,67,27,,,,,1,0,0,,,,,,,,,,,,,,,,,,,,,
,8591,,,0,118.656468,,,,,,,176,64,111,,,,,1,0,0,,,,,,,,,,,,,,,,,,,,,
,8592,,,0,118.674696,,,,,,,176,64,114,,,,,1,0,0,,,,,,,,,,,,,,,,,,,,,
,8593,,,0,118.677300,,,,,,,176,67,26,,,,,1,0,0,,,,,,,,,,,,,,,,,,,,,
,8594,,,0,118.685112,,,,,,,176,64,111,,,,,1,0,0,,,,,,,,,,,,,,,,,,,,,
,8595,,,0,118.685112,,,,,,,176,67,27,,,,,1,0,0,,,,,,,,,,,,,,,,,,,,,
,8596,,,0,118.716360,,,,,,,176,67,26,,,,,1,0,0,,,,,,,,,,,,,,,,,,,,,
,8597,,,0,118.724172,,,,,,,176,67,27,,,,,1,0,0,,,,,,,,,,,,,,,,,,,,,
,8598,,,0,118.734588,,,,,,,176,67,26,,,,,1,0,0,,,,,,,,,,,,,,,,,,,,,
,8599,,,0,118.745004,,,,,,,176,67,27,,,,,1,0,0,,,,,,,,,,,,,,,,,,,,,
322,8600,1,4642,0,118.750212,0.0,0.0,0,F#1,,24,144,30,127,,6016,,,1,0,0,0.7930572309341912,0.8368954960629922,1.0,0.0,1,0.012752,0.059688,0.023995475,0.01049573055815435,2.116071,3.96875,3.0250223249999997,0.4665343727013256,44.126667,74.567879,54.380925049999995,6.281751756483668,0.0,5.125,2.037076375,1.5213632161012323
,8601,,,0,118.815312,,,,,,,176,67,26,,,,,1,0,0,,,,,,,,,,,,,,,,,,,,,
,8602,,,0,118.820520,,,,,,,128,22,0,,,,,1,0,0,,,,,,,,,,,,,,,,,,,,,
,8603,,,0,118.828332,,,,,,,176,64,110,,,,,1,0,0,,,,,,,,,,,,,,,,,,,,,
,8604,,,0,118.828332,,,,,,,176,67,27,,,,,1,0,0,,,,,,,,,,,,,,,,,,,,,
,8605,,,0,118.836144,,,,,,,176,64,111,,,,,1,0,0,,,,,,,,,,,,,,,,,,,,,
,8606,,,0,118.851768,,,,,,,128,30,0,,,,,1,0,0,,,,,,,,,,,,,,,,,,,,,
,8607,,,0,118.875204,,,,,,,176,64,110,,,,,1,0,0,,,,,,,,,,,,,,,,,,,,,
,8608,,,0,118.885620,,,,,,,176,64,111,,,,,1,0,0,,,,,,,,,,,,,,,,,,,,,
,8609,,,0,118.916868,,,,,,,176,67,26,,,,,1,0,0,,,,,,,,,,,,,,,,,,,,,
,8610,,,0,118.927284,,,,,,,176,67,27,,,,,1,0,0,,,,,,,,,,,,,,,,,,,,,
,8611,,,0,118.935096,,,,,,,176,64,110,,,,,1,0,0,,,,,,,,,,,,,,,,,,,,,
,8612,,,0,118.935096,,,,,,,176,67,26,,,,,1,0,0,,,,,,,,,,,,,,,,,,,,,
,8613,,,0,118.945512,,,,,,,176,64,111,,,,,1,0,0,,,,,,,,,,,,,,,,,,,,,
,8614,,,0,118.945512,,,,,,,176,67,27,,,,,1,0,0,,,,,,,,,,,,,,,,,,,,,
,8615,,,0,118.966344,,,,,,,176,67,26,,,,,1,0,0,,,,,,,,,,,,,,,,,,,,,
,8616,,,0,118.974156,,,,,,,176,67,27,,,,,1,0,0,,,,,,,,,,,,,,,,,,,,,
322,8617,1,4643,0,118.981968,0.0,0.0,0,B1,,24,144,35,127,,6016,,,1,0,0,0.7930572309341912,0.8368954960629922,1.0,0.0,1,0.012752,0.059688,0.023995475,0.01049573055815435,2.116071,3.96875,3.0250223249999997,0.4665343727013256,44.126667,74.567879,54.380925049999995,6.281751756483668,0.0,5.125,2.037076375,1.5213632161012323
,8618,,,0,118.987176,,,,,,,176,67,26,,,,,1,0,0,,,,,,,,,,,,,,,,,,,,,
,8619,,,0,119.002800,,,,,,,176,67,27,,,,,1,0,0,,,,,,,,,,,,,,,,,,,,,
,8620,,,0,119.008008,,,,,,,176,67,26,,,,,1,0,0,,,,,,,,,,,,,,,,,,,,,
,8621,,,0,119.015820,,,,,,,176,67,27,,,,,1,0,0,,,,,,,,,,,,,,,,,,,,,
,8622,,,0,119.026236,,,,,,,176,67,26,,,,,1,0,0,,,,,,,,,,,,,,,,,,,,,
,8623,,,0,119.034048,,,,,,,176,67,27,,,,,1,0,0,,,,,,,,,,,,,,,,,,,,,
322,8624,1,4644,0,119.039256,0.0,0.0,0,C2,,24,144,36,127,,6016,,,1,0,0,0.7930572309341912,0.8368954960629922,1.0,0.0,1,0.012752,0.059688,0.023995475,0.01049573055815435,2.116071,3.96875,3.0250223249999997,0.4665343727013256,44.126667,74.567879,54.380925049999995,6.281751756483668,0.0,5.125,2.037076375,1.5213632161012323
,8625,,,0,119.052276,,,,,,,128,35,0,,,,,1,0,0,,,,,,,,,,,,,,,,,,,,,
,8626,,,0,119.104356,,,,,,,128,36,0,,,,,1,0,0,,,,,,,,,,,,,,,,,,,,,
322,8627,1,4645,0,119.135604,0.0,0.0,0,F#1,,20,144,30,106,,6016,,,1,0,0,0.7930572309341912,0.8368954960629922,1.0,0.0,1,0.012752,0.059688,0.023995475,0.01049573055815435,2.116071,3.96875,3.0250223249999997,0.4665343727013256,44.126667,74.567879,54.380925049999995,6.281751756483668,0.0,5.125,2.037076375,1.5213632161012323
,8628,,,0,119.135604,,,,,,,176,67,26,,,,,1,0,0,,,,,,,,,,,,,,,,,,,,,
,8629,,,0,119.146020,,,,,,,176,67,27,,,,,1,0,0,,,,,,,,,,,,,,,,,,,,,
,8630,,,0,119.174664,,,,,,,176,64,107,,,,,1,0,0,,,,,,,,,,,,,,,,,,,,,
,8631,,,0,119.185080,,,,,,,176,64,101,,,,,1,0,0,,,,,,,,,,,,,,,,,,,,,
,8632,,,0,119.195496,,,,,,,176,64,86,,,,,1,0,0,,,,,,,,,,,,,,,,,,,,,
,8633,,,0,119.205912,,,,,,,176,64,63,,,,,0,0,0,,,,,,,,,,,,,,,,,,,,,
,8634,,,0,119.216328,,,,,,,176,64,39,,,,,0,0,0,,,,,,,,,,,,,,,,,,,,,
,8635,,,0,119.224140,,,,,,,176,64,19,,,,,0,0,0,,,,,,,,,,,,,,,,,,,,,
,8636,,,0,119.237160,,,,,,,176,64,12,,,,,0,0,0,,,,,,,,,,,,,,,,,,,,,
322,8637,1,4646,0,119.263200,0.0,0.0,0,B1,,20,144,35,106,,6016,,,0,0,0,0.7930572309341912,0.8368954960629922,1.0,0.0,1,0.012752,0.059688,0.023995475,0.01049573055815435,2.116071,3.96875,3.0250223249999997,0.4665343727013256,44.126667,74.567879,54.380925049999995,6.281751756483668,0.0,5.125,2.037076375,1.5213632161012323
,8638,,,0,119.276220,,,,,,,176,64,9,,,,,0,0,0,,,,,,,,,,,,,,,,,,,,,
,8639,,,0,119.284032,,,,,,,176,64,10,,,,,0,0,0,,,,,,,,,,,,,,,,,,,,,
,8640,,,0,119.294448,,,,,,,176,64,8,,,,,0,0,0,,,,,,,,,,,,,,,,,,,,,
,8641,,,0,119.304864,,,,,,,176,64,11,,,,,0,0,0,,,,,,,,,,,,,,,,,,,,,
,8642,,,0,119.315280,,,,,,,176,64,12,,,,,0,0,0,,,,,,,,,,,,,,,,,,,,,
,8643,,,0,119.336112,,,,,,,176,64,15,,,,,0,0,0,,,,,,,,,,,,,,,,,,,,,
,8644,,,0,119.336112,,,,,,,176,67,32,,,,,0,0,0,,,,,,,,,,,,,,,,,,,,,
,8645,,,0,119.343924,,,,,,,176,64,19,,,,,0,0,0,,,,,,,,,,,,,,,,,,,,,
,8646,,,0,119.346528,,,,,,,176,67,33,,,,,0,0,0,,,,,,,,,,,,,,,,,,,,,
,8647,,,0,119.354340,,,,,,,176,64,23,,,,,0,0,0,,,,,,,,,,,,,,,,,,,,,
,8648,,,0,119.356944,,,,,,,176,67,34,,,,,0,0,0,,,,,,,,,,,,,,,,,,,,,
,8649,,,0,119.364756,,,,,,,176,64,27,,,,,0,0,0,,,,,,,,,,,,,,,,,,,,,
,8650,,,0,119.375172,,,,,,,128,30,0,,,,,0,0,0,,,,,,,,,,,,,,,,,,,,,
,8651,,,0,119.375172,,,,,,,176,64,31,,,,,0,0,0,,,,,,,,,,,,,,,,,,,,,
,8652,,,0,119.375172,,,,,,,176,67,39,,,,,0,0,0,,,,,,,,,,,,,,,,,,,,,
,8653,,,0,119.385588,,,,,,,176,64,34,,,,,0,0,0,,,,,,,,,,,,,,,,,,,,,
,8654,,,0,119.385588,,,,,,,176,67,40,,,,,0,0,0,,,,,,,,,,,,,,,,,,,,,
,8655,,,0,119.396004,,,,,,,176,64,35,,,,,0,0,0,,,,,,,,,,,,,,,,,,,,,
,8656,,,0,119.396004,,,,,,,176,67,43,,,,,0,0,0,,,,,,,,,,,,,,,,,,,,,
322,8657,1,4647,0,119.401212,0.0,0.0,0,C2,,20,144,36,106,,6016,,,0,0,0,0.7930572309341912,0.8368954960629922,1.0,0.0,1,0.012752,0.059688,0.023995475,0.01049573055815435,2.116071,3.96875,3.0250223249999997,0.4665343727013256,44.126667,74.567879,54.380925049999995,6.281751756483668,0.0,5.125,2.037076375,1.5213632161012323
,8658,,,0,119.406420,,,,,,,176,64,41,,,,,0,0,0,,,,,,,,,,,,,,,,,,,,,
,8659,,,0,119.406420,,,,,,,176,67,49,,,,,0,0,0,,,,,,,,,,,,,,,,,,,,,
,8660,,,0,119.414232,,,,,,,128,35,0,,,,,0,0,0,,,,,,,,,,,,,,,,,,,,,
,8661,,,0,119.414232,,,,,,,176,64,47,,,,,0,0,0,,,,,,,,,,,,,,,,,,,,,
,8662,,,0,119.416836,,,,,,,176,67,57,,,,,0,0,0,,,,,,,,,,,,,,,,,,,,,
,8663,,,0,119.424648,,,,,,,176,64,54,,,,,0,0,0,,,,,,,,,,,,,,,,,,,,,
,8664,,,0,119.427252,,,,,,,176,67,67,,,,,0,1,0,,,,,,,,,,,,,,,,,,,,,
,8665,,,0,119.435064,,,,,,,176,64,63,,,,,0,1,0,,,,,,,,,,,,,,,,,,,,,
,8666,,,0,119.437668,,,,,,,176,67,83,,,,,0,1,0,,,,,,,,,,,,,,,,,,,,,
,8667,,,0,119.445480,,,,,,,176,64,72,,,,,1,1,0,,,,,,,,,,,,,,,,,,,,,
,8668,,,0,119.445480,,,,,,,176,67,100,,,,,1,1,0,,,,,,,,,,,,,,,,,,,,,
,8669,,,0,119.455896,,,,,,,176,64,79,,,,,1,1,0,,,,,,,,,,,,,,,,,,,,,
,8670,,,0,119.455896,,,,,,,176,67,121,,,,,1,1,0,,,,,,,,,,,,,,,,,,,,,
,8671,,,0,119.466312,,,,,,,176,64,85,,,,,1,1,0,,,,,,,,,,,,,,,,,,,,,
,8672,,,0,119.466312,,,,,,,176,67,127,,,,,1,1,0,,,,,,,,,,,,,,,,,,,,,
,8673,,,0,119.474124,,,,,,,176,64,87,,,,,1,1,0,,,,,,,,,,,,,,,,,,,,,
,8674,,,0,119.494956,,,,,,,128,36,0,,,,,1,1,0,,,,,,,,,,,,,,,,,,,,,
322,8675,1,4648,0,119.549640,0.0,0.0,0,B1,,18,144,35,96,,6016,,,1,1,0,0.7930572309341912,0.8368954960629922,1.0,0.0,1,0.012752,0.059688,0.023995475,0.01049573055815435,2.116071,3.96875,3.0250223249999997,0.4665343727013256,44.126667,74.567879,54.380925049999995,6.281751756483668,0.0,5.125,2.037076375,1.5213632161012323
322,8676,1,4649,0,119.664216,0.0,0.0,0,C2,,16,144,36,85,,6016,,,1,1,0,0.7930572309341912,0.8368954960629922,1.0,0.0,1,0.012752,0.059688,0.023995475,0.01049573055815435,2.116071,3.96875,3.0250223249999997,0.4665343727013256,44.126667,74.567879,54.380925049999995,6.281751756483668,0.0,5.125,2.037076375,1.5213632161012323
,8677,,,0,119.674632,,,,,,,176,64,88,,,,,1,1,0,,,,,,,,,,,,,,,,,,,,,
,8678,,,0,119.695464,,,,,,,176,64,90,,,,,1,1,0,,,,,,,,,,,,,,,,,,,,,
,8679,,,0,119.705880,,,,,,,176,64,91,,,,,1,1,0,,,,,,,,,,,,,,,,,,,,,
,8680,,,0,119.716296,,,,,,,176,64,90,,,,,1,1,0,,,,,,,,,,,,,,,,,,,,,
,8681,,,0,119.724108,,,,,,,176,64,91,,,,,1,1,0,,,,,,,,,,,,,,,,,,,,,
,8682,,,0,119.734524,,,,,,,176,64,90,,,,,1,1,0,,,,,,,,,,,,,,,,,,,,,
,8683,,,0,119.737128,,,,,,,128,36,0,,,,,1,1,0,,,,,,,,,,,,,,,,,,,,,
,8684,,,0,119.744940,,,,,,,128,35,0,,,,,1,1,0,,,,,,,,,,,,,,,,,,,,,
,8685,,,0,119.744940,,,,,,,176,64,91,,,,,1,1,0,,,,,,,,,,,,,,,,,,,,,
322,8686,1,4651,0,119.932428,0.0,0.0,0,D5,,12,144,74,64,,6016,,,1,1,0,0.7930572309341912,0.8368954960629922,1.0,0.0,1,0.012752,0.059688,0.023995475,0.01049573055815435,2.116071,3.96875,3.0250223249999997,0.4665343727013256,44.126667,74.567879,54.380925049999995,6.281751756483668,0.0,5.125,2.037076375,1.5213632161012323
,8687,,,0,120.057420,,,,,,,128,74,0,,,,,1,1,0,,,,,,,,,,,,,,,,,,,,,
322,8688,1,4652,0,120.057420,0.0,0.0,0,A#0,,11,144,22,58,,6016,,,1,1,0,0.7930572309341912,0.8368954960629922,1.0,0.0,1,0.012752,0.059688,0.023995475,0.01049573055815435,2.116071,3.96875,3.0250223249999997,0.4665343727013256,44.126667,74.567879,54.380925049999995,6.281751756483668,0.0,5.125,2.037076375,1.5213632161012323
,8689,,,0,120.153768,,,,,,,128,22,0,,,,,1,1,0,,,,,,,,,,,,,,,,,,,,,
322,8690,1,4653,0,120.333444,0.0,0.0,0,F#1,,9,144,30,48,,6016,,,1,1,0,0.7930572309341912,0.8368954960629922,1.0,0.0,1,0.012752,0.059688,0.023995475,0.01049573055815435,2.116071,3.96875,3.0250223249999997,0.4665343727013256,44.126667,74.567879,54.380925049999995,6.281751756483668,0.0,5.125,2.037076375,1.5213632161012323
,8691,,,0,120.385524,,,,,,,176,64,90,,,,,1,1,0,,,,,,,,,,,,,,,,,,,,,
,8692,,,0,120.395940,,,,,,,176,64,87,,,,,1,1,0,,,,,,,,,,,,,,,,,,,,,
,8693,,,0,120.406356,,,,,,,176,64,84,,,,,1,1,0,,,,,,,,,,,,,,,,,,,,,
,8694,,,0,120.416772,,,,,,,176,64,78,,,,,1,1,0,,,,,,,,,,,,,,,,,,,,,
,8695,,,0,120.427188,,,,,,,176,64,70,,,,,1,1,0,,,,,,,,,,,,,,,,,,,,,
,8696,,,0,120.435000,,,,,,,176,64,61,,,,,0,1,0,,,,,,,,,,,,,,,,,,,,,
,8697,,,0,120.440208,,,,,,,128,30,0,,,,,0,1,0,,,,,,,,,,,,,,,,,,,,,
,8698,,,0,120.445416,,,,,,,176,64,53,,,,,0,1,0,,,,,,,,,,,,,,,,,,,,,
322,8699,1,4654,0,120.448020,0.0,0.0,0,C2,,7,144,36,37,,6016,,,0,1,0,0.7930572309341912,0.8368954960629922,1.0,0.0,1,0.012752,0.059688,0.023995475,0.01049573055815435,2.116071,3.96875,3.0250223249999997,0.4665343727013256,44.126667,74.567879,54.380925049999995,6.281751756483668,0.0,5.125,2.037076375,1.5213632161012323
,8700,,,0,120.455832,,,,,,,176,64,45,,,,,0,1,0,,,,,,,,,,,,,,,,,,,,,
,8701,,,0,120.466248,,,,,,,176,64,42,,,,,0,1,0,,,,,,,,,,,,,,,,,,,,,
,8702,,,0,120.474060,,,,,,,176,64,36,,,,,0,1,0,,,,,,,,,,,,,,,,,,,,,
,8703,,,0,120.484476,,,,,,,176,64,32,,,,,0,1,0,,,,,,,,,,,,,,,,,,,,,
,8704,,,0,120.494892,,,,,,,176,64,31,,,,,0,1,0,,,,,,,,,,,,,,,,,,,,,
,8705,,,0,120.505308,,,,,,,176,64,28,,,,,0,1,0,,,,,,,,,,,,,,,,,,,,,
,8706,,,0,120.515724,,,,,,,176,64,27,,,,,0,1,0,,,,,,,,,,,,,,,,,,,,,
,8707,,,0,120.531348,,,,,,,128,36,0,,,,,0,1,0,,,,,,,,,,,,,,,,,,,,,
322,8708,1,4655,0,120.541764,0.0,0.0,0,B1,,5,144,35,26,,6016,,,0,1,0,0.7930572309341912,0.8368954960629922,1.0,0.0,1,0.012752,0.059688,0.023995475,0.01049573055815435,2.116071,3.96875,3.0250223249999997,0.4665343727013256,44.126667,74.567879,54.380925049999995,6.281751756483668,0.0,5.125,2.037076375,1.5213632161012323
,8709,,,0,120.544368,,,,,,,176,64,24,,,,,0,1,0,,,,,,,,,,,,,,,,,,,,,
,8710,,,0,120.565200,,,,,,,176,64,20,,,,,0,1,0,,,,,,,,,,,,,,,,,,,,,
,8711,,,0,120.575616,,,,,,,176,64,19,,,,,0,1,0,,,,,,,,,,,,,,,,,,,,,
,8712,,,0,120.586032,,,,,,,176,64,16,,,,,0,1,0,,,,,,,,,,,,,,,,,,,,,
,8713,,,0,120.593844,,,,,,,176,64,15,,,,,0,1,0,,,,,,,,,,,,,,,,,,,,,
,8714,,,0,120.614676,,,,,,,176,64,16,,,,,0,1,0,,,,,,,,,,,,,,,,,,,,,
,8715,,,0,120.625092,,,,,,,176,64,14,,,,,0,1,0,,,,,,,,,,,,,,,,,,,,,
,8716,,,0,120.635508,,,,,,,176,64,12,,,,,0,1,0,,,,,,,,,,,,,,,,,,,,,
,8717,,,0,120.635508,,,,,,,128,35,0,,,,,0,1,0,,,,,,,,,,,,,,,,,,,,,
322,8718,1,4656,0,120.640716,0.0,0.0,0,C2,,5,144,36,26,,6016,,,0,1,0,0.7930572309341912,0.8368954960629922,1.0,0.0,1,0.012752,0.059688,0.023995475,0.01049573055815435,2.116071,3.96875,3.0250223249999997,0.4665343727013256,44.126667,74.567879,54.380925049999995,6.281751756483668,0.0,5.125,2.037076375,1.5213632161012323
,8719,,,0,120.684984,,,,,,,176,64,11,,,,,0,1,0,,,,,,,,,,,,,,,,,,,,,
,8720,,,0,120.695400,,,,,,,176,64,12,,,,,0,1,0,,,,,,,,,,,,,,,,,,,,,
,8721,,,0,120.716232,,,,,,,176,64,11,,,,,0,1,0,,,,,,,,,,,,,,,,,,,,,
,8722,,,0,120.734460,,,,,,,176,64,8,,,,,0,1,0,,,,,,,,,,,,,,,,,,,,,
,8723,,,0,120.737064,,,,,,,128,36,0,,,,,0,1,0,,,,,,,,,,,,,,,,,,,,,
,8724,,,0,120.744876,,,,,,,176,64,10,,,,,0,1,0,,,,,,,,,,,,,,,,,,,,,
,8725,,,0,120.755292,,,,,,,176,64,9,,,,,0,1,0,,,,,,,,,,,,,,,,,,,,,
,8726,,,0,120.765708,,,,,,,176,64,8,,,,,0,1,0,,,,,,,,,,,,,,,,,,,,,
,8727,,,0,120.776124,,,,,,,176,64,9,,,,,0,1,0,,,,,,,,,,,,,,,,,,,,,
,8728,,,0,120.783936,,,,,,,176,64,8,,,,,0,1,0,,,,,,,,,,,,,,,,,,,,,
,8729,,,0,120.804768,,,,,,,176,64,7,,,,,0,1,0,,,,,,,,,,,,,,,,,,,,,
,8730,,,0,120.815184,,,,,,,176,64,8,,,,,0,1,0,,,,,,,,,,,,,,,,,,,,,
,8731,,,0,120.843828,,,,,,,176,64,7,,,,,0,1,0,,,,,,,,,,,,,,,,,,,,,
,8732,,,0,120.854244,,,,,,,176,64,8,,,,,0,1,0,,,,,,,,,,,,,,,,,,,,,
322,8733,1,4657,0,120.859452,0.0,0.0,0,D6,,5,144,86,26,,6016,,,0,1,0,0.7930572309341912,0.8368954960629922,1.0,0.0,1,0.012752,0.059688,0.023995475,0.01049573055815435,2.116071,3.96875,3.0250223249999997,0.4665343727013256,44.126667,74.567879,54.380925049999995,6.281751756483668,0.0,5.125,2.037076375,1.5213632161012323
,8734,,,0,120.864660,,,,,,,176,64,7,,,,,0,1,0,,,,,,,,,,,,,,,,,,,,,
,8735,,,0,120.875076,,,,,,,176,64,8,,,,,0,1,0,,,,,,,,,,,,,,,,,,,,,
,8736,,,0,120.885492,,,,,,,176,64,7,,,,,0,1,0,,,,,,,,,,,,,,,,,,,,,
,8737,,,0,120.895908,,,,,,,176,64,8,,,,,0,1,0,,,,,,,,,,,,,,,,,,,,,
,8738,,,0,120.903720,,,,,,,176,64,7,,,,,0,1,0,,,,,,,,,,,,,,,,,,,,,
,8739,,,0,120.916740,,,,,,,176,64,8,,,,,0,1,0,,,,,,,,,,,,,,,,,,,,,
,8740,,,0,120.945384,,,,,,,176,64,7,,,,,0,1,0,,,,,,,,,,,,,,,,,,,,,
,8741,,,0,120.955800,,,,,,,176,64,8,,,,,0,1,0,,,,,,,,,,,,,,,,,,,,,
,8742,,,0,120.974028,,,,,,,176,64,7,,,,,0,1,0,,,,,,,,,,,,,,,,,,,,,
,8743,,,0,120.984444,,,,,,,176,64,8,,,,,0,1,0,,,,,,,,,,,,,,,,,,,,,
,8744,,,0,121.036524,,,,,,,176,64,7,,,,,0,1,0,,,,,,,,,,,,,,,,,,,,,
,8745,,,0,121.054752,,,,,,,176,64,8,,,,,0,1,0,,,,,,,,,,,,,,,,,,,,,
,8746,,,0,121.065168,,,,,,,176,64,7,,,,,0,1,0,,,,,,,,,,,,,,,,,,,,,
,8747,,,0,121.075584,,,,,,,176,64,8,,,,,0,1,0,,,,,,,,,,,,,,,,,,,,,
,8748,,,0,121.086000,,,,,,,176,64,7,,,,,0,1,0,,,,,,,,,,,,,,,,,,,,,
,8749,,,0,121.093812,,,,,,,176,64,8,,,,,0,1,0,,,,,,,,,,,,,,,,,,,,,
,8750,,,0,121.117248,,,,,,,176,64,7,,,,,0,1,0,,,,,,,,,,,,,,,,,,,,,
,8751,,,0,121.135476,,,,,,,176,64,8,,,,,0,1,0,,,,,,,,,,,,,,,,,,,,,
,8752,,,0,121.145892,,,,,,,176,64,7,,,,,0,1,0,,,,,,,,,,,,,,,,,,,,,
,8753,,,0,121.164120,,,,,,,176,64,8,,,,,0,1,0,,,,,,,,,,,,,,,,,,,,,
,8754,,,0,121.205784,,,,,,,176,64,7,,,,,0,1,0,,,,,,,,,,,,,,,,,,,,,
,8755,,,0,121.244844,,,,,,,176,64,8,,,,,0,1,0,,,,,,,,,,,,,,,,,,,,,
,8756,,,0,121.325568,,,,,,,176,64,7,,,,,0,1,0,,,,,,,,,,,,,,,,,,,,,
,8757,,,0,121.335984,,,,,,,176,64,8,,,,,0,1,0,,,,,,,,,,,,,,,,,,,,,
,8758,,,0,121.335984,,,,,,,128,86,0,,,,,0,1,0,,,,,,,,,,,,,,,,,,,,,
,8759,,,0,121.343796,,,,,,,176,64,7,,,,,0,1,0,,,,,,,,,,,,,,,,,,,,,
,8760,,,0,121.356816,,,,,,,176,64,8,,,,,0,1,0,,,,,,,,,,,,,,,,,,,,,
,8761,,,0,121.367232,,,,,,,176,64,7,,,,,0,1,0,,,,,,,,,,,,,,,,,,,,,
,8762,,,0,121.385460,,,,,,,176,64,8,,,,,0,1,0,,,,,,,,,,,,,,,,,,,,,
,8763,,,0,121.414104,,,,,,,176,64,7,,,,,0,1,0,,,,,,,,,,,,,,,,,,,,,
,8764,,,0,121.434936,,,,,,,176,64,8,,,,,0,1,0,,,,,,,,,,,,,,,,,,,,,
,8765,,,0,121.455768,,,,,,,176,64,7,,,,,0,1,0,,,,,,,,,,,,,,,,,,,,,
,8766,,,0,121.487016,,,,,,,176,64,8,,,,,0,1,0,,,,,,,,,,,,,,,,,,,,,
,8767,,,0,121.526076,,,,,,,176,64,7,,,,,0,1,0,,,,,,,,,,,,,,,,,,,,,
,8768,,,0,121.526076,,,,,,,176,67,123,,,,,0,1,0,,,,,,,,,,,,,,,,,,,,,
,8769,,,0,121.536492,,,,,,,176,64,8,,,,,0,1,0,,,,,,,,,,,,,,,,,,,,,
,8770,,,0,121.536492,,,,,,,176,67,104,,,,,0,1,0,,,,,,,,,,,,,,,,,,,,,
,8771,,,0,121.546908,,,,,,,176,64,7,,,,,0,1,0,,,,,,,,,,,,,,,,,,,,,
,8772,,,0,121.546908,,,,,,,176,67,85,,,,,0,1,0,,,,,,,,,,,,,,,,,,,,,
,8773,,,0,121.554720,,,,,,,176,64,8,,,,,0,1,0,,,,,,,,,,,,,,,,,,,,,
,8774,,,0,121.557324,,,,,,,176,67,69,,,,,0,1,0,,,,,,,,,,,,,,,,,,,,,
,8775,,,0,121.565136,,,,,,,176,67,52,,,,,0,0,0,,,,,,,,,,,,,,,,,,,,,
,8776,,,0,121.578156,,,,,,,176,64,7,,,,,0,0,0,,,,,,,,,,,,,,,,,,,,,
,8777,,,0,121.580760,,,,,,,176,67,35,,,,,0,0,0,,,,,,,,,,,,,,,,,,,,,
,8778,,,0,121.585968,,,,,,,176,64,8,,,,,0,0,0,,,,,,,,,,,,,,,,,,,,,
,8779,,,0,121.585968,,,,,,,176,67,22,,,,,0,0,0,,,,,,,,,,,,,,,,,,,,,
323,8780,1,4658,0,121.593780,0.0,0.0,0,A#6,,20,144,94,106,,6017,,,0,0,0,0.5054897978612001,0.649532693903397,,0.0,1,0.012113,0.126052,0.058813500000000005,0.023487078954182446,3.555556,7.133333,4.834027799999999,0.9224046947825342,0.0,0.0,0.0,0.0,0.0,5.125,2.0325891999999994,1.5237275178440568
,8781,,,0,121.593780,,,,,,,176,64,7,,,,,0,0,0,,,,,,,,,,,,,,,,,,,,,
,8782,,,0,121.596384,,,,,,,176,67,20,,,,,0,0,0,,,,,,,,,,,,,,,,,,,,,
,8783,,,0,121.614612,,,,,,,176,64,10,,,,,0,0,0,,,,,,,,,,,,,,,,,,,,,
,8784,,,0,121.625028,,,,,,,176,64,12,,,,,0,0,0,,,,,,,,,,,,,,,,,,,,,
,8785,,,0,121.635444,,,,,,,176,64,16,,,,,0,0,0,,,,,,,,,,,,,,,,,,,,,
,8786,,,0,121.645860,,,,,,,176,64,23,,,,,0,0,0,,,,,,,,,,,,,,,,,,,,,
,8787,,,0,121.653672,,,,,,,176,64,28,,,,,0,0,0,,,,,,,,,,,,,,,,,,,,,
,8788,,,0,121.666692,,,,,,,176,64,35,,,,,0,0,0,,,,,,,,,,,,,,,,,,,,,
,8789,,,0,121.671900,,,,,,,128,94,0,,,,,0,0,0,,,,,,,,,,,,,,,,,,,,,
,8790,,,0,121.677108,,,,,,,176,64,44,,,,,0,0,0,,,,,,,,,,,,,,,,,,,,,
,8791,,,0,121.684920,,,,,,,176,64,59,,,,,0,0,0,,,,,,,,,,,,,,,,,,,,,
,8792,,,0,121.695336,,,,,,,176,64,74,,,,,1,0,0,,,,,,,,,,,,,,,,,,,,,
,8793,,,0,121.705752,,,,,,,176,64,95,,,,,1,0,0,,,,,,,,,,,,,,,,,,,,,
,8794,,,0,121.716168,,,,,,,176,64,112,,,,,1,0,0,,,,,,,,,,,,,,,,,,,,,
,8795,,,0,121.723980,,,,,,,176,64,118,,,,,1,0,0,,,,,,,,,,,,,,,,,,,,,
,8796,,,0,121.734396,,,,,,,176,64,113,,,,,1,0,0,,,,,,,,,,,,,,,,,,,,,
,8797,,,0,121.744812,,,,,,,176,64,111,,,,,1,0,0,,,,,,,,,,,,,,,,,,,,,
,8798,,,0,121.755228,,,,,,,176,64,113,,,,,1,0,0,,,,,,,,,,,,,,,,,,,,,
,8799,,,0,121.765644,,,,,,,176,64,114,,,,,1,0,0,,,,,,,,,,,,,,,,,,,,,
,8800,,,0,121.776060,,,,,,,176,64,115,,,,,1,0,0,,,,,,,,,,,,,,,,,,,,,
,8801,,,0,121.783872,,,,,,,176,64,112,,,,,1,0,0,,,,,,,,,,,,,,,,,,,,,
,8802,,,0,121.794288,,,,,,,176,64,114,,,,,1,0,0,,,,,,,,,,,,,,,,,,,,,
,8803,,,0,121.804704,,,,,,,176,64,113,,,,,1,0,0,,,,,,,,,,,,,,,,,,,,,
,8804,,,0,121.825536,,,,,,,176,64,114,,,,,1,0,0,,,,,,,,,,,,,,,,,,,,,
,8805,,,0,121.875012,,,,,,,176,64,112,,,,,1,0,0,,,,,,,,,,,,,,,,,,,,,
,8806,,,0,121.885428,,,,,,,176,64,114,,,,,1,0,0,,,,,,,,,,,,,,,,,,,,,
,8807,,,0,121.895844,,,,,,,176,64,112,,,,,1,0,0,,,,,,,,,,,,,,,,,,,,,
,8808,,,0,121.903656,,,,,,,176,64,114,,,,,1,0,0,,,,,,,,,,,,,,,,,,,,,
,8809,,,0,121.916676,,,,,,,176,64,113,,,,,1,0,0,,,,,,,,,,,,,,,,,,,,,
,8810,,,0,121.924488,,,,,,,176,64,114,,,,,1,0,0,,,,,,,,,,,,,,,,,,,,,
,8811,,,0,121.934904,,,,,,,176,64,113,,,,,1,0,0,,,,,,,,,,,,,,,,,,,,,
,8812,,,0,121.945320,,,,,,,176,64,114,,,,,1,0,0,,,,,,,,,,,,,,,,,,,,,
,8813,,,0,121.984380,,,,,,,176,64,113,,,,,1,0,0,,,,,,,,,,,,,,,,,,,,,
,8814,,,0,121.994796,,,,,,,176,64,114,,,,,1,0,0,,,,,,,,,,,,,,,,,,,,,
,8815,,,0,122.007816,,,,,,,176,64,113,,,,,1,0,0,,,,,,,,,,,,,,,,,,,,,
,8816,,,0,122.015628,,,,,,,176,64,114,,,,,1,0,0,,,,,,,,,,,,,,,,,,,,,
,8817,,,0,122.044272,,,,,,,176,64,115,,,,,1,0,0,,,,,,,,,,,,,,,,,,,,,
,8818,,,0,122.065104,,,,,,,176,64,113,,,,,1,0,0,,,,,,,,,,,,,,,,,,,,,
,8819,,,0,122.075520,,,,,,,176,64,114,,,,,1,0,0,,,,,,,,,,,,,,,,,,,,,
,8820,,,0,122.085936,,,,,,,176,64,115,,,,,1,0,0,,,,,,,,,,,,,,,,,,,,,
,8821,,,0,122.093748,,,,,,,176,64,112,,,,,1,0,0,,,,,,,,,,,,,,,,,,,,,
,8822,,,0,122.104164,,,,,,,176,64,115,,,,,1,0,0,,,,,,,,,,,,,,,,,,,,,
,8823,,,0,122.117184,,,,,,,176,64,112,,,,,1,0,0,,,,,,,,,,,,,,,,,,,,,
,8824,,,0,122.124996,,,,,,,176,64,114,,,,,1,0,0,,,,,,,,,,,,,,,,,,,,,
,8825,,,0,122.135412,,,,,,,176,64,112,,,,,1,0,0,,,,,,,,,,,,,,,,,,,,,
,8826,,,0,122.145828,,,,,,,176,64,114,,,,,1,0,0,,,,,,,,,,,,,,,,,,,,,
,8827,,,0,122.156244,,,,,,,176,64,112,,,,,1,0,0,,,,,,,,,,,,,,,,,,,,,
,8828,,,0,122.166660,,,,,,,176,64,113,,,,,1,0,0,,,,,,,,,,,,,,,,,,,,,
,8829,,,0,122.197908,,,,,,,176,64,114,,,,,1,0,0,,,,,,,,,,,,,,,,,,,,,
,8830,,,0,122.205720,,,,,,,176,64,111,,,,,1,0,0,,,,,,,,,,,,,,,,,,,,,
,8831,,,0,122.216136,,,,,,,176,64,114,,,,,1,0,0,,,,,,,,,,,,,,,,,,,,,
,8832,,,0,122.223948,,,,,,,176,64,111,,,,,1,0,0,,,,,,,,,,,,,,,,,,,,,
,8833,,,0,122.236968,,,,,,,176,64,114,,,,,1,0,0,,,,,,,,,,,,,,,,,,,,,
,8834,,,0,122.244780,,,,,,,176,64,112,,,,,1,0,0,,,,,,,,,,,,,,,,,,,,,
,8835,,,0,122.255196,,,,,,,176,64,114,,,,,1,0,0,,,,,,,,,,,,,,,,,,,,,
,8836,,,0,122.265612,,,,,,,176,64,112,,,,,1,0,0,,,,,,,,,,,,,,,,,,,,,
,8837,,,0,122.276028,,,,,,,176,64,114,,,,,1,0,0,,,,,,,,,,,,,,,,,,,,,
,8838,,,0,122.283840,,,,,,,176,64,111,,,,,1,0,0,,,,,,,,,,,,,,,,,,,,,
,8839,,,0,122.296860,,,,,,,176,64,114,,,,,1,0,0,,,,,,,,,,,,,,,,,,,,,
,8840,,,0,122.315088,,,,,,,176,64,112,,,,,1,0,0,,,,,,,,,,,,,,,,,,,,,
,8841,,,0,122.325504,,,,,,,176,64,113,,,,,1,0,0,,,,,,,,,,,,,,,,,,,,,
,8842,,,0,122.343732,,,,,,,176,64,115,,,,,1,0,0,,,,,,,,,,,,,,,,,,,,,
,8843,,,0,122.356752,,,,,,,176,64,111,,,,,1,0,0,,,,,,,,,,,,,,,,,,,,,
,8844,,,0,122.364564,,,,,,,176,64,113,,,,,1,0,0,,,,,,,,,,,,,,,,,,,,,
,8845,,,0,122.374980,,,,,,,176,64,112,,,,,1,0,0,,,,,,,,,,,,,,,,,,,,,
,8846,,,0,122.385396,,,,,,,176,64,114,,,,,1,0,0,,,,,,,,,,,,,,,,,,,,,
,8847,,,0,122.395812,,,,,,,176,64,113,,,,,1,0,0,,,,,,,,,,,,,,,,,,,,,
,8848,,,0,122.406228,,,,,,,176,64,114,,,,,1,0,0,,,,,,,,,,,,,,,,,,,,,
,8849,,,0,122.406228,,,,,,,176,67,19,,,,,1,0,0,,,,,,,,,,,,,,,,,,,,,
,8850,,,0,122.416644,,,,,,,176,64,113,,,,,1,0,0,,,,,,,,,,,,,,,,,,,,,
,8851,,,0,122.416644,,,,,,,176,67,20,,,,,1,0,0,,,,,,,,,,,,,,,,,,,,,
,8852,,,0,122.424456,,,,,,,176,64,114,,,,,1,0,0,,,,,,,,,,,,,,,,,,,,,
,8853,,,0,122.445288,,,,,,,176,64,113,,,,,1,0,0,,,,,,,,,,,,,,,,,,,,,
323,8854,1,4659,0,122.445288,0.0,0.0,0,G#2,,24,144,44,127,,6017,,,1,0,0,0.5054897978612001,0.649532693903397,,0.0,1,0.012113,0.126052,0.058813500000000005,0.023487078954182446,3.555556,7.133333,4.834027799999999,0.9224046947825342,0.0,0.0,0.0,0.0,0.0,5.125,2.0325891999999994,1.5237275178440568
,8855,,,0,122.455704,,,,,,,176,64,114,,,,,1,0,0,,,,,,,,,,,,,,,,,,,,,
,8856,,,0,122.466120,,,,,,,176,64,115,,,,,1,0,0,,,,,,,,,,,,,,,,,,,,,
323,8857,1,4659,0,122.468724,0.0,0.0,0,F#2,,8,144,42,42,,6017,,,1,0,0,0.5054897978612001,0.649532693903397,,0.0,1,0.012113,0.126052,0.058813500000000005,0.023487078954182446,3.555556,7.133333,4.834027799999999,0.9224046947825342,0.0,0.0,0.0,0.0,0.0,5.125,2.0325891999999994,1.5237275178440568
,8858,,,0,122.476536,,,,,,,176,64,114,,,,,1,0,0,,,,,,,,,,,,,,,,,,,,,
,8859,,,0,122.484348,,,,,,,176,64,115,,,,,1,0,0,,,,,,,,,,,,,,,,,,,,,
323,8860,1,4659,0,122.486952,0.0,0.0,0,G#1,,8,144,32,42,,6017,,,1,0,0,0.5054897978612001,0.649532693903397,,0.0,1,0.012113,0.126052,0.058813500000000005,0.023487078954182446,3.555556,7.133333,4.834027799999999,0.9224046947825342,0.0,0.0,0.0,0.0,0.0,5.125,2.0325891999999994,1.5237275178440568
,8861,,,0,122.505180,,,,,,,176,64,114,,,,,1,0,0,,,,,,,,,,,,,,,,,,,,,
,8862,,,0,122.515596,,,,,,,176,64,115,,,,,1,0,0,,,,,,,,,,,,,,,,,,,,,
,8863,,,0,122.554656,,,,,,,176,64,114,,,,,1,0,0,,,,,,,,,,,,,,,,,,,,,
,8864,,,0,122.562468,,,,,,,128,32,0,,,,,1,0,0,,,,,,,,,,,,,,,,,,,,,
,8865,,,0,122.565072,,,,,,,176,64,115,,,,,1,0,0,,,,,,,,,,,,,,,,,,,,,
,8866,,,0,122.575488,,,,,,,128,44,0,,,,,1,0,0,,,,,,,,,,,,,,,,,,,,,
,8867,,,0,122.585904,,,,,,,176,64,114,,,,,1,0,0,,,,,,,,,,,,,,,,,,,,,
,8868,,,0,122.596320,,,,,,,176,64,115,,,,,1,0,0,,,,,,,,,,,,,,,,,,,,,
,8869,,,0,122.601528,,,,,,,128,42,0,,,,,1,0,0,,,,,,,,,,,,,,,,,,,,,
,8870,,,0,122.677044,,,,,,,176,64,114,,,,,1,0,0,,,,,,,,,,,,,,,,,,,,,
,8871,,,0,122.684856,,,,,,,176,64,115,,,,,1,0,0,,,,,,,,,,,,,,,,,,,,,
,8872,,,0,122.695272,,,,,,,176,64,114,,,,,1,0,0,,,,,,,,,,,,,,,,,,,,,
,8873,,,0,122.705688,,,,,,,176,64,115,,,,,1,0,0,,,,,,,,,,,,,,,,,,,,,
,8874,,,0,122.726520,,,,,,,176,64,114,,,,,1,0,0,,,,,,,,,,,,,,,,,,,,,
,8875,,,0,122.736936,,,,,,,176,64,115,,,,,1,0,0,,,,,,,,,,,,,,,,,,,,,
,8876,,,0,122.755164,,,,,,,176,64,114,,,,,1,0,0,,,,,,,,,,,,,,,,,,,,,
,8877,,,0,122.765580,,,,,,,176,64,115,,,,,1,0,0,,,,,,,,,,,,,,,,,,,,,
,8878,,,0,122.775996,,,,,,,176,64,114,,,,,1,0,0,,,,,,,,,,,,,,,,,,,,,
,8879,,,0,122.796828,,,,,,,176,64,113,,,,,1,0,0,,,,,,,,,,,,,,,,,,,,,
,8880,,,0,122.804640,,,,,,,176,64,115,,,,,1,0,0,,,,,,,,,,,,,,,,,,,,,
,8881,,,0,122.815056,,,,,,,176,64,112,,,,,1,0,0,,,,,,,,,,,,,,,,,,,,,
,8882,,,0,122.825472,,,,,,,176,64,115,,,,,1,0,0,,,,,,,,,,,,,,,,,,,,,
,8883,,,0,122.835888,,,,,,,176,64,112,,,,,1,0,0,,,,,,,,,,,,,,,,,,,,,
,8884,,,0,122.846304,,,,,,,176,64,114,,,,,1,0,0,,,,,,,,,,,,,,,,,,,,,
,8885,,,0,122.854116,,,,,,,176,64,112,,,,,1,0,0,,,,,,,,,,,,,,,,,,,,,
,8886,,,0,122.864532,,,,,,,176,64,114,,,,,1,0,0,,,,,,,,,,,,,,,,,,,,,
,8887,,,0,122.874948,,,,,,,176,64,111,,,,,1,0,0,,,,,,,,,,,,,,,,,,,,,
,8888,,,0,122.885364,,,,,,,176,64,113,,,,,1,0,0,,,,,,,,,,,,,,,,,,,,,
,8889,,,0,122.906196,,,,,,,176,64,111,,,,,1,0,0,,,,,,,,,,,,,,,,,,,,,
,8890,,,0,122.934840,,,,,,,176,64,110,,,,,1,0,0,,,,,,,,,,,,,,,,,,,,,
,8891,,,0,122.945256,,,,,,,176,64,112,,,,,1,0,0,,,,,,,,,,,,,,,,,,,,,
,8892,,,0,122.955672,,,,,,,176,64,111,,,,,1,0,0,,,,,,,,,,,,,,,,,,,,,
,8893,,,0,122.984316,,,,,,,176,64,110,,,,,1,0,0,,,,,,,,,,,,,,,,,,,,,
,8894,,,0,122.997336,,,,,,,176,64,111,,,,,1,0,0,,,,,,,,,,,,,,,,,,,,,
,8895,,,0,123.025980,,,,,,,176,67,19,,,,,1,0,0,,,,,,,,,,,,,,,,,,,,,
,8896,,,0,123.044208,,,,,,,176,64,110,,,,,1,0,0,,,,,,,,,,,,,,,,,,,,,
,8897,,,0,123.046812,,,,,,,176,67,20,,,,,1,0,0,,,,,,,,,,,,,,,,,,,,,
,8898,,,0,123.054624,,,,,,,176,64,111,,,,,1,0,0,,,,,,,,,,,,,,,,,,,,,
,8899,,,0,123.085872,,,,,,,176,64,110,,,,,1,0,0,,,,,,,,,,,,,,,,,,,,,
,8900,,,0,123.096288,,,,,,,176,64,111,,,,,1,0,0,,,,,,,,,,,,,,,,,,,,,
,8901,,,0,123.153576,,,,,,,176,64,110,,,,,1,0,0,,,,,,,,,,,,,,,,,,,,,
,8902,,,0,123.163992,,,,,,,176,64,111,,,,,1,0,0,,,,,,,,,,,,,,,,,,,,,
,8903,,,0,123.195240,,,,,,,176,64,110,,,,,1,0,0,,,,,,,,,,,,,,,,,,,,,
,8904,,,0,123.205656,,,,,,,176,64,111,,,,,1,0,0,,,,,,,,,,,,,,,,,,,,,
,8905,,,0,123.304608,,,,,,,176,64,110,,,,,1,0,0,,,,,,,,,,,,,,,,,,,,,
,8906,,,0,123.315024,,,,,,,176,64,111,,,,,1,0,0,,,,,,,,,,,,,,,,,,,,,
323,8907,1,4660,0,123.328044,0.0,0.0,0,E6,,20,144,88,106,,6017,,,1,0,0,0.5054897978612001,0.649532693903397,,0.0,1,0.012113,0.126052,0.058813500000000005,0.023487078954182446,3.555556,7.133333,4.834027799999999,0.9224046947825342,0.0,0.0,0.0,0.0,0.0,5.125,2.0325891999999994,1.5237275178440568
0,8908,1,0,0,123.338460,0.0,0.0,0,C#6,,-1,144,85,1,,,,,1,0,0,,,,,,,,,,,,,,,,,,,,,
323,8909,1,4661,0,123.369708,0.0,0.0,0,D4,,20,144,62,106,,6017,,,1,0,0,0.5054897978612001,0.649532693903397,,0.0,1,0.012113,0.126052,0.058813500000000005,0.023487078954182446,3.555556,7.133333,4.834027799999999,0.9224046947825342,0.0,0.0,0.0,0.0,0.0,5.125,2.0325891999999994,1.5237275178440568
,8910,,,0,123.395748,,,,,,,176,64,110,,,,,1,0,0,,,,,,,,,,,,,,,,,,,,,
,8911,,,0,123.406164,,,,,,,176,64,111,,,,,1,0,0,,,,,,,,,,,,,,,,,,,,,
,8912,,,0,123.445224,,,,,,,176,67,21,,,,,1,0,0,,,,,,,,,,,,,,,,,,,,,
,8913,,,0,123.453036,,,,,,,128,85,0,,,,,1,0,0,,,,,,,,,,,,,,,,,,,,,
,8914,,,0,123.453036,,,,,,,128,62,0,,,,,1,0,0,,,,,,,,,,,,,,,,,,,,,
,8915,,,0,123.455640,,,,,,,128,88,0,,,,,1,0,0,,,,,,,,,,,,,,,,,,,,,
,8916,,,0,123.455640,,,,,,,176,67,25,,,,,1,0,0,,,,,,,,,,,,,,,,,,,,,
,8917,,,0,123.466056,,,,,,,176,67,27,,,,,1,0,0,,,,,,,,,,,,,,,,,,,,,
,8918,,,0,123.486888,,,,,,,176,64,110,,,,,1,0,0,,,,,,,,,,,,,,,,,,,,,
,8919,,,0,123.486888,,,,,,,176,67,33,,,,,1,0,0,,,,,,,,,,,,,,,,,,,,,
,8920,,,0,123.494700,,,,,,,176,64,111,,,,,1,0,0,,,,,,,,,,,,,,,,,,,,,
,8921,,,0,123.497304,,,,,,,176,67,39,,,,,1,0,0,,,,,,,,,,,,,,,,,,,,,
,8922,,,0,123.505116,,,,,,,176,64,110,,,,,1,0,0,,,,,,,,,,,,,,,,,,,,,
,8923,,,0,123.507720,,,,,,,176,67,48,,,,,1,0,0,,,,,,,,,,,,,,,,,,,,,
,8924,,,0,123.515532,,,,,,,176,67,63,,,,,1,0,0,,,,,,,,,,,,,,,,,,,,,
,8925,,,0,123.525948,,,,,,,176,64,111,,,,,1,0,0,,,,,,,,,,,,,,,,,,,,,
,8926,,,0,123.525948,,,,,,,176,67,89,,,,,1,1,0,,,,,,,,,,,,,,,,,,,,,
,8927,,,0,123.536364,,,,,,,176,67,126,,,,,1,1,0,,,,,,,,,,,,,,,,,,,,,
,8928,,,0,123.546780,,,,,,,176,67,127,,,,,1,1,0,,,,,,,,,,,,,,,,,,,,,
,8929,,,0,123.596256,,,,,,,176,64,110,,,,,1,1,0,,,,,,,,,,,,,,,,,,,,,
,8930,,,0,123.614484,,,,,,,176,64,111,,,,,1,1,0,,,,,,,,,,,,,,,,,,,,,
,8931,,,0,123.624900,,,,,,,176,64,109,,,,,1,1,0,,,,,,,,,,,,,,,,,,,,,
,8932,,,0,123.635316,,,,,,,176,64,110,,,,,1,1,0,,,,,,,,,,,,,,,,,,,,,
,8933,,,0,123.645732,,,,,,,176,64,109,,,,,1,1,0,,,,,,,,,,,,,,,,,,,,,
,8934,,,0,123.656148,,,,,,,176,64,111,,,,,1,1,0,,,,,,,,,,,,,,,,,,,,,
,8935,,,0,123.666564,,,,,,,176,64,109,,,,,1,1,0,,,,,,,,,,,,,,,,,,,,,
,8936,,,0,123.676980,,,,,,,176,64,110,,,,,1,1,0,,,,,,,,,,,,,,,,,,,,,
,8937,,,0,123.755100,,,,,,,176,64,109,,,,,1,1,0,,,,,,,,,,,,,,,,,,,,,
,8938,,,0,123.765516,,,,,,,176,64,110,,,,,1,1,0,,,,,,,,,,,,,,,,,,,,,
,8939,,,0,123.786348,,,,,,,176,64,111,,,,,1,1,0,,,,,,,,,,,,,,,,,,,,,
,8940,,,0,123.796764,,,,,,,176,64,110,,,,,1,1,0,,,,,,,,,,,,,,,,,,,,,
,8941,,,0,123.835824,,,,,,,176,64,111,,,,,1,1,0,,,,,,,,,,,,,,,,,,,,,
,8942,,,0,123.846240,,,,,,,176,64,109,,,,,1,1,0,,,,,,,,,,,,,,,,,,,,,
,8943,,,0,123.856656,,,,,,,176,64,110,,,,,1,1,0,,,,,,,,,,,,,,,,,,,,,
,8944,,,0,123.864468,,,,,,,176,64,109,,,,,1,1,0,,,,,,,,,,,,,,,,,,,,,
,8945,,,0,123.874884,,,,,,,176,64,110,,,,,1,1,0,,,,,,,,,,,,,,,,,,,,,
323,8946,1,4662,0,123.885300,0.0,0.0,0,C3,,5,144,48,26,,6017,,,1,1,0,0.5054897978612001,0.649532693903397,,0.0,1,0.012113,0.126052,0.058813500000000005,0.023487078954182446,3.555556,7.133333,4.834027799999999,0.9224046947825342,0.0,0.0,0.0,0.0,0.0,5.125,2.0325891999999994,1.5237275178440568
,8947,,,0,123.885300,,,,,,,176,64,111,,,,,1,1,0,,,,,,,,,,,,,,,,,,,,,
,8948,,,0,123.906132,,,,,,,176,64,108,,,,,1,1,0,,,,,,,,,,,,,,,,,,,,,
,8949,,,0,123.916548,,,,,,,176,64,110,,,,,1,1,0,,,,,,,,,,,,,,,,,,,,,
,8950,,,0,123.934776,,,,,,,176,64,111,,,,,1,1,0,,,,,,,,,,,,,,,,,,,,,
,8951,,,0,123.939984,,,,,,,128,48,0,,,,,1,1,0,,,,,,,,,,,,,,,,,,,,,
,8952,,,0,123.955608,,,,,,,176,64,110,,,,,1,1,0,,,,,,,,,,,,,,,,,,,,,
,8953,,,0,123.986856,,,,,,,176,64,111,,,,,1,1,0,,,,,,,,,,,,,,,,,,,,,
,8954,,,0,123.997272,,,,,,,176,64,108,,,,,1,1,0,,,,,,,,,,,,,,,,,,,,,
323,8955,1,4663,0,123.997272,0.0,0.0,0,E3,,5,144,52,26,,6017,,,1,1,0,0.5054897978612001,0.649532693903397,,0.0,1,0.012113,0.126052,0.058813500000000005,0.023487078954182446,3.555556,7.133333,4.834027799999999,0.9224046947825342,0.0,0.0,0.0,0.0,0.0,5.125,2.0325891999999994,1.5237275178440568
,8956,,,0,124.005084,,,,,,,176,64,110,,,,,1,1,0,,,,,,,,,,,,,,,,,,,,,
,8957,,,0,124.054560,,,,,,,176,64,111,,,,,1,1,0,,,,,,,,,,,,,,,,,,,,,
,8958,,,0,124.064976,,,,,,,176,64,110,,,,,1,1,0,,,,,,,,,,,,,,,,,,,,,
,8959,,,0,124.075392,,,,,,,176,64,111,,,,,1,1,0,,,,,,,,,,,,,,,,,,,,,
,8960,,,0,124.085808,,,,,,,176,64,110,,,,,1,1,0,,,,,,,,,,,,,,,,,,,,,
,8961,,,0,124.114452,,,,,,,176,64,111,,,,,1,1,0,,,,,,,,,,,,,,,,,,,,,
323,8962,1,4664,0,124.119660,0.0,0.0,0,C#4,,6,144,61,32,,6017,,,1,1,0,0.5054897978612001,0.649532693903397,,0.0,1,0.012113,0.126052,0.058813500000000005,0.023487078954182446,3.555556,7.133333,4.834027799999999,0.9224046947825342,0.0,0.0,0.0,0.0,0.0,5.125,2.0325891999999994,1.5237275178440568
,8963,,,0,124.124868,,,,,,,176,64,109,,,,,1,1,0,,,,,,,,,,,,,,,,,,,,,
,8964,,,0,124.127472,,,,,,,128,52,0,,,,,1,1,0,,,,,,,,,,,,,,,,,,,,,
,8965,,,0,124.135284,,,,,,,176,64,111,,,,,1,1,0,,,,,,,,,,,,,,,,,,,,,
,8966,,,0,124.145700,,,,,,,176,64,109,,,,,1,1,0,,,,,,,,,,,,,,,,,,,,,
,8967,,,0,124.156116,,,,,,,176,64,111,,,,,1,1,0,,,,,,,,,,,,,,,,,,,,,
323,8968,1,4665,0,124.163928,0.0,0.0,0,D2,,6,144,38,32,,6017,,,1,1,0,0.5054897978612001,0.649532693903397,,0.0,1,0.012113,0.126052,0.058813500000000005,0.023487078954182446,3.555556,7.133333,4.834027799999999,0.9224046947825342,0.0,0.0,0.0,0.0,0.0,5.125,2.0325891999999994,1.5237275178440568
,8969,,,0,124.184760,,,,,,,176,64,110,,,,,1,1,0,,,,,,,,,,,,,,,,,,,,,
,8970,,,0,124.189968,,,,,,,128,61,0,,,,,1,1,0,,,,,,,,,,,,,,,,,,,,,
,8971,,,0,124.195176,,,,,,,176,64,111,,,,,1,1,0,,,,,,,,,,,,,,,,,,,,,
,8972,,,0,124.216008,,,,,,,176,64,110,,,,,1,1,0,,,,,,,,,,,,,,,,,,,,,
,8973,,,0,124.226424,,,,,,,176,64,111,,,,,1,1,0,,,,,,,,,,,,,,,,,,,,,
323,8974,1,4666,0,124.262880,0.0,0.0,0,G#1,,7,144,32,37,,6017,,,1,1,0,0.5054897978612001,0.649532693903397,,0.0,1,0.012113,0.126052,0.058813500000000005,0.023487078954182446,3.555556,7.133333,4.834027799999999,0.9224046947825342,0.0,0.0,0.0,0.0,0.0,5.125,2.0325891999999994,1.5237275178440568
,8975,,,0,124.346208,,,,,,,176,64,110,,,,,1,1,0,,,,,,,,,,,,,,,,,,,,,
323,8976,1,4667,0,124.351416,0.0,0.0,0,C3,,7,144,48,37,,6017,,,1,1,0,0.5054897978612001,0.649532693903397,,0.0,1,0.012113,0.126052,0.058813500000000005,0.023487078954182446,3.555556,7.133333,4.834027799999999,0.9224046947825342,0.0,0.0,0.0,0.0,0.0,5.125,2.0325891999999994,1.5237275178440568
,8977,,,0,124.356624,,,,,,,128,38,0,,,,,1,1,0,,,,,,,,,,,,,,,,,,,,,
,8978,,,0,124.356624,,,,,,,176,64,111,,,,,1,1,0,,,,,,,,,,,,,,,,,,,,,
,8979,,,0,124.359228,,,,,,,176,67,126,,,,,1,1,0,,,,,,,,,,,,,,,,,,,,,
,8980,,,0,124.364436,,,,,,,176,67,113,,,,,1,1,0,,,,,,,,,,,,,,,,,,,,,
,8981,,,0,124.374852,,,,,,,176,67,101,,,,,1,1,0,,,,,,,,,,,,,,,,,,,,,
,8982,,,0,124.385268,,,,,,,176,67,88,,,,,1,1,0,,,,,,,,,,,,,,,,,,,,,
,8983,,,0,124.395684,,,,,,,176,64,110,,,,,1,1,0,,,,,,,,,,,,,,,,,,,,,
,8984,,,0,124.395684,,,,,,,176,67,75,,,,,1,1,0,,,,,,,,,,,,,,,,,,,,,
,8985,,,0,124.406100,,,,,,,176,64,111,,,,,1,1,0,,,,,,,,,,,,,,,,,,,,,
,8986,,,0,124.406100,,,,,,,176,67,61,,,,,1,0,0,,,,,,,,,,,,,,,,,,,,,
323,8987,1,4668,0,124.413912,0.0,0.0,0,E3,,8,144,52,42,,6017,,,1,0,0,0.5054897978612001,0.649532693903397,,0.0,1,0.012113,0.126052,0.058813500000000005,0.023487078954182446,3.555556,7.133333,4.834027799999999,0.9224046947825342,0.0,0.0,0.0,0.0,0.0,5.125,2.0325891999999994,1.5237275178440568
,8988,,,0,124.416516,,,,,,,176,67,51,,,,,1,0,0,,,,,,,,,,,,,,,,,,,,,
,8989,,,0,124.416516,,,,,,,128,32,0,,,,,1,0,0,,,,,,,,,,,,,,,,,,,,,
,8990,,,0,124.426932,,,,,,,176,67,41,,,,,1,0,0,,,,,,,,,,,,,,,,,,,,,
,8991,,,0,124.439952,,,,,,,176,67,31,,,,,1,0,0,,,,,,,,,,,,,,,,,,,,,
,8992,,,0,124.447764,,,,,,,176,67,27,,,,,1,0,0,,,,,,,,,,,,,,,,,,,,,
,8993,,,0,124.455576,,,,,,,176,64,110,,,,,1,0,0,,,,,,,,,,,,,,,,,,,,,
,8994,,,0,124.455576,,,,,,,176,67,26,,,,,1,0,0,,,,,,,,,,,,,,,,,,,,,
,8995,,,0,124.465992,,,,,,,176,64,111,,,,,1,0,0,,,,,,,,,,,,,,,,,,,,,
,8996,,,0,124.473804,,,,,,,128,48,0,,,,,1,0,0,,,,,,,,,,,,,,,,,,,,,
,8997,,,0,124.525884,,,,,,,176,67,25,,,,,1,0,0,,,,,,,,,,,,,,,,,,,,,
,8998,,,0,124.536300,,,,,,,176,67,24,,,,,1,0,0,,,,,,,,,,,,,,,,,,,,,
,8999,,,0,124.538904,,,,,,,128,50,0,,,,,1,0,0,,,,,,,,,,,,,,,,,,,,,
,9000,,,0,124.546716,,,,,,,176,67,22,,,,,1,0,0,,,,,,,,,,,,,,,,,,,,,
,9001,,,0,124.554528,,,,,,,176,67,21,,,,,1,0,0,,,,,,,,,,,,,,,,,,,,,
,9002,,,0,124.564944,,,,,,,176,67,20,,,,,1,0,0,,,,,,,,,,,,,,,,,,,,,
,9003,,,0,124.575360,,,,,,,176,64,112,,,,,1,0,0,,,,,,,,,,,,,,,,,,,,,
,9004,,,0,124.577964,,,,,,,176,67,21,,,,,1,0,0,,,,,,,,,,,,,,,,,,,,,
323,9005,1,4669,0,124.577964,0.0,0.0,0,C3,,11,144,48,58,,6017,,,1,0,0,0.5054897978612001,0.649532693903397,,0.0,1,0.012113,0.126052,0.058813500000000005,0.023487078954182446,3.555556,7.133333,4.834027799999999,0.9224046947825342,0.0,0.0,0.0,0.0,0.0,5.125,2.0325891999999994,1.5237275178440568
323,9006,1,4669,0,124.577964,0.0,0.0,0,G#1,,11,144,32,58,,6017,,,1,0,0,0.5054897978612001,0.649532693903397,,0.0,1,0.012113,0.126052,0.058813500000000005,0.023487078954182446,3.555556,7.133333,4.834027799999999,0.9224046947825342,0.0,0.0,0.0,0.0,0.0,5.125,2.0325891999999994,1.5237275178440568
323,9007,1,4669,0,124.583172,0.0,0.0,0,D2,,11,144,38,58,,6017,,,1,0,0,0.5054897978612001,0.649532693903397,,0.0,1,0.012113,0.126052,0.058813500000000005,0.023487078954182446,3.555556,7.133333,4.834027799999999,0.9224046947825342,0.0,0.0,0.0,0.0,0.0,5.125,2.0325891999999994,1.5237275178440568
,9008,,,0,124.585776,,,,,,,176,64,111,,,,,1,0,0,,,,,,,,,,,,,,,,,,,,,
,9009,,,0,124.585776,,,,,,,176,67,20,,,,,1,0,0,,,,,,,,,,,,,,,,,,,,,
323,9010,1,4669,0,124.590984,0.0,0.0,0,C#4,,11,144,61,58,,6017,,,1,0,0,0.5054897978612001,0.649532693903397,,0.0,1,0.012113,0.126052,0.058813500000000005,0.023487078954182446,3.555556,7.133333,4.834027799999999,0.9224046947825342,0.0,0.0,0.0,0.0,0.0,5.125,2.0325891999999994,1.5237275178440568
0,9011,1,0,0,124.596192,0.0,0.0,0,G3,,-1,144,55,6,,,,,1,0,0,,,,,,,,,,,,,,,,,,,,,
,9012,,,0,124.596192,,,,,,,176,64,113,,,,,1,0,0,,,,,,,,,,,,,,,,,,,,,
,9013,,,0,124.598796,,,,,,,176,67,21,,,,,1,0,0,,,,,,,,,,,,,,,,,,,,,
0,9014,1,0,0,124.598796,0.0,0.0,0,A3,,-1,144,57,39,,,,,1,0,0,,,,,,,,,,,,,,,,,,,,,
,9015,,,0,124.606608,,,,,,,176,67,20,,,,,1,0,0,,,,,,,,,,,,,,,,,,,,,
,9016,,,0,124.617024,,,,,,,176,64,114,,,,,1,0,0,,,,,,,,,,,,,,,,,,,,,
,9017,,,0,124.617024,,,,,,,176,67,21,,,,,1,0,0,,,,,,,,,,,,,,,,,,,,,
,9018,,,0,124.622232,,,,,,,128,48,0,,,,,1,0,0,,,,,,,,,,,,,,,,,,,,,
,9019,,,0,124.624836,,,,,,,176,64,112,,,,,1,0,0,,,,,,,,,,,,,,,,,,,,,
,9020,,,0,124.635252,,,,,,,176,64,114,,,,,1,0,0,,,,,,,,,,,,,,,,,,,,,
,9021,,,0,124.637856,,,,,,,176,67,20,,,,,1,0,0,,,,,,,,,,,,,,,,,,,,,
,9022,,,0,124.640460,,,,,,,128,52,0,,,,,1,0,0,,,,,,,,,,,,,,,,,,,,,
,9023,,,0,124.645668,,,,,,,176,64,113,,,,,1,0,0,,,,,,,,,,,,,,,,,,,,,
,9024,,,0,124.645668,,,,,,,176,67,21,,,,,1,0,0,,,,,,,,,,,,,,,,,,,,,
,9025,,,0,124.656084,,,,,,,176,64,114,,,,,1,0,0,,,,,,,,,,,,,,,,,,,,,
,9026,,,0,124.656084,,,,,,,176,67,20,,,,,1,0,0,,,,,,,,,,,,,,,,,,,,,
,9027,,,0,124.658688,,,,,,,128,57,0,,,,,1,0,0,,,,,,,,,,,,,,,,,,,,,
,9028,,,0,124.666500,,,,,,,176,64,112,,,,,1,0,0,,,,,,,,,,,,,,,,,,,,,
,9029,,,0,124.666500,,,,,,,176,67,21,,,,,1,0,0,,,,,,,,,,,,,,,,,,,,,
,9030,,,0,124.676916,,,,,,,176,64,113,,,,,1,0,0,,,,,,,,,,,,,,,,,,,,,
,9031,,,0,124.676916,,,,,,,176,67,20,,,,,1,0,0,,,,,,,,,,,,,,,,,,,,,
,9032,,,0,124.676916,,,,,,,128,38,0,,,,,1,0,0,,,,,,,,,,,,,,,,,,,,,
,9033,,,0,124.679520,,,,,,,128,32,0,,,,,1,0,0,,,,,,,,,,,,,,,,,,,,,
,9034,,,0,124.684728,,,,,,,128,55,0,,,,,1,0,0,,,,,,,,,,,,,,,,,,,,,
,9035,,,0,124.684728,,,,,,,176,67,21,,,,,1,0,0,,,,,,,,,,,,,,,,,,,,,
,9036,,,0,124.689936,,,,,,,128,61,0,,,,,1,0,0,,,,,,,,,,,,,,,,,,,,,
,9037,,,0,124.695144,,,,,,,176,64,112,,,,,1,0,0,,,,,,,,,,,,,,,,,,,,,
,9038,,,0,124.697748,,,,,,,176,67,20,,,,,1,0,0,,,,,,,,,,,,,,,,,,,,,
,9039,,,0,124.705560,,,,,,,176,64,114,,,,,1,0,0,,,,,,,,,,,,,,,,,,,,,
,9040,,,0,124.715976,,,,,,,176,64,112,,,,,1,0,0,,,,,,,,,,,,,,,,,,,,,
,9041,,,0,124.726392,,,,,,,176,64,114,,,,,1,0,0,,,,,,,,,,,,,,,,,,,,,
,9042,,,0,124.736808,,,,,,,176,64,112,,,,,1,0,0,,,,,,,,,,,,,,,,,,,,,
,9043,,,0,124.736808,,,,,,,176,67,21,,,,,1,0,0,,,,,,,,,,,,,,,,,,,,,
,9044,,,0,124.744620,,,,,,,176,64,113,,,,,1,0,0,,,,,,,,,,,,,,,,,,,,,
,9045,,,0,124.755036,,,,,,,176,64,115,,,,,1,0,0,,,,,,,,,,,,,,,,,,,,,
,9046,,,0,124.757640,,,,,,,176,67,20,,,,,1,0,0,,,,,,,,,,,,,,,,,,,,,
,9047,,,0,124.765452,,,,,,,176,64,113,,,,,1,0,0,,,,,,,,,,,,,,,,,,,,,
,9048,,,0,124.765452,,,,,,,176,67,21,,,,,1,0,0,,,,,,,,,,,,,,,,,,,,,
,9049,,,0,124.775868,,,,,,,176,64,114,,,,,1,0,0,,,,,,,,,,,,,,,,,,,,,
,9050,,,0,124.786284,,,,,,,176,64,113,,,,,1,0,0,,,,,,,,,,,,,,,,,,,,,
,9051,,,0,124.786284,,,,,,,176,67,23,,,,,1,0,0,,,,,,,,,,,,,,,,,,,,,
,9052,,,0,124.796700,,,,,,,176,67,24,,,,,1,0,0,,,,,,,,,,,,,,,,,,,,,
,9053,,,0,124.804512,,,,,,,176,64,112,,,,,1,0,0,,,,,,,,,,,,,,,,,,,,,
,9054,,,0,124.807116,,,,,,,176,67,25,,,,,1,0,0,,,,,,,,,,,,,,,,,,,,,
,9055,,,0,124.814928,,,,,,,176,64,114,,,,,1,0,0,,,,,,,,,,,,,,,,,,,,,
,9056,,,0,124.817532,,,,,,,176,67,26,,,,,1,0,0,,,,,,,,,,,,,,,,,,,,,
,9057,,,0,124.825344,,,,,,,176,64,111,,,,,1,0,0,,,,,,,,,,,,,,,,,,,,,
,9058,,,0,124.835760,,,,,,,176,64,113,,,,,1,0,0,,,,,,,,,,,,,,,,,,,,,
,9059,,,0,124.846176,,,,,,,176,64,111,,,,,1,0,0,,,,,,,,,,,,,,,,,,,,,
,9060,,,0,124.856592,,,,,,,176,64,112,,,,,1,0,0,,,,,,,,,,,,,,,,,,,,,
,9061,,,0,124.864404,,,,,,,176,64,111,,,,,1,0,0,,,,,,,,,,,,,,,,,,,,,
,9062,,,0,124.874820,,,,,,,176,67,25,,,,,1,0,0,,,,,,,,,,,,,,,,,,,,,
,9063,,,0,124.885236,,,,,,,176,67,26,,,,,1,0,0,,,,,,,,,,,,,,,,,,,,,
,9064,,,0,124.895652,,,,,,,176,67,25,,,,,1,0,0,,,,,,,,,,,,,,,,,,,,,
,9065,,,0,124.906068,,,,,,,176,67,26,,,,,1,0,0,,,,,,,,,,,,,,,,,,,,,
,9066,,,0,124.916484,,,,,,,176,67,25,,,,,1,0,0,,,,,,,,,,,,,,,,,,,,,
,9067,,,0,124.926900,,,,,,,176,67,26,,,,,1,0,0,,,,,,,,,,,,,,,,,,,,,
,9068,,,0,124.934712,,,,,,,176,67,25,,,,,1,0,0,,,,,,,,,,,,,,,,,,,,,
,9069,,,0,124.945128,,,,,,,176,67,26,,,,,1,0,0,,,,,,,,,,,,,,,,,,,,,
,9070,,,0,124.955544,,,,,,,176,67,25,,,,,1,0,0,,,,,,,,,,,,,,,,,,,,,
,9071,,,0,124.965960,,,,,,,176,67,26,,,,,1,0,0,,,,,,,,,,,,,,,,,,,,,
,9072,,,0,124.976376,,,,,,,176,64,107,,,,,1,0,0,,,,,,,,,,,,,,,,,,,,,
,9073,,,0,124.986792,,,,,,,176,64,100,,,,,1,0,0,,,,,,,,,,,,,,,,,,,,,
,9074,,,0,124.994604,,,,,,,176,64,90,,,,,1,0,0,,,,,,,,,,,,,,,,,,,,,
,9075,,,0,124.997208,,,,,,,176,67,25,,,,,1,0,0,,,,,,,,,,,,,,,,,,,,,
,9076,,,0,125.005020,,,,,,,176,64,74,,,,,1,0,0,,,,,,,,,,,,,,,,,,,,,
,9077,,,0,125.015436,,,,,,,176,64,57,,,,,0,0,0,,,,,,,,,,,,,,,,,,,,,
,9078,,,0,125.015436,,,,,,,176,67,26,,,,,0,0,0,,,,,,,,,,,,,,,,,,,,,
,9079,,,0,125.025852,,,,,,,176,64,36,,,,,0,0,0,,,,,,,,,,,,,,,,,,,,,
,9080,,,0,125.028456,,,,,,,176,67,25,,,,,0,0,0,,,,,,,,,,,,,,,,,,,,,
,9081,,,0,125.036268,,,,,,,176,64,18,,,,,0,0,0,,,,,,,,,,,,,,,,,,,,,
,9082,,,0,125.036268,,,,,,,176,67,27,,,,,0,0,0,,,,,,,,,,,,,,,,,,,,,
,9083,,,0,125.046684,,,,,,,176,64,10,,,,,0,0,0,,,,,,,,,,,,,,,,,,,,,
,9084,,,0,125.046684,,,,,,,176,67,25,,,,,0,0,0,,,,,,,,,,,,,,,,,,,,,
,9085,,,0,125.054496,,,,,,,176,64,8,,,,,0,0,0,,,,,,,,,,,,,,,,,,,,,
,9086,,,0,125.057100,,,,,,,176,67,26,,,,,0,0,0,,,,,,,,,,,,,,,,,,,,,
,9087,,,0,125.064912,,,,,,,176,64,7,,,,,0,0,0,,,,,,,,,,,,,,,,,,,,,
,9088,,,0,125.067516,,,,,,,176,67,25,,,,,0,0,0,,,,,,,,,,,,,,,,,,,,,
,9089,,,0,125.075328,,,,,,,176,64,8,,,,,0,0,0,,,,,,,,,,,,,,,,,,,,,
,9090,,,0,125.075328,,,,,,,176,67,26,,,,,0,0,0,,,,,,,,,,,,,,,,,,,,,
,9091,,,0,125.096160,,,,,,,176,67,27,,,,,0,0,0,,,,,,,,,,,,,,,,,,,,,
,9092,,,0,125.114388,,,,,,,176,64,7,,,,,0,0,0,,,,,,,,,,,,,,,,,,,,,
,9093,,,0,125.116992,,,,,,,176,67,26,,,,,0,0,0,,,,,,,,,,,,,,,,,,,,,
323,9094,1,4670,0,125.119596,0.0,0.0,0,C#7,,5,144,97,26,,6017,,,0,0,0,0.5054897978612001,0.649532693903397,,0.0,1,0.012113,0.126052,0.058813500000000005,0.023487078954182446,3.555556,7.133333,4.834027799999999,0.9224046947825342,0.0,0.0,0.0,0.0,0.0,5.125,2.0325891999999994,1.5237275178440568
,9095,,,0,125.124804,,,,,,,176,64,8,,,,,0,0,0,,,,,,,,,,,,,,,,,,,,,
,9096,,,0,125.127408,,,,,,,176,67,33,,,,,0,0,0,,,,,,,,,,,,,,,,,,,,,
,9097,,,0,125.145636,,,,,,,176,67,40,,,,,0,0,0,,,,,,,,,,,,,,,,,,,,,
,9098,,,0,125.156052,,,,,,,176,67,48,,,,,0,0,0,,,,,,,,,,,,,,,,,,,,,
,9099,,,0,125.166468,,,,,,,176,67,59,,,,,0,0,0,,,,,,,,,,,,,,,,,,,,,
,9100,,,0,125.176884,,,,,,,176,67,68,,,,,0,1,0,,,,,,,,,,,,,,,,,,,,,
,9101,,,0,125.184696,,,,,,,176,67,82,,,,,0,1,0,,,,,,,,,,,,,,,,,,,,,
,9102,,,0,125.195112,,,,,,,176,67,97,,,,,0,1,0,,,,,,,,,,,,,,,,,,,,,
,9103,,,0,125.205528,,,,,,,176,64,7,,,,,0,1,0,,,,,,,,,,,,,,,,,,,,,
,9104,,,0,125.205528,,,,,,,176,67,113,,,,,0,1,0,,,,,,,,,,,,,,,,,,,,,
,9105,,,0,125.208132,,,,,,,128,97,0,,,,,0,1,0,,,,,,,,,,,,,,,,,,,,,
,9106,,,0,125.215944,,,,,,,176,67,127,,,,,0,1,0,,,,,,,,,,,,,,,,,,,,,
,9107,,,0,125.236776,,,,,,,176,64,8,,,,,0,1,0,,,,,,,,,,,,,,,,,,,,,
,9108,,,0,125.265420,,,,,,,176,64,7,,,,,0,1,0,,,,,,,,,,,,,,,,,,,,,
,9109,,,0,125.286252,,,,,,,176,64,8,,,,,0,1,0,,,,,,,,,,,,,,,,,,,,,
,9110,,,0,125.296668,,,,,,,176,64,7,,,,,0,1,0,,,,,,,,,,,,,,,,,,,,,
323,9111,1,4671,0,125.304480,0.0,0.0,0,G#4,,5,144,68,26,,6017,,,0,1,0,0.5054897978612001,0.649532693903397,,0.0,1,0.012113,0.126052,0.058813500000000005,0.023487078954182446,3.555556,7.133333,4.834027799999999,0.9224046947825342,0.0,0.0,0.0,0.0,0.0,5.125,2.0325891999999994,1.5237275178440568
,9112,,,0,125.304480,,,,,,,176,64,8,,,,,0,1,0,,,,,,,,,,,,,,,,,,,,,
,9113,,,0,125.314896,,,,,,,176,64,10,,,,,0,1,0,,,,,,,,,,,,,,,,,,,,,
,9114,,,0,125.325312,,,,,,,176,64,12,,,,,0,1,0,,,,,,,,,,,,,,,,,,,,,
,9115,,,0,125.346144,,,,,,,176,64,15,,,,,0,1,0,,,,,,,,,,,,,,,,,,,,,
,9116,,,0,125.356560,,,,,,,176,64,19,,,,,0,1,0,,,,,,,,,,,,,,,,,,,,,
,9117,,,0,125.364372,,,,,,,176,64,23,,,,,0,1,0,,,,,,,,,,,,,,,,,,,,,
,9118,,,0,125.366976,,,,,,,128,68,0,,,,,0,1,0,,,,,,,,,,,,,,,,,,,,,
,9119,,,0,125.374788,,,,,,,176,64,27,,,,,0,1,0,,,,,,,,,,,,,,,,,,,,,
,9120,,,0,125.385204,,,,,,,176,64,30,,,,,0,1,0,,,,,,,,,,,,,,,,,,,,,
323,9121,1,4672,0,125.387808,0.0,0.0,0,D5,,6,144,74,32,,6017,,,0,1,0,0.5054897978612001,0.649532693903397,,0.0,1,0.012113,0.126052,0.058813500000000005,0.023487078954182446,3.555556,7.133333,4.834027799999999,0.9224046947825342,0.0,0.0,0.0,0.0,0.0,5.125,2.0325891999999994,1.5237275178440568
,9122,,,0,125.395620,,,,,,,176,64,35,,,,,0,1,0,,,,,,,,,,,,,,,,,,,,,
,9123,,,0,125.406036,,,,,,,176,64,38,,,,,0,1,0,,,,,,,,,,,,,,,,,,,,,
,9124,,,0,125.416452,,,,,,,176,64,43,,,,,0,1,0,,,,,,,,,,,,,,,,,,,,,
,9125,,,0,125.424264,,,,,,,176,64,53,,,,,0,1,0,,,,,,,,,,,,,,,,,,,,,
,9126,,,0,125.434680,,,,,,,176,64,64,,,,,1,1,0,,,,,,,,,,,,,,,,,,,,,
,9127,,,0,125.445096,,,,,,,176,64,73,,,,,1,1,0,,,,,,,,,,,,,,,,,,,,,
,9128,,,0,125.447700,,,,,,,128,74,0,,,,,1,1,0,,,,,,,,,,,,,,,,,,,,,
,9129,,,0,125.455512,,,,,,,176,64,81,,,,,1,1,0,,,,,,,,,,,,,,,,,,,,,
,9130,,,0,125.465928,,,,,,,176,64,86,,,,,1,1,0,,,,,,,,,,,,,,,,,,,,,
,9131,,,0,125.476344,,,,,,,176,64,90,,,,,1,1,0,,,,,,,,,,,,,,,,,,,,,
323,9132,1,4673,0,125.484156,0.0,0.0,0,G#4,,6,144,68,32,,6017,,,1,1,0,0.5054897978612001,0.649532693903397,,0.0,1,0.012113,0.126052,0.058813500000000005,0.023487078954182446,3.555556,7.133333,4.834027799999999,0.9224046947825342,0.0,0.0,0.0,0.0,0.0,5.125,2.0325891999999994,1.5237275178440568
,9133,,,0,125.486760,,,,,,,176,64,91,,,,,1,1,0,,,,,,,,,,,,,,,,,,,,,
,9134,,,0,125.494572,,,,,,,176,64,92,,,,,1,1,0,,,,,,,,,,,,,,,,,,,,,
,9135,,,0,125.504988,,,,,,,176,64,95,,,,,1,1,0,,,,,,,,,,,,,,,,,,,,,
323,9136,1,4674,0,125.533632,0.0,0.0,0,D5,,6,144,74,32,,6017,,,1,1,0,0.5054897978612001,0.649532693903397,,0.0,1,0.012113,0.126052,0.058813500000000005,0.023487078954182446,3.555556,7.133333,4.834027799999999,0.9224046947825342,0.0,0.0,0.0,0.0,0.0,5.125,2.0325891999999994,1.5237275178440568
,9137,,,0,125.536236,,,,,,,176,64,99,,,,,1,1,0,,,,,,,,,,,,,,,,,,,,,
,9138,,,0,125.564880,,,,,,,176,64,103,,,,,1,1,0,,,,,,,,,,,,,,,,,,,,,
,9139,,,0,125.583108,,,,,,,128,74,0,,,,,1,1,0,,,,,,,,,,,,,,,,,,,,,
,9140,,,0,125.585712,,,,,,,176,64,102,,,,,1,1,0,,,,,,,,,,,,,,,,,,,,,
,9141,,,0,125.596128,,,,,,,176,64,104,,,,,1,1,0,,,,,,,,,,,,,,,,,,,,,
,9142,,,0,125.611752,,,,,,,128,68,0,,,,,1,1,0,,,,,,,,,,,,,,,,,,,,,
,9143,,,0,125.614356,,,,,,,176,64,103,,,,,1,1,0,,,,,,,,,,,,,,,,,,,,,
,9144,,,0,125.635188,,,,,,,176,64,104,,,,,1,1,0,,,,,,,,,,,,,,,,,,,,,
323,9145,1,4676,0,125.645604,0.0,0.0,0,C6,,7,144,84,37,,6017,,,1,1,0,0.5054897978612001,0.649532693903397,,0.0,1,0.012113,0.126052,0.058813500000000005,0.023487078954182446,3.555556,7.133333,4.834027799999999,0.9224046947825342,0.0,0.0,0.0,0.0,0.0,5.125,2.0325891999999994,1.5237275178440568
,9146,,,0,125.645604,,,,,,,176,64,106,,,,,1,1,0,,,,,,,,,,,,,,,,,,,,,
,9147,,,0,125.663832,,,,,,,176,64,107,,,,,1,1,0,,,,,,,,,,,,,,,,,,,,,
,9148,,,0,125.674248,,,,,,,176,64,106,,,,,1,1,0,,,,,,,,,,,,,,,,,,,,,
,9149,,,0,125.687268,,,,,,,176,64,107,,,,,1,1,0,,,,,,,,,,,,,,,,,,,,,
323,9150,1,4677,0,125.739348,0.0,0.0,0,E6,,9,144,88,48,,6017,,,1,1,0,0.5054897978612001,0.649532693903397,,0.0,1,0.012113,0.126052,0.058813500000000005,0.023487078954182446,3.555556,7.133333,4.834027799999999,0.9224046947825342,0.0,0.0,0.0,0.0,0.0,5.125,2.0325891999999994,1.5237275178440568
,9151,,,0,125.791428,,,,,,,128,84,0,,,,,1,1,0,,,,,,,,,,,,,,,,,,,,,
,9152,,,0,125.796636,,,,,,,128,88,0,,,,,1,1,0,,,,,,,,,,,,,,,,,,,,,
323,9153,1,4678,0,125.895588,0.0,0.0,0,G#3,,9,144,56,48,,6017,,,1,1,0,0.5054897978612001,0.649532693903397,,0.0,1,0.012113,0.126052,0.058813500000000005,0.023487078954182446,3.555556,7.133333,4.834027799999999,0.9224046947825342,0.0,0.0,0.0,0.0,0.0,5.125,2.0325891999999994,1.5237275178440568
,9154,,,0,125.924232,,,,,,,176,67,121,,,,,1,1,0,,,,,,,,,,,,,,,,,,,,,
,9155,,,0,125.934648,,,,,,,176,67,115,,,,,1,1,0,,,,,,,,,,,,,,,,,,,,,
,9156,,,0,125.945064,,,,,,,176,67,109,,,,,1,1,0,,,,,,,,,,,,,,,,,,,,,
,9157,,,0,125.955480,,,,,,,176,67,102,,,,,1,1,0,,,,,,,,,,,,,,,,,,,,,
,9158,,,0,125.963292,,,,,,,176,67,96,,,,,1,1,0,,,,,,,,,,,,,,,,,,,,,
,9159,,,0,125.973708,,,,,,,176,67,91,,,,,1,1,0,,,,,,,,,,,,,,,,,,,,,
,9160,,,0,125.984124,,,,,,,176,67,85,,,,,1,1,0,,,,,,,,,,,,,,,,,,,,,
,9161,,,0,125.994540,,,,,,,128,56,0,,,,,1,1,0,,,,,,,,,,,,,,,,,,,,,
,9162,,,0,125.994540,,,,,,,176,67,80,,,,,1,1,0,,,,,,,,,,,,,,,,,,,,,
,9163,,,0,126.004956,,,,,,,176,64,108,,,,,1,1,0,,,,,,,,,,,,,,,,,,,,,
,9164,,,0,126.004956,,,,,,,176,67,74,,,,,1,1,0,,,,,,,,,,,,,,,,,,,,,
,9165,,,0,126.015372,,,,,,,176,64,107,,,,,1,1,0,,,,,,,,,,,,,,,,,,,,,
,9166,,,0,126.015372,,,,,,,176,67,67,,,,,1,1,0,,,,,,,,,,,,,,,,,,,,,
,9167,,,0,126.025788,,,,,,,176,67,61,,,,,1,0,0,,,,,,,,,,,,,,,,,,,,,
323,9168,1,4679,0,126.033600,0.0,0.0,0,C#6,,10,144,85,53,,6017,,,1,0,0,0.5054897978612001,0.649532693903397,,0.0,1,0.012113,0.126052,0.058813500000000005,0.023487078954182446,3.555556,7.133333,4.834027799999999,0.9224046947825342,0.0,0.0,0.0,0.0,0.0,5.125,2.0325891999999994,1.5237275178440568
,9169,,,0,126.033600,,,,,,,176,67,55,,,,,1,0,0,,,,,,,,,,,,,,,,,,,,,
,9170,,,0,126.044016,,,,,,,176,67,49,,,,,1,0,0,,,,,,,,,,,,,,,,,,,,,
,9171,,,0,126.054432,,,,,,,176,67,46,,,,,1,0,0,,,,,,,,,,,,,,,,,,,,,
,9172,,,0,126.064848,,,,,,,176,67,40,,,,,1,0,0,,,,,,,,,,,,,,,,,,,,,
323,9173,1,4680,0,126.072660,0.0,0.0,0,C5,,10,144,72,53,,6017,,,1,0,0,0.5054897978612001,0.649532693903397,,0.0,1,0.012113,0.126052,0.058813500000000005,0.023487078954182446,3.555556,7.133333,4.834027799999999,0.9224046947825342,0.0,0.0,0.0,0.0,0.0,5.125,2.0325891999999994,1.5237275178440568
,9174,,,0,126.075264,,,,,,,176,64,109,,,,,1,0,0,,,,,,,,,,,,,,,,,,,,,
,9175,,,0,126.085680,,,,,,,176,64,107,,,,,1,0,0,,,,,,,,,,,,,,,,,,,,,
,9176,,,0,126.085680,,,,,,,176,67,38,,,,,1,0,0,,,,,,,,,,,,,,,,,,,,,
,9177,,,0,126.093492,,,,,,,176,67,35,,,,,1,0,0,,,,,,,,,,,,,,,,,,,,,
,9178,,,0,126.098700,,,,,,,128,85,0,,,,,1,0,0,,,,,,,,,,,,,,,,,,,,,
,9179,,,0,126.103908,,,,,,,176,67,33,,,,,1,0,0,,,,,,,,,,,,,,,,,,,,,
,9180,,,0,126.145572,,,,,,,176,64,108,,,,,1,0,0,,,,,,,,,,,,,,,,,,,,,
,9181,,,0,126.153384,,,,,,,176,64,107,,,,,1,0,0,,,,,,,,,,,,,,,,,,,,,
,9182,,,0,126.163800,,,,,,,176,64,108,,,,,1,0,0,,,,,,,,,,,,,,,,,,,,,
,9183,,,0,126.166404,,,,,,,176,67,34,,,,,1,0,0,,,,,,,,,,,,,,,,,,,,,
,9184,,,0,126.169008,,,,,,,128,72,0,,,,,1,0,0,,,,,,,,,,,,,,,,,,,,,
,9185,,,0,126.174216,,,,,,,176,64,107,,,,,1,0,0,,,,,,,,,,,,,,,,,,,,,
,9186,,,0,126.174216,,,,,,,176,67,33,,,,,1,0,0,,,,,,,,,,,,,,,,,,,,,
323,9187,1,4682,0,126.184632,0.0,0.0,0,C#6,,11,144,85,58,,6017,,,1,0,0,0.5054897978612001,0.649532693903397,,0.0,1,0.012113,0.126052,0.058813500000000005,0.023487078954182446,3.555556,7.133333,4.834027799999999,0.9224046947825342,0.0,0.0,0.0,0.0,0.0,5.125,2.0325891999999994,1.5237275178440568
323,9188,1,4681,0,126.244524,0.0,0.0,0,D4,,11,144,62,58,,6017,,,1,0,0,0.5054897978612001,0.649532693903397,,0.0,1,0.012113,0.126052,0.058813500000000005,0.023487078954182446,3.555556,7.133333,4.834027799999999,0.9224046947825342,0.0,0.0,0.0,0.0,0.0,5.125,2.0325891999999994,1.5237275178440568
,9189,,,0,126.254940,,,,,,,176,64,109,,,,,1,0,0,,,,,,,,,,,,,,,,,,,,,
,9190,,,0,126.265356,,,,,,,176,64,107,,,,,1,0,0,,,,,,,,,,,,,,,,,,,,,
,9191,,,0,126.275772,,,,,,,128,62,0,,,,,1,0,0,,,,,,,,,,,,,,,,,,,,,
,9192,,,0,126.312228,,,,,,,128,85,0,,,,,1,0,0,,,,,,,,,,,,,,,,,,,,,
,9193,,,0,126.325248,,,,,,,176,64,109,,,,,1,0,0,,,,,,,,,,,,,,,,,,,,,
,9194,,,0,126.335664,,,,,,,176,64,107,,,,,1,0,0,,,,,,,,,,,,,,,,,,,,,
,9195,,,0,126.385140,,,,,,,176,64,108,,,,,1,0,0,,,,,,,,,,,,,,,,,,,,,
,9196,,,0,126.395556,,,,,,,176,64,107,,,,,1,0,0,,,,,,,,,,,,,,,,,,,,,
,9197,,,0,126.403368,,,,,,,176,64,108,,,,,1,0,0,,,,,,,,,,,,,,,,,,,,,
,9198,,,0,126.413784,,,,,,,176,64,107,,,,,1,0,0,,,,,,,,,,,,,,,,,,,,,
323,9199,1,4683,0,126.447636,0.0,0.0,0,D3,,12,144,50,64,,6017,,,1,0,0,0.5054897978612001,0.649532693903397,,0.0,1,0.012113,0.126052,0.058813500000000005,0.023487078954182446,3.555556,7.133333,4.834027799999999,0.9224046947825342,0.0,0.0,0.0,0.0,0.0,5.125,2.0325891999999994,1.5237275178440568
,9200,,,0,126.504924,,,,,,,176,64,108,,,,,1,0,0,,,,,,,,,,,,,,,,,,,,,
,9201,,,0,126.515340,,,,,,,176,64,107,,,,,1,0,0,,,,,,,,,,,,,,,,,,,,,
,9202,,,0,126.533568,,,,,,,176,64,108,,,,,1,0,0,,,,,,,,,,,,,,,,,,,,,
,9203,,,0,126.543984,,,,,,,176,64,107,,,,,1,0,0,,,,,,,,,,,,,,,,,,,,,
,9204,,,0,126.554400,,,,,,,176,64,108,,,,,1,0,0,,,,,,,,,,,,,,,,,,,,,
323,9205,1,4685,0,126.557004,0.0,0.0,0,C#6,,13,144,85,69,,6017,,,1,0,0,0.5054897978612001,0.649532693903397,,0.0,1,0.012113,0.126052,0.058813500000000005,0.023487078954182446,3.555556,7.133333,4.834027799999999,0.9224046947825342,0.0,0.0,0.0,0.0,0.0,5.125,2.0325891999999994,1.5237275178440568
323,9206,1,4684,0,126.562212,0.0,0.0,0,G#2,,13,144,44,69,,6017,,,1,0,0,0.5054897978612001,0.649532693903397,,0.0,1,0.012113,0.126052,0.058813500000000005,0.023487078954182446,3.555556,7.133333,4.834027799999999,0.9224046947825342,0.0,0.0,0.0,0.0,0.0,5.125,2.0325891999999994,1.5237275178440568
,9207,,,0,126.575232,,,,,,,176,64,107,,,,,1,0,0,,,,,,,,,,,,,,,,,,,,,
,9208,,,0,126.603876,,,,,,,176,64,109,,,,,1,0,0,,,,,,,,,,,,,,,,,,,,,
,9209,,,0,126.609084,,,,,,,128,50,0,,,,,1,0,0,,,,,,,,,,,,,,,,,,,,,
,9210,,,0,126.614292,,,,,,,176,64,107,,,,,1,0,0,,,,,,,,,,,,,,,,,,,,,
323,9211,1,4686,0,126.622104,0.0,0.0,0,C5,,14,144,72,74,,6017,,,1,0,0,0.5054897978612001,0.649532693903397,,0.0,1,0.012113,0.126052,0.058813500000000005,0.023487078954182446,3.555556,7.133333,4.834027799999999,0.9224046947825342,0.0,0.0,0.0,0.0,0.0,5.125,2.0325891999999994,1.5237275178440568
,9212,,,0,126.624708,,,,,,,176,64,108,,,,,1,0,0,,,,,,,,,,,,,,,,,,,,,
,9213,,,0,126.645540,,,,,,,176,64,107,,,,,1,0,0,,,,,,,,,,,,,,,,,,,,,
,9214,,,0,126.663768,,,,,,,176,64,108,,,,,1,0,0,,,,,,,,,,,,,,,,,,,,,
,9215,,,0,126.674184,,,,,,,176,64,107,,,,,1,0,0,,,,,,,,,,,,,,,,,,,,,
,9216,,,0,126.681996,,,,,,,128,85,0,,,,,1,0,0,,,,,,,,,,,,,,,,,,,,,
,9217,,,0,126.684600,,,,,,,128,72,0,,,,,1,0,0,,,,,,,,,,,,,,,,,,,,,
,9218,,,0,126.695016,,,,,,,176,64,108,,,,,1,0,0,,,,,,,,,,,,,,,,,,,,,
,9219,,,0,126.695016,,,,,,,176,67,32,,,,,1,0,0,,,,,,,,,,,,,,,,,,,,,
,9220,,,0,126.705432,,,,,,,176,64,107,,,,,1,0,0,,,,,,,,,,,,,,,,,,,,,
,9221,,,0,126.705432,,,,,,,176,67,33,,,,,1,0,0,,,,,,,,,,,,,,,,,,,,,
,9222,,,0,126.715848,,,,,,,176,67,32,,,,,1,0,0,,,,,,,,,,,,,,,,,,,,,
323,9223,1,4687,0,126.718452,0.0,0.0,0,D3,,14,144,50,74,,6017,,,1,0,0,0.5054897978612001,0.649532693903397,,0.0,1,0.012113,0.126052,0.058813500000000005,0.023487078954182446,3.555556,7.133333,4.834027799999999,0.9224046947825342,0.0,0.0,0.0,0.0,0.0,5.125,2.0325891999999994,1.5237275178440568
,9224,,,0,126.723660,,,,,,,176,67,29,,,,,1,0,0,,,,,,,,,,,,,,,,,,,,,
,9225,,,0,126.734076,,,,,,,176,64,108,,,,,1,0,0,,,,,,,,,,,,,,,,,,,,,
,9226,,,0,126.736680,,,,,,,176,67,31,,,,,1,0,0,,,,,,,,,,,,,,,,,,,,,
,9227,,,0,126.744492,,,,,,,176,64,107,,,,,1,0,0,,,,,,,,,,,,,,,,,,,,,
,9228,,,0,126.754908,,,,,,,176,64,109,,,,,1,0,0,,,,,,,,,,,,,,,,,,,,,
,9229,,,0,126.757512,,,,,,,176,67,33,,,,,1,0,0,,,,,,,,,,,,,,,,,,,,,
,9230,,,0,126.765324,,,,,,,176,64,107,,,,,1,0,0,,,,,,,,,,,,,,,,,,,,,
,9231,,,0,126.765324,,,,,,,176,67,30,,,,,1,0,0,,,,,,,,,,,,,,,,,,,,,
,9232,,,0,126.775740,,,,,,,176,64,108,,,,,1,0,0,,,,,,,,,,,,,,,,,,,,,
,9233,,,0,126.775740,,,,,,,176,67,33,,,,,1,0,0,,,,,,,,,,,,,,,,,,,,,
,9234,,,0,126.783552,,,,,,,128,44,0,,,,,1,0,0,,,,,,,,,,,,,,,,,,,,,
,9235,,,0,126.783552,,,,,,,176,64,107,,,,,1,0,0,,,,,,,,,,,,,,,,,,,,,
,9236,,,0,126.786156,,,,,,,176,67,28,,,,,1,0,0,,,,,,,,,,,,,,,,,,,,,
,9237,,,0,126.796572,,,,,,,176,67,33,,,,,1,0,0,,,,,,,,,,,,,,,,,,,,,
,9238,,,0,126.804384,,,,,,,176,67,29,,,,,1,0,0,,,,,,,,,,,,,,,,,,,,,
,9239,,,0,126.814800,,,,,,,176,67,32,,,,,1,0,0,,,,,,,,,,,,,,,,,,,,,
,9240,,,0,126.820008,,,,,,,128,50,0,,,,,1,0,0,,,,,,,,,,,,,,,,,,,,,
,9241,,,0,126.825216,,,,,,,176,64,109,,,,,1,0,0,,,,,,,,,,,,,,,,,,,,,
,9242,,,0,126.825216,,,,,,,176,67,31,,,,,1,0,0,,,,,,,,,,,,,,,,,,,,,
,9243,,,0,126.835632,,,,,,,176,64,107,,,,,1,0,0,,,,,,,,,,,,,,,,,,,,,
,9244,,,0,126.835632,,,,,,,176,67,32,,,,,1,0,0,,,,,,,,,,,,,,,,,,,,,
,9245,,,0,126.843444,,,,,,,176,64,108,,,,,1,0,0,,,,,,,,,,,,,,,,,,,,,
,9246,,,0,126.846048,,,,,,,176,67,29,,,,,1,0,0,,,,,,,,,,,,,,,,,,,,,
,9247,,,0,126.856464,,,,,,,176,64,107,,,,,1,0,0,,,,,,,,,,,,,,,,,,,,,
,9248,,,0,126.859068,,,,,,,176,67,28,,,,,1,0,0,,,,,,,,,,,,,,,,,,,,,
,9249,,,0,126.866880,,,,,,,176,67,32,,,,,1,0,0,,,,,,,,,,,,,,,,,,,,,
,9250,,,0,126.874692,,,,,,,176,67,29,,,,,1,0,0,,,,,,,,,,,,,,,,,,,,,
,9251,,,0,126.885108,,,,,,,176,67,33,,,,,1,0,0,,,,,,,,,,,,,,,,,,,,,
,9252,,,0,126.895524,,,,,,,176,67,29,,,,,1,0,0,,,,,,,,,,,,,,,,,,,,,
,9253,,,0,126.903336,,,,,,,176,67,33,,,,,1,0,0,,,,,,,,,,,,,,,,,,,,,
,9254,,,0,126.916356,,,,,,,176,67,30,,,,,1,0,0,,,,,,,,,,,,,,,,,,,,,
,9255,,,0,126.924168,,,,,,,176,67,27,,,,,1,0,0,,,,,,,,,,,,,,,,,,,,,
,9256,,,0,126.934584,,,,,,,176,64,108,,,,,1,0,0,,,,,,,,,,,,,,,,,,,,,
,9257,,,0,126.934584,,,,,,,176,67,29,,,,,1,0,0,,,,,,,,,,,,,,,,,,,,,
,9258,,,0,126.945000,,,,,,,176,64,107,,,,,1,0,0,,,,,,,,,,,,,,,,,,,,,
,9259,,,0,126.947604,,,,,,,176,67,28,,,,,1,0,0,,,,,,,,,,,,,,,,,,,,,
,9260,,,0,126.955416,,,,,,,176,64,108,,,,,1,0,0,,,,,,,,,,,,,,,,,,,,,
0,9261,1,0,0,126.960624,0.0,0.0,0,D4,,-1,144,62,70,,,,,1,0,0,,,,,,,,,,,,,,,,,,,,,
,9262,,,0,126.965832,,,,,,,176,64,107,,,,,1,0,0,,,,,,,,,,,,,,,,,,,,,
,9263,,,0,126.968436,,,,,,,176,67,27,,,,,1,0,0,,,,,,,,,,,,,,,,,,,,,
323,9264,1,4688,0,126.968436,0.0,0.0,0,E5,,20,144,76,106,,6017,,,1,0,0,0.5054897978612001,0.649532693903397,,0.0,1,0.012113,0.126052,0.058813500000000005,0.023487078954182446,3.555556,7.133333,4.834027799999999,0.9224046947825342,0.0,0.0,0.0,0.0,0.0,5.125,2.0325891999999994,1.5237275178440568
0,9265,1,0,0,126.973644,0.0,0.0,0,G#3,,-1,144,56,57,,,,,1,0,0,,,,,,,,,,,,,,,,,,,,,
323,9266,1,4688,0,126.973644,0.0,0.0,0,C5,,20,144,72,106,,6017,,,1,0,0,0.5054897978612001,0.649532693903397,,0.0,1,0.012113,0.126052,0.058813500000000005,0.023487078954182446,3.555556,7.133333,4.834027799999999,0.9224046947825342,0.0,0.0,0.0,0.0,0.0,5.125,2.0325891999999994,1.5237275178440568
,9267,,,0,126.973644,,,,,,,176,64,109,,,,,1,0,0,,,,,,,,,,,,,,,,,,,,,
323,9268,1,4688,0,126.976248,0.0,0.0,0,C#6,,20,144,85,106,,6017,,,1,0,0,0.5054897978612001,0.649532693903397,,0.0,1,0.012113,0.126052,0.058813500000000005,0.023487078954182446,3.555556,7.133333,4.834027799999999,0.9224046947825342,0.0,0.0,0.0,0.0,0.0,5.125,2.0325891999999994,1.5237275178440568
,9269,,,0,126.984060,,,,,,,176,64,107,,,,,1,0,0,,,,,,,,,,,,,,,,,,,,,
,9270,,,0,126.994476,,,,,,,176,64,108,,,,,1,0,0,,,,,,,,,,,,,,,,,,,,,
,9271,,,0,126.997080,,,,,,,128,62,0,,,,,1,0,0,,,,,,,,,,,,,,,,,,,,,
,9272,,,0,127.004892,,,,,,,176,64,107,,,,,1,0,0,,,,,,,,,,,,,,,,,,,,,
,9273,,,0,127.025724,,,,,,,176,64,110,,,,,1,0,0,,,,,,,,,,,,,,,,,,,,,
,9274,,,0,127.028328,,,,,,,176,67,26,,,,,1,0,0,,,,,,,,,,,,,,,,,,,,,
,9275,,,0,127.036140,,,,,,,176,64,107,,,,,1,0,0,,,,,,,,,,,,,,,,,,,,,
,9276,,,0,127.038744,,,,,,,176,67,27,,,,,1,0,0,,,,,,,,,,,,,,,,,,,,,
,9277,,,0,127.046556,,,,,,,176,64,111,,,,,1,0,0,,,,,,,,,,,,,,,,,,,,,
,9278,,,0,127.051764,,,,,,,128,72,0,,,,,1,0,0,,,,,,,,,,,,,,,,,,,,,
,9279,,,0,127.054368,,,,,,,128,56,0,,,,,1,0,0,,,,,,,,,,,,,,,,,,,,,
,9280,,,0,127.054368,,,,,,,176,64,108,,,,,1,0,0,,,,,,,,,,,,,,,,,,,,,
,9281,,,0,127.059576,,,,,,,128,76,0,,,,,1,0,0,,,,,,,,,,,,,,,,,,,,,
,9282,,,0,127.075200,,,,,,,176,64,107,,,,,1,0,0,,,,,,,,,,,,,,,,,,,,,
,9283,,,0,127.085616,,,,,,,176,64,109,,,,,1,0,0,,,,,,,,,,,,,,,,,,,,,
,9284,,,0,127.085616,,,,,,,176,67,26,,,,,1,0,0,,,,,,,,,,,,,,,,,,,,,
,9285,,,0,127.093428,,,,,,,176,64,107,,,,,1,0,0,,,,,,,,,,,,,,,,,,,,,
,9286,,,0,127.096032,,,,,,,176,67,27,,,,,1,0,0,,,,,,,,,,,,,,,,,,,,,
,9287,,,0,127.101240,,,,,,,128,85,0,,,,,1,0,0,,,,,,,,,,,,,,,,,,,,,
,9288,,,0,127.106448,,,,,,,176,64,109,,,,,1,0,0,,,,,,,,,,,,,,,,,,,,,
,9289,,,0,127.114260,,,,,,,176,64,108,,,,,1,0,0,,,,,,,,,,,,,,,,,,,,,
,9290,,,0,127.127280,,,,,,,176,64,109,,,,,1,0,0,,,,,,,,,,,,,,,,,,,,,
,9291,,,0,127.135092,,,,,,,176,64,108,,,,,1,0,0,,,,,,,,,,,,,,,,,,,,,
,9292,,,0,127.153320,,,,,,,176,64,110,,,,,1,0,0,,,,,,,,,,,,,,,,,,,,,
,9293,,,0,127.163736,,,,,,,176,64,107,,,,,1,0,0,,,,,,,,,,,,,,,,,,,,,
,9294,,,0,127.166340,,,,,,,176,67,26,,,,,1,0,0,,,,,,,,,,,,,,,,,,,,,
,9295,,,0,127.174152,,,,,,,176,64,109,,,,,1,0,0,,,,,,,,,,,,,,,,,,,,,
,9296,,,0,127.174152,,,,,,,176,67,27,,,,,1,0,0,,,,,,,,,,,,,,,,,,,,,
,9297,,,0,127.184568,,,,,,,176,64,107,,,,,1,0,0,,,,,,,,,,,,,,,,,,,,,
,9298,,,0,127.184568,,,,,,,176,67,26,,,,,1,0,0,,,,,,,,,,,,,,,,,,,,,
,9299,,,0,127.194984,,,,,,,176,64,109,,,,,1,0,0,,,,,,,,,,,,,,,,,,,,,
,9300,,,0,127.194984,,,,,,,176,67,27,,,,,1,0,0,,,,,,,,,,,,,,,,,,,,,
,9301,,,0,127.205400,,,,,,,176,64,107,,,,,1,0,0,,,,,,,,,,,,,,,,,,,,,
,9302,,,0,127.213212,,,,,,,176,67,26,,,,,1,0,0,,,,,,,,,,,,,,,,,,,,,
,9303,,,0,127.244460,,,,,,,176,64,104,,,,,1,0,0,,,,,,,,,,,,,,,,,,,,,
,9304,,,0,127.254876,,,,,,,176,64,96,,,,,1,0,0,,,,,,,,,,,,,,,,,,,,,
,9305,,,0,127.265292,,,,,,,176,64,82,,,,,1,0,0,,,,,,,,,,,,,,,,,,,,,
,9306,,,0,127.275708,,,,,,,176,64,61,,,,,0,0,0,,,,,,,,,,,,,,,,,,,,,
,9307,,,0,127.275708,,,,,,,176,67,27,,,,,0,0,0,,,,,,,,,,,,,,,,,,,,,
,9308,,,0,127.283520,,,,,,,176,64,37,,,,,0,0,0,,,,,,,,,,,,,,,,,,,,,
,9309,,,0,127.293936,,,,,,,176,64,17,,,,,0,0,0,,,,,,,,,,,,,,,,,,,,,
,9310,,,0,127.304352,,,,,,,176,64,12,,,,,0,0,0,,,,,,,,,,,,,,,,,,,,,
,9311,,,0,127.314768,,,,,,,176,64,8,,,,,0,0,0,,,,,,,,,,,,,,,,,,,,,
,9312,,,0,127.317372,,,,,,,176,67,26,,,,,0,0,0,,,,,,,,,,,,,,,,,,,,,
,9313,,,0,127.325184,,,,,,,176,67,27,,,,,0,0,0,,,,,,,,,,,,,,,,,,,,,
,9314,,,0,127.356432,,,,,,,176,64,7,,,,,0,0,0,,,,,,,,,,,,,,,,,,,,,
,9315,,,0,127.356432,,,,,,,176,67,28,,,,,0,0,0,,,,,,,,,,,,,,,,,,,,,
,9316,,,0,127.364244,,,,,,,176,64,8,,,,,0,0,0,,,,,,,,,,,,,,,,,,,,,
,9317,,,0,127.374660,,,,,,,176,67,33,,,,,0,0,0,,,,,,,,,,,,,,,,,,,,,
,9318,,,0,127.385076,,,,,,,176,64,7,,,,,0,0,0,,,,,,,,,,,,,,,,,,,,,
,9319,,,0,127.395492,,,,,,,176,64,8,,,,,0,0,0,,,,,,,,,,,,,,,,,,,,,
,9320,,,0,127.403304,,,,,,,176,67,34,,,,,0,0,0,,,,,,,,,,,,,,,,,,,,,
0,9321,1,0,0,127.411116,0.0,0.0,0,C#5,,-1,144,73,26,,,,,0,0,0,,,,,,,,,,,,,,,,,,,,,
,9322,,,0,127.413720,,,,,,,176,67,40,,,,,0,0,0,,,,,,,,,,,,,,,,,,,,,
,9323,,,0,127.424136,,,,,,,176,67,46,,,,,0,0,0,,,,,,,,,,,,,,,,,,,,,
,9324,,,0,127.434552,,,,,,,176,67,53,,,,,0,0,0,,,,,,,,,,,,,,,,,,,,,
,9325,,,0,127.444968,,,,,,,176,67,62,,,,,0,0,0,,,,,,,,,,,,,,,,,,,,,
,9326,,,0,127.455384,,,,,,,176,67,71,,,,,0,1,0,,,,,,,,,,,,,,,,,,,,,
,9327,,,0,127.463196,,,,,,,176,64,7,,,,,0,1,0,,,,,,,,,,,,,,,,,,,,,
,9328,,,0,127.465800,,,,,,,176,67,85,,,,,0,1,0,,,,,,,,,,,,,,,,,,,,,
,9329,,,0,127.476216,,,,,,,176,64,8,,,,,0,1,0,,,,,,,,,,,,,,,,,,,,,
,9330,,,0,127.476216,,,,,,,176,67,103,,,,,0,1,0,,,,,,,,,,,,,,,,,,,,,
,9331,,,0,127.484028,,,,,,,176,67,127,,,,,0,1,0,,,,,,,,,,,,,,,,,,,,,
,9332,,,0,127.499652,,,,,,,128,73,0,,,,,0,1,0,,,,,,,,,,,,,,,,,,,,,
,9333,,,0,127.504860,,,,,,,176,64,7,,,,,0,1,0,,,,,,,,,,,,,,,,,,,,,
,9334,,,0,127.515276,,,,,,,176,64,8,,,,,0,1,0,,,,,,,,,,,,,,,,,,,,,
0,9335,1,0,0,127.523088,0.0,0.0,0,F#4,,-1,144,66,31,,,,,0,1,0,,,,,,,,,,,,,,,,,,,,,
,9336,,,0,127.525692,,,,,,,176,64,9,,,,,0,1,0,,,,,,,,,,,,,,,,,,,,,
,9337,,,0,127.533504,,,,,,,176,64,12,,,,,0,1,0,,,,,,,,,,,,,,,,,,,,,
0,9338,1,0,0,127.536108,0.0,0.0,0,G#1,,-1,144,32,34,,,,,0,1,0,,,,,,,,,,,,,,,,,,,,,
323,9339,1,4688,0,127.541316,0.0,0.0,0,E5,,20,144,76,106,,6017,,,0,1,0,0.5054897978612001,0.649532693903397,,0.0,1,0.012113,0.126052,0.058813500000000005,0.023487078954182446,3.555556,7.133333,4.834027799999999,0.9224046947825342,0.0,0.0,0.0,0.0,0.0,5.125,2.0325891999999994,1.5237275178440568
,9340,,,0,127.543920,,,,,,,176,64,18,,,,,0,1,0,,,,,,,,,,,,,,,,,,,,,
,9341,,,0,127.556940,,,,,,,176,64,23,,,,,0,1,0,,,,,,,,,,,,,,,,,,,,,
,9342,,,0,127.564752,,,,,,,176,64,30,,,,,0,1,0,,,,,,,,,,,,,,,,,,,,,
,9343,,,0,127.575168,,,,,,,176,64,38,,,,,0,1,0,,,,,,,,,,,,,,,,,,,,,
,9344,,,0,127.585584,,,,,,,176,64,50,,,,,0,1,0,,,,,,,,,,,,,,,,,,,,,
,9345,,,0,127.596000,,,,,,,176,64,67,,,,,1,1,0,,,,,,,,,,,,,,,,,,,,,
,9346,,,0,127.598604,,,,,,,128,66,0,,,,,1,1,0,,,,,,,,,,,,,,,,,,,,,
,9347,,,0,127.603812,,,,,,,176,64,86,,,,,1,1,0,,,,,,,,,,,,,,,,,,,,,
,9348,,,0,127.614228,,,,,,,176,64,104,,,,,1,1,0,,,,,,,,,,,,,,,,,,,,,
,9349,,,0,127.622040,,,,,,,128,32,0,,,,,1,1,0,,,,,,,,,,,,,,,,,,,,,
,9350,,,0,127.624644,,,,,,,176,64,116,,,,,1,1,0,,,,,,,,,,,,,,,,,,,,,
,9351,,,0,127.627248,,,,,,,128,76,0,,,,,1,1,0,,,,,,,,,,,,,,,,,,,,,
,9352,,,0,127.635060,,,,,,,176,64,115,,,,,1,1,0,,,,,,,,,,,,,,,,,,,,,
,9353,,,0,127.645476,,,,,,,176,64,111,,,,,1,1,0,,,,,,,,,,,,,,,,,,,,,
,9354,,,0,127.674120,,,,,,,176,67,121,,,,,1,1,0,,,,,,,,,,,,,,,,,,,,,
,9355,,,0,127.684536,,,,,,,176,67,107,,,,,1,1,0,,,,,,,,,,,,,,,,,,,,,
,9356,,,0,127.694952,,,,,,,176,64,112,,,,,1,1,0,,,,,,,,,,,,,,,,,,,,,
,9357,,,0,127.694952,,,,,,,176,67,95,,,,,1,1,0,,,,,,,,,,,,,,,,,,,,,
,9358,,,0,127.705368,,,,,,,176,64,111,,,,,1,1,0,,,,,,,,,,,,,,,,,,,,,
,9359,,,0,127.705368,,,,,,,176,67,85,,,,,1,1,0,,,,,,,,,,,,,,,,,,,,,
,9360,,,0,127.713180,,,,,,,176,64,112,,,,,1,1,0,,,,,,,,,,,,,,,,,,,,,
,9361,,,0,127.715784,,,,,,,176,67,75,,,,,1,1,0,,,,,,,,,,,,,,,,,,,,,
,9362,,,0,127.723596,,,,,,,176,64,111,,,,,1,1,0,,,,,,,,,,,,,,,,,,,,,
,9363,,,0,127.726200,,,,,,,176,67,66,,,,,1,1,0,,,,,,,,,,,,,,,,,,,,,
,9364,,,0,127.734012,,,,,,,176,67,56,,,,,1,0,0,,,,,,,,,,,,,,,,,,,,,
,9365,,,0,127.744428,,,,,,,176,64,112,,,,,1,0,0,,,,,,,,,,,,,,,,,,,,,
,9366,,,0,127.744428,,,,,,,176,67,48,,,,,1,0,0,,,,,,,,,,,,,,,,,,,,,
,9367,,,0,127.754844,,,,,,,176,64,111,,,,,1,0,0,,,,,,,,,,,,,,,,,,,,,
,9368,,,0,127.754844,,,,,,,176,67,40,,,,,1,0,0,,,,,,,,,,,,,,,,,,,,,
,9369,,,0,127.765260,,,,,,,176,64,113,,,,,1,0,0,,,,,,,,,,,,,,,,,,,,,
,9370,,,0,127.765260,,,,,,,176,67,34,,,,,1,0,0,,,,,,,,,,,,,,,,,,,,,
,9371,,,0,127.773072,,,,,,,176,64,111,,,,,1,0,0,,,,,,,,,,,,,,,,,,,,,
,9372,,,0,127.775676,,,,,,,176,67,27,,,,,1,0,0,,,,,,,,,,,,,,,,,,,,,
,9373,,,0,127.783488,,,,,,,176,67,26,,,,,1,0,0,,,,,,,,,,,,,,,,,,,,,
,9374,,,0,127.793904,,,,,,,176,67,27,,,,,1,0,0,,,,,,,,,,,,,,,,,,,,,
,9375,,,0,127.804320,,,,,,,176,67,26,,,,,1,0,0,,,,,,,,,,,,,,,,,,,,,
,9376,,,0,127.814736,,,,,,,176,67,27,,,,,1,0,0,,,,,,,,,,,,,,,,,,,,,
,9377,,,0,127.825152,,,,,,,176,64,112,,,,,1,0,0,,,,,,,,,,,,,,,,,,,,,
,9378,,,0,127.835568,,,,,,,176,64,111,,,,,1,0,0,,,,,,,,,,,,,,,,,,,,,
,9379,,,0,127.864212,,,,,,,176,67,26,,,,,1,0,0,,,,,,,,,,,,,,,,,,,,,
,9380,,,0,127.874628,,,,,,,176,67,27,,,,,1,0,0,,,,,,,,,,,,,,,,,,,,,
,9381,,,0,127.885044,,,,,,,176,67,25,,,,,1,0,0,,,,,,,,,,,,,,,,,,,,,
,9382,,,0,127.895460,,,,,,,176,67,26,,,,,1,0,0,,,,,,,,,,,,,,,,,,,,,
,9383,,,0,127.903272,,,,,,,176,67,23,,,,,1,0,0,,,,,,,,,,,,,,,,,,,,,
,9384,,,0,127.913688,,,,,,,176,67,22,,,,,1,0,0,,,,,,,,,,,,,,,,,,,,,
,9385,,,0,127.924104,,,,,,,176,67,20,,,,,1,0,0,,,,,,,,,,,,,,,,,,,,,
,9386,,,0,127.934520,,,,,,,176,64,112,,,,,1,0,0,,,,,,,,,,,,,,,,,,,,,
,9387,,,0,127.934520,,,,,,,176,67,22,,,,,1,0,0,,,,,,,,,,,,,,,,,,,,,
,9388,,,0,127.944936,,,,,,,176,64,111,,,,,1,0,0,,,,,,,,,,,,,,,,,,,,,
,9389,,,0,127.944936,,,,,,,176,67,21,,,,,1,0,0,,,,,,,,,,,,,,,,,,,,,
,9390,,,0,127.963164,,,,,,,176,67,20,,,,,1,0,0,,,,,,,,,,,,,,,,,,,,,
,9391,,,0,127.973580,,,,,,,176,67,22,,,,,1,0,0,,,,,,,,,,,,,,,,,,,,,
,9392,,,0,127.983996,,,,,,,176,67,21,,,,,1,0,0,,,,,,,,,,,,,,,,,,,,,
,9393,,,0,127.994412,,,,,,,176,67,22,,,,,1,0,0,,,,,,,,,,,,,,,,,,,,,
,9394,,,0,128.004828,,,,,,,176,67,21,,,,,1,0,0,,,,,,,,,,,,,,,,,,,,,
,9395,,,0,128.012640,,,,,,,128,97,0,,,,,1,0,0,,,,,,,,,,,,,,,,,,,,,
,9396,,,0,128.015244,,,,,,,176,67,20,,,,,1,0,0,,,,,,,,,,,,,,,,,,,,,
,9397,,,0,128.023056,,,,,,,176,67,21,,,,,1,0,0,,,,,,,,,,,,,,,,,,,,,
0,9398,1,0,0,128.025660,0.0,0.0,0,F#4,,-1,144,66,83,,,,,1,0,0,,,,,,,,,,,,,,,,,,,,,
0,9399,1,0,0,128.028264,0.0,0.0,0,A#6,,-1,144,94,113,,,,,1,0,0,,,,,,,,,,,,,,,,,,,,,
323,9400,1,4688,0,128.036076,0.0,0.0,0,E5,,20,144,76,106,,6017,,,1,0,0,0.5054897978612001,0.649532693903397,,0.0,1,0.012113,0.126052,0.058813500000000005,0.023487078954182446,3.555556,7.133333,4.834027799999999,0.9224046947825342,0.0,0.0,0.0,0.0,0.0,5.125,2.0325891999999994,1.5237275178440568
,9401,,,0,128.064720,,,,,,,176,67,20,,,,,1,0,0,,,,,,,,,,,,,,,,,,,,,
,9402,,,0,128.075136,,,,,,,176,67,21,,,,,1,0,0,,,,,,,,,,,,,,,,,,,,,
,9403,,,0,128.077740,,,,,,,128,76,0,,,,,1,0,0,,,,,,,,,,,,,,,,,,,,,
,9404,,,0,128.085552,,,,,,,176,64,110,,,,,1,0,0,,,,,,,,,,,,,,,,,,,,,
,9405,,,0,128.085552,,,,,,,176,67,20,,,,,1,0,0,,,,,,,,,,,,,,,,,,,,,
,9406,,,0,128.093364,,,,,,,176,64,111,,,,,1,0,0,,,,,,,,,,,,,,,,,,,,,
,9407,,,0,128.095968,,,,,,,176,67,21,,,,,1,0,0,,,,,,,,,,,,,,,,,,,,,
,9408,,,0,128.103780,,,,,,,176,64,110,,,,,1,0,0,,,,,,,,,,,,,,,,,,,,,
,9409,,,0,128.106384,,,,,,,176,67,20,,,,,1,0,0,,,,,,,,,,,,,,,,,,,,,
,9410,,,0,128.106384,,,,,,,128,94,0,,,,,1,0,0,,,,,,,,,,,,,,,,,,,,,
,9411,,,0,128.114196,,,,,,,176,64,112,,,,,1,0,0,,,,,,,,,,,,,,,,,,,,,
,9412,,,0,128.116800,,,,,,,176,67,21,,,,,1,0,0,,,,,,,,,,,,,,,,,,,,,
,9413,,,0,128.124612,,,,,,,128,66,0,,,,,1,0,0,,,,,,,,,,,,,,,,,,,,,
,9414,,,0,128.124612,,,,,,,176,64,111,,,,,1,0,0,,,,,,,,,,,,,,,,,,,,,
,9415,,,0,128.124612,,,,,,,176,67,20,,,,,1,0,0,,,,,,,,,,,,,,,,,,,,,
,9416,,,0,128.145444,,,,,,,176,67,21,,,,,1,0,0,,,,,,,,,,,,,,,,,,,,,
,9417,,,0,128.174088,,,,,,,176,67,20,,,,,1,0,0,,,,,,,,,,,,,,,,,,,,,
,9418,,,0,128.187108,,,,,,,176,67,21,,,,,1,0,0,,,,,,,,,,,,,,,,,,,,,
,9419,,,0,128.194920,,,,,,,176,67,20,,,,,1,0,0,,,,,,,,,,,,,,,,,,,,,
,9420,,,0,128.223564,,,,,,,176,64,110,,,,,1,0,0,,,,,,,,,,,,,,,,,,,,,
,9421,,,0,128.233980,,,,,,,176,64,111,,,,,1,0,0,,,,,,,,,,,,,,,,,,,,,
,9422,,,0,128.265228,,,,,,,176,64,112,,,,,1,0,0,,,,,,,,,,,,,,,,,,,,,
,9423,,,0,128.275644,,,,,,,176,64,111,,,,,1,0,0,,,,,,,,,,,,,,,,,,,,,
,9424,,,0,128.293872,,,,,,,176,64,110,,,,,1,0,0,,,,,,,,,,,,,,,,,,,,,
,9425,,,0,128.304288,,,,,,,176,64,111,,,,,1,0,0,,,,,,,,,,,,,,,,,,,,,
,9426,,,0,128.335536,,,,,,,176,64,110,,,,,1,0,0,,,,,,,,,,,,,,,,,,,,,
,9427,,,0,128.343348,,,,,,,176,64,111,,,,,1,0,0,,,,,,,,,,,,,,,,,,,,,
,9428,,,0,128.356368,,,,,,,176,64,112,,,,,1,0,0,,,,,,,,,,,,,,,,,,,,,
,9429,,,0,128.366784,,,,,,,176,64,111,,,,,1,0,0,,,,,,,,,,,,,,,,,,,,,
,9430,,,0,128.424072,,,,,,,176,64,110,,,,,1,0,0,,,,,,,,,,,,,,,,,,,,,
,9431,,,0,128.437092,,,,,,,176,64,111,,,,,1,0,0,,,,,,,,,,,,,,,,,,,,,
,9432,,,0,128.455320,,,,,,,176,67,24,,,,,1,0,0,,,,,,,,,,,,,,,,,,,,,
,9433,,,0,128.468340,,,,,,,176,67,26,,,,,1,0,0,,,,,,,,,,,,,,,,,,,,,
,9434,,,0,128.483964,,,,,,,176,67,27,,,,,1,0,0,,,,,,,,,,,,,,,,,,,,,
,9435,,,0,128.504796,,,,,,,176,67,28,,,,,1,0,0,,,,,,,,,,,,,,,,,,,,,
,9436,,,0,128.515212,,,,,,,176,67,27,,,,,1,0,0,,,,,,,,,,,,,,,,,,,,,
,9437,,,0,128.523024,,,,,,,176,67,32,,,,,1,0,0,,,,,,,,,,,,,,,,,,,,,
,9438,,,0,128.533440,,,,,,,176,64,110,,,,,1,0,0,,,,,,,,,,,,,,,,,,,,,
,9439,,,0,128.536044,,,,,,,176,67,33,,,,,1,0,0,,,,,,,,,,,,,,,,,,,,,
,9440,,,0,128.543856,,,,,,,176,64,111,,,,,1,0,0,,,,,,,,,,,,,,,,,,,,,
,9441,,,0,128.575104,,,,,,,176,64,110,,,,,1,0,0,,,,,,,,,,,,,,,,,,,,,
,9442,,,0,128.575104,,,,,,,176,67,36,,,,,1,0,0,,,,,,,,,,,,,,,,,,,,,
,9443,,,0,128.585520,,,,,,,176,64,111,,,,,1,0,0,,,,,,,,,,,,,,,,,,,,,
,9444,,,0,128.585520,,,,,,,176,67,39,,,,,1,0,0,,,,,,,,,,,,,,,,,,,,,
,9445,,,0,128.593332,,,,,,,176,64,110,,,,,1,0,0,,,,,,,,,,,,,,,,,,,,,
,9446,,,0,128.595936,,,,,,,176,67,40,,,,,1,0,0,,,,,,,,,,,,,,,,,,,,,
,9447,,,0,128.603748,,,,,,,176,64,111,,,,,1,0,0,,,,,,,,,,,,,,,,,,,,,
,9448,,,0,128.614164,,,,,,,176,67,46,,,,,1,0,0,,,,,,,,,,,,,,,,,,,,,
,9449,,,0,128.624580,,,,,,,176,64,110,,,,,1,0,0,,,,,,,,,,,,,,,,,,,,,
,9450,,,0,128.634996,,,,,,,176,64,111,,,,,1,0,0,,,,,,,,,,,,,,,,,,,,,
,9451,,,0,128.634996,,,,,,,176,67,53,,,,,1,0,0,,,,,,,,,,,,,,,,,,,,,
,9452,,,0,128.645412,,,,,,,176,67,57,,,,,1,0,0,,,,,,,,,,,,,,,,,,,,,
,9453,,,0,128.653224,,,,,,,176,67,62,,,,,1,0,0,,,,,,,,,,,,,,,,,,,,,
,9454,,,0,128.663640,,,,,,,176,67,69,,,,,1,1,0,,,,,,,,,,,,,,,,,,,,,
,9455,,,0,128.674056,,,,,,,176,67,79,,,,,1,1,0,,,,,,,,,,,,,,,,,,,,,
,9456,,,0,128.684472,,,,,,,176,67,95,,,,,1,1,0,,,,,,,,,,,,,,,,,,,,,
,9457,,,0,128.694888,,,,,,,176,67,112,,,,,1,1,0,,,,,,,,,,,,,,,,,,,,,
324,9458,1,4690,0,128.700096,0.0,0.0,0,F#4,,14,144,66,74,,6017,,,1,1,0,0.5054897978612001,0.649532693903397,,0.0,1,0.012113,0.126052,0.058813500000000005,0.023487078954182446,3.555556,7.133333,4.834027799999999,0.9224046947825342,0.0,0.0,0.0,0.0,0.0,5.125,2.0325891999999994,1.5237275178440568
324,9459,1,4690,0,128.700096,0.0,0.0,0,E5,,8,144,76,42,,6017,,,1,1,0,0.5054897978612001,0.649532693903397,,0.0,1,0.012113,0.126052,0.058813500000000005,0.023487078954182446,3.555556,7.133333,4.834027799999999,0.9224046947825342,0.0,0.0,0.0,0.0,0.0,5.125,2.0325891999999994,1.5237275178440568
,9460,,,0,128.705304,,,,,,,176,64,110,,,,,1,1,0,,,,,,,,,,,,,,,,,,,,,
,9461,,,0,128.705304,,,,,,,176,67,127,,,,,1,1,0,,,,,,,,,,,,,,,,,,,,,
324,9462,1,4692,0,128.707908,0.0,0.0,0,D4,,11,144,62,58,,6017,,,1,1,0,0.5054897978612001,0.649532693903397,,0.0,1,0.012113,0.126052,0.058813500000000005,0.023487078954182446,3.555556,7.133333,4.834027799999999,0.9224046947825342,0.0,0.0,0.0,0.0,0.0,5.125,2.0325891999999994,1.5237275178440568
,9463,,,0,128.713116,,,,,,,176,64,111,,,,,1,1,0,,,,,,,,,,,,,,,,,,,,,
,9464,,,0,128.749572,,,,,,,128,66,0,,,,,1,1,0,,,,,,,,,,,,,,,,,,,,,
,9465,,,0,128.754780,,,,,,,128,76,0,,,,,1,1,0,,,,,,,,,,,,,,,,,,,,,
,9466,,,0,128.765196,,,,,,,128,62,0,,,,,1,1,0,,,,,,,,,,,,,,,,,,,,,
,9467,,,0,128.765196,,,,,,,176,64,110,,,,,1,1,0,,,,,,,,,,,,,,,,,,,,,
,9468,,,0,128.773008,,,,,,,176,64,111,,,,,1,1,0,,,,,,,,,,,,,,,,,,,,,
,9469,,,0,128.814672,,,,,,,176,64,110,,,,,1,1,0,,,,,,,,,,,,,,,,,,,,,
,9470,,,0,128.825088,,,,,,,176,64,111,,,,,1,1,0,,,,,,,,,,,,,,,,,,,,,
,9471,,,0,128.853732,,,,,,,176,64,110,,,,,1,1,0,,,,,,,,,,,,,,,,,,,,,
,9472,,,0,128.864148,,,,,,,176,64,111,,,,,1,1,0,,,,,,,,,,,,,,,,,,,,,
,9473,,,0,128.973516,,,,,,,176,64,110,,,,,1,1,0,,,,,,,,,,,,,,,,,,,,,
,9474,,,0,128.983932,,,,,,,176,64,111,,,,,1,1,0,,,,,,,,,,,,,,,,,,,,,
,9475,,,0,129.004764,,,,,,,176,64,110,,,,,1,1,0,,,,,,,,,,,,,,,,,,,,,
,9476,,,0,129.015180,,,,,,,176,64,111,,,,,1,1,0,,,,,,,,,,,,,,,,,,,,,
,9477,,,0,129.054240,,,,,,,176,64,110,,,,,1,1,0,,,,,,,,,,,,,,,,,,,,,
,9478,,,0,129.064656,,,,,,,176,64,111,,,,,1,1,0,,,,,,,,,,,,,,,,,,,,,
,9479,,,0,129.075072,,,,,,,176,64,110,,,,,1,1,0,,,,,,,,,,,,,,,,,,,,,
,9480,,,0,129.085488,,,,,,,176,64,111,,,,,1,1,0,,,,,,,,,,,,,,,,,,,,,
,9481,,,0,129.163608,,,,,,,176,64,110,,,,,1,1,0,,,,,,,,,,,,,,,,,,,,,
,9482,,,0,129.194856,,,,,,,176,64,107,,,,,1,1,0,,,,,,,,,,,,,,,,,,,,,
324,9483,1,4693,0,129.218292,0.0,0.0,0,F3,,5,144,53,26,,6017,,,1,1,0,0.5054897978612001,0.649532693903397,,0.0,1,0.012113,0.126052,0.058813500000000005,0.023487078954182446,3.555556,7.133333,4.834027799999999,0.9224046947825342,0.0,0.0,0.0,0.0,0.0,5.125,2.0325891999999994,1.5237275178440568
,9484,,,0,129.223500,,,,,,,176,64,103,,,,,1,1,0,,,,,,,,,,,,,,,,,,,,,
,9485,,,0,129.233916,,,,,,,176,64,99,,,,,1,1,0,,,,,,,,,,,,,,,,,,,,,
,9486,,,0,129.244332,,,,,,,176,64,94,,,,,1,1,0,,,,,,,,,,,,,,,,,,,,,
,9487,,,0,129.254748,,,,,,,176,64,85,,,,,1,1,0,,,,,,,,,,,,,,,,,,,,,
324,9488,1,4694,0,129.257352,0.0,0.0,0,G1,,4,144,31,21,,6017,,,1,1,0,0.5054897978612001,0.649532693903397,,0.0,1,0.012113,0.126052,0.058813500000000005,0.023487078954182446,3.555556,7.133333,4.834027799999999,0.9224046947825342,0.0,0.0,0.0,0.0,0.0,5.125,2.0325891999999994,1.5237275178440568
,9489,,,0,129.265164,,,,,,,176,64,73,,,,,1,1,0,,,,,,,,,,,,,,,,,,,,,
,9490,,,0,129.275580,,,,,,,176,64,60,,,,,0,1,0,,,,,,,,,,,,,,,,,,,,,
,9491,,,0,129.283392,,,,,,,176,64,49,,,,,0,1,0,,,,,,,,,,,,,,,,,,,,,
,9492,,,0,129.293808,,,,,,,176,64,37,,,,,0,1,0,,,,,,,,,,,,,,,,,,,,,
,9493,,,0,129.296412,,,,,,,128,53,0,,,,,0,1,0,,,,,,,,,,,,,,,,,,,,,
,9494,,,0,129.304224,,,,,,,176,64,28,,,,,0,1,0,,,,,,,,,,,,,,,,,,,,,
,9495,,,0,129.314640,,,,,,,176,64,24,,,,,0,1,0,,,,,,,,,,,,,,,,,,,,,
,9496,,,0,129.325056,,,,,,,176,64,20,,,,,0,1,0,,,,,,,,,,,,,,,,,,,,,
,9497,,,0,129.335472,,,,,,,176,64,19,,,,,0,1,0,,,,,,,,,,,,,,,,,,,,,
,9498,,,0,129.343284,,,,,,,176,64,17,,,,,0,1,0,,,,,,,,,,,,,,,,,,,,,
,9499,,,0,129.351096,,,,,,,128,31,0,,,,,0,1,0,,,,,,,,,,,,,,,,,,,,,
,9500,,,0,129.356304,,,,,,,176,64,16,,,,,0,1,0,,,,,,,,,,,,,,,,,,,,,
324,9501,1,4695,0,129.356304,0.0,0.0,0,A1,,4,144,33,21,,6017,,,0,1,0,0.5054897978612001,0.649532693903397,,0.0,1,0.012113,0.126052,0.058813500000000005,0.023487078954182446,3.555556,7.133333,4.834027799999999,0.9224046947825342,0.0,0.0,0.0,0.0,0.0,5.125,2.0325891999999994,1.5237275178440568
,9502,,,0,129.374532,,,,,,,176,64,15,,,,,0,1,0,,,,,,,,,,,,,,,,,,,,,
,9503,,,0,129.384948,,,,,,,176,64,16,,,,,0,1,0,,,,,,,,,,,,,,,,,,,,,
,9504,,,0,129.403176,,,,,,,176,64,14,,,,,0,1,0,,,,,,,,,,,,,,,,,,,,,
,9505,,,0,129.413592,,,,,,,176,64,12,,,,,0,1,0,,,,,,,,,,,,,,,,,,,,,
,9506,,,0,129.429216,,,,,,,128,33,0,,,,,0,1,0,,,,,,,,,,,,,,,,,,,,,
324,9507,1,4696,0,129.437028,0.0,0.0,0,G1,,4,144,31,21,,6017,,,0,1,0,0.5054897978612001,0.649532693903397,,0.0,1,0.012113,0.126052,0.058813500000000005,0.023487078954182446,3.555556,7.133333,4.834027799999999,0.9224046947825342,0.0,0.0,0.0,0.0,0.0,5.125,2.0325891999999994,1.5237275178440568
324,9508,1,4697,0,129.520356,0.0,0.0,0,A1,,3,144,33,16,,6017,,,0,1,0,0.5054897978612001,0.649532693903397,,0.0,1,0.012113,0.126052,0.058813500000000005,0.023487078954182446,3.555556,7.133333,4.834027799999999,0.9224046947825342,0.0,0.0,0.0,0.0,0.0,5.125,2.0325891999999994,1.5237275178440568
,9509,,,0,129.522960,,,,,,,176,64,15,,,,,0,1,0,,,,,,,,,,,,,,,,,,,,,
,9510,,,0,129.543792,,,,,,,128,31,0,,,,,0,1,0,,,,,,,,,,,,,,,,,,,,,
,9511,,,0,129.556812,,,,,,,176,64,19,,,,,0,1,0,,,,,,,,,,,,,,,,,,,,,
,9512,,,0,129.564624,,,,,,,176,64,22,,,,,0,1,0,,,,,,,,,,,,,,,,,,,,,
,9513,,,0,129.575040,,,,,,,176,64,23,,,,,0,1,0,,,,,,,,,,,,,,,,,,,,,
,9514,,,0,129.595872,,,,,,,176,64,24,,,,,0,1,0,,,,,,,,,,,,,,,,,,,,,
,9515,,,0,129.595872,,,,,,,128,33,0,,,,,0,1,0,,,,,,,,,,,,,,,,,,,,,
,9516,,,0,129.603684,,,,,,,176,64,27,,,,,0,1,0,,,,,,,,,,,,,,,,,,,,,
324,9517,1,4698,0,129.629724,0.0,0.0,0,G1,,3,144,31,16,,6017,,,0,1,0,0.5054897978612001,0.649532693903397,,0.0,1,0.012113,0.126052,0.058813500000000005,0.023487078954182446,3.555556,7.133333,4.834027799999999,0.9224046947825342,0.0,0.0,0.0,0.0,0.0,5.125,2.0325891999999994,1.5237275178440568
,9518,,,0,129.653160,,,,,,,176,64,29,,,,,0,1,0,,,,,,,,,,,,,,,,,,,,,
,9519,,,0,129.663576,,,,,,,176,64,31,,,,,0,1,0,,,,,,,,,,,,,,,,,,,,,
324,9520,1,4697,0,129.715656,0.0,0.0,0,A1,,3,144,33,16,,6017,,,0,1,0,0.5054897978612001,0.649532693903397,,0.0,1,0.012113,0.126052,0.058813500000000005,0.023487078954182446,3.555556,7.133333,4.834027799999999,0.9224046947825342,0.0,0.0,0.0,0.0,0.0,5.125,2.0325891999999994,1.5237275178440568
324,9521,1,4698,0,129.778152,0.0,0.0,0,G1,,3,144,31,16,,6017,,,0,1,0,0.5054897978612001,0.649532693903397,,0.0,1,0.012113,0.126052,0.058813500000000005,0.023487078954182446,3.555556,7.133333,4.834027799999999,0.9224046947825342,0.0,0.0,0.0,0.0,0.0,5.125,2.0325891999999994,1.5237275178440568
,9522,,,0,129.783360,,,,,,,176,64,32,,,,,0,1,0,,,,,,,,,,,,,,,,,,,,,
,9523,,,0,129.793776,,,,,,,176,64,31,,,,,0,1,0,,,,,,,,,,,,,,,,,,,,,
,9524,,,0,129.796380,,,,,,,128,33,0,,,,,0,1,0,,,,,,,,,,,,,,,,,,,,,
,9525,,,0,129.874500,,,,,,,176,64,30,,,,,0,1,0,,,,,,,,,,,,,,,,,,,,,
,9526,,,0,129.882312,,,,,,,128,31,0,,,,,0,1,0,,,,,,,,,,,,,,,,,,,,,
,9527,,,0,129.882312,,,,,,,128,31,0,,,,,0,1,0,,,,,,,,,,,,,,,,,,,,,
,9528,,,0,129.884916,,,,,,,176,64,31,,,,,0,1,0,,,,,,,,,,,,,,,,,,,,,
,9529,,,0,129.895332,,,,,,,176,64,28,,,,,0,1,0,,,,,,,,,,,,,,,,,,,,,
,9530,,,0,129.913560,,,,,,,176,64,27,,,,,0,1,0,,,,,,,,,,,,,,,,,,,,,
324,9531,1,4699,0,129.916164,0.0,0.0,0,F3,,3,144,53,16,,6017,,,0,1,0,0.5054897978612001,0.649532693903397,,0.0,1,0.012113,0.126052,0.058813500000000005,0.023487078954182446,3.555556,7.133333,4.834027799999999,0.9224046947825342,0.0,0.0,0.0,0.0,0.0,5.125,2.0325891999999994,1.5237275178440568
,9532,,,0,130.004700,,,,,,,176,64,26,,,,,0,1,0,,,,,,,,,,,,,,,,,,,,,
,9533,,,0,130.015116,,,,,,,176,64,24,,,,,0,1,0,,,,,,,,,,,,,,,,,,,,,
,9534,,,0,130.022928,,,,,,,176,64,21,,,,,0,1,0,,,,,,,,,,,,,,,,,,,,,
,9535,,,0,130.035948,,,,,,,176,64,19,,,,,0,1,0,,,,,,,,,,,,,,,,,,,,,
,9536,,,0,130.043760,,,,,,,176,64,17,,,,,0,1,0,,,,,,,,,,,,,,,,,,,,,
,9537,,,0,130.056780,,,,,,,176,64,16,,,,,0,1,0,,,,,,,,,,,,,,,,,,,,,
,9538,,,0,130.064592,,,,,,,176,64,12,,,,,0,1,0,,,,,,,,,,,,,,,,,,,,,
324,9539,1,4700,0,130.077612,0.0,0.0,0,F3,,2,144,53,10,,6017,,,0,1,0,0.5054897978612001,0.649532693903397,,0.0,1,0.012113,0.126052,0.058813500000000005,0.023487078954182446,3.555556,7.133333,4.834027799999999,0.9224046947825342,0.0,0.0,0.0,0.0,0.0,5.125,2.0325891999999994,1.5237275178440568
,9540,,,0,130.085424,,,,,,,176,64,11,,,,,0,1,0,,,,,,,,,,,,,,,,,,,,,
324,9541,1,4700,0,130.108860,0.0,0.0,0,G1,,2,144,31,10,,6017,,,0,1,0,0.5054897978612001,0.649532693903397,,0.0,1,0.012113,0.126052,0.058813500000000005,0.023487078954182446,3.555556,7.133333,4.834027799999999,0.9224046947825342,0.0,0.0,0.0,0.0,0.0,5.125,2.0325891999999994,1.5237275178440568
,9542,,,0,130.116672,,,,,,,176,64,9,,,,,0,1,0,,,,,,,,,,,,,,,,,,,,,
,9543,,,0,130.124484,,,,,,,176,64,11,,,,,0,1,0,,,,,,,,,,,,,,,,,,,,,
,9544,,,0,130.134900,,,,,,,176,64,8,,,,,0,1,0,,,,,,,,,,,,,,,,,,,,,
,9545,,,0,130.145316,,,,,,,176,64,10,,,,,0,1,0,,,,,,,,,,,,,,,,,,,,,
,9546,,,0,130.155732,,,,,,,176,64,8,,,,,0,1,0,,,,,,,,,,,,,,,,,,,,,
,9547,,,0,130.163544,,,,,,,176,64,9,,,,,0,1,0,,,,,,,,,,,,,,,,,,,,,
,9548,,,0,130.173960,,,,,,,176,64,8,,,,,0,1,0,,,,,,,,,,,,,,,,,,,,,
,9549,,,0,130.184376,,,,,,,176,64,10,,,,,0,1,0,,,,,,,,,,,,,,,,,,,,,
,9550,,,0,130.194792,,,,,,,176,64,9,,,,,0,1,0,,,,,,,,,,,,,,,,,,,,,
,9551,,,0,130.213020,,,,,,,176,64,11,,,,,0,1,0,,,,,,,,,,,,,,,,,,,,,
,9552,,,0,130.223436,,,,,,,176,64,8,,,,,0,1,0,,,,,,,,,,,,,,,,,,,,,
,9553,,,0,130.233852,,,,,,,176,64,11,,,,,0,1,0,,,,,,,,,,,,,,,,,,,,,
,9554,,,0,130.244268,,,,,,,176,64,9,,,,,0,1,0,,,,,,,,,,,,,,,,,,,,,
,9555,,,0,130.254684,,,,,,,176,64,11,,,,,0,1,0,,,,,,,,,,,,,,,,,,,,,
,9556,,,0,130.265100,,,,,,,176,64,8,,,,,0,1,0,,,,,,,,,,,,,,,,,,,,,
,9557,,,0,130.275516,,,,,,,176,64,11,,,,,0,1,0,,,,,,,,,,,,,,,,,,,,,
,9558,,,0,130.283328,,,,,,,176,64,9,,,,,0,1,0,,,,,,,,,,,,,,,,,,,,,
,9559,,,0,130.293744,,,,,,,176,64,11,,,,,0,1,0,,,,,,,,,,,,,,,,,,,,,
,9560,,,0,130.304160,,,,,,,176,64,8,,,,,0,1,0,,,,,,,,,,,,,,,,,,,,,
,9561,,,0,130.314576,,,,,,,176,64,9,,,,,0,1,0,,,,,,,,,,,,,,,,,,,,,
,9562,,,0,130.324992,,,,,,,176,64,11,,,,,0,1,0,,,,,,,,,,,,,,,,,,,,,
,9563,,,0,130.332804,,,,,,,176,64,8,,,,,0,1,0,,,,,,,,,,,,,,,,,,,,,
,9564,,,0,130.343220,,,,,,,176,64,10,,,,,0,1,0,,,,,,,,,,,,,,,,,,,,,
,9565,,,0,130.356240,,,,,,,176,64,8,,,,,0,1,0,,,,,,,,,,,,,,,,,,,,,
,9566,,,0,130.364052,,,,,,,176,64,11,,,,,0,1,0,,,,,,,,,,,,,,,,,,,,,
,9567,,,0,130.413528,,,,,,,176,64,12,,,,,0,1,0,,,,,,,,,,,,,,,,,,,,,
,9568,,,0,130.423944,,,,,,,176,64,11,,,,,0,1,0,,,,,,,,,,,,,,,,,,,,,
,9569,,,0,130.444776,,,,,,,176,64,12,,,,,0,1,0,,,,,,,,,,,,,,,,,,,,,
,9570,,,0,130.463004,,,,,,,176,64,11,,,,,0,1,0,,,,,,,,,,,,,,,,,,,,,
,9571,,,0,130.483836,,,,,,,176,64,10,,,,,0,1,0,,,,,,,,,,,,,,,,,,,,,
,9572,,,0,130.494252,,,,,,,176,64,11,,,,,0,1,0,,,,,,,,,,,,,,,,,,,,,
,9573,,,0,130.494252,,,,,,,128,53,0,,,,,0,1,0,,,,,,,,,,,,,,,,,,,,,
,9574,,,0,130.496856,,,,,,,128,53,0,,,,,0,1,0,,,,,,,,,,,,,,,,,,,,,
,9575,,,0,130.504668,,,,,,,176,64,9,,,,,0,1,0,,,,,,,,,,,,,,,,,,,,,
,9576,,,0,130.515084,,,,,,,176,64,11,,,,,0,1,0,,,,,,,,,,,,,,,,,,,,,
,9577,,,0,130.533312,,,,,,,176,64,10,,,,,0,1,0,,,,,,,,,,,,,,,,,,,,,
,9578,,,0,130.554144,,,,,,,176,64,11,,,,,0,1,0,,,,,,,,,,,,,,,,,,,,,
,9579,,,0,130.561956,,,,,,,128,31,0,,,,,0,1,0,,,,,,,,,,,,,,,,,,,,,
,9580,,,0,130.564560,,,,,,,176,64,12,,,,,0,1,0,,,,,,,,,,,,,,,,,,,,,
,9581,,,0,130.574976,,,,,,,176,64,9,,,,,0,1,0,,,,,,,,,,,,,,,,,,,,,
,9582,,,0,130.582788,,,,,,,176,64,11,,,,,0,1,0,,,,,,,,,,,,,,,,,,,,,
,9583,,,0,130.595808,,,,,,,176,64,9,,,,,0,1,0,,,,,,,,,,,,,,,,,,,,,
,9584,,,0,130.603620,,,,,,,176,64,11,,,,,0,1,0,,,,,,,,,,,,,,,,,,,,,
,9585,,,0,130.614036,,,,,,,176,64,9,,,,,0,1,0,,,,,,,,,,,,,,,,,,,,,
,9586,,,0,130.624452,,,,,,,176,64,11,,,,,0,1,0,,,,,,,,,,,,,,,,,,,,,
,9587,,,0,130.634868,,,,,,,176,64,10,,,,,0,1,0,,,,,,,,,,,,,,,,,,,,,
,9588,,,0,130.645284,,,,,,,176,64,11,,,,,0,1,0,,,,,,,,,,,,,,,,,,,,,
,9589,,,0,130.653096,,,,,,,176,64,10,,,,,0,1,0,,,,,,,,,,,,,,,,,,,,,
,9590,,,0,130.663512,,,,,,,176,64,9,,,,,0,1,0,,,,,,,,,,,,,,,,,,,,,
,9591,,,0,130.676532,,,,,,,176,64,10,,,,,0,1,0,,,,,,,,,,,,,,,,,,,,,
,9592,,,0,130.684344,,,,,,,176,64,8,,,,,0,1,0,,,,,,,,,,,,,,,,,,,,,
,9593,,,0,130.694760,,,,,,,176,64,11,,,,,0,1,0,,,,,,,,,,,,,,,,,,,,,
,9594,,,0,130.705176,,,,,,,176,64,8,,,,,0,1,0,,,,,,,,,,,,,,,,,,,,,
,9595,,,0,130.715592,,,,,,,176,64,11,,,,,0,1,0,,,,,,,,,,,,,,,,,,,,,
,9596,,,0,130.723404,,,,,,,176,64,8,,,,,0,1,0,,,,,,,,,,,,,,,,,,,,,
,9597,,,0,130.733820,,,,,,,176,64,11,,,,,0,1,0,,,,,,,,,,,,,,,,,,,,,
,9598,,,0,130.744236,,,,,,,176,64,9,,,,,0,1,0,,,,,,,,,,,,,,,,,,,,,
,9599,,,0,130.757256,,,,,,,176,64,11,,,,,0,1,0,,,,,,,,,,,,,,,,,,,,,
,9600,,,0,130.765068,,,,,,,176,64,9,,,,,0,1,0,,,,,,,,,,,,,,,,,,,,,
,9601,,,0,130.772880,,,,,,,176,64,11,,,,,0,1,0,,,,,,,,,,,,,,,,,,,,,
,9602,,,0,130.783296,,,,,,,176,64,10,,,,,0,1,0,,,,,,,,,,,,,,,,,,,,,
,9603,,,0,130.804128,,,,,,,176,64,11,,,,,0,1,0,,,,,,,,,,,,,,,,,,,,,
,9604,,,0,130.814544,,,,,,,176,64,9,,,,,0,1,0,,,,,,,,,,,,,,,,,,,,,
,9605,,,0,130.824960,,,,,,,176,64,11,,,,,0,1,0,,,,,,,,,,,,,,,,,,,,,
,9606,,,0,130.835376,,,,,,,176,64,8,,,,,0,1,0,,,,,,,,,,,,,,,,,,,,,
,9607,,,0,130.843188,,,,,,,176,64,10,,,,,0,1,0,,,,,,,,,,,,,,,,,,,,,
,9608,,,0,130.853604,,,,,,,176,64,11,,,,,0,1,0,,,,,,,,,,,,,,,,,,,,,
,9609,,,0,130.882248,,,,,,,176,64,8,,,,,0,1,0,,,,,,,,,,,,,,,,,,,,,
,9610,,,0,130.884852,,,,,,,176,64,11,,,,,0,1,0,,,,,,,,,,,,,,,,,,,,,
,9611,,,0,130.895268,,,,,,,176,64,9,,,,,0,1,0,,,,,,,,,,,,,,,,,,,,,
,9612,,,0,130.913496,,,,,,,176,64,11,,,,,0,1,0,,,,,,,,,,,,,,,,,,,,,
,9613,,,0,130.923912,,,,,,,176,64,9,,,,,0,1,0,,,,,,,,,,,,,,,,,,,,,
,9614,,,0,130.934328,,,,,,,176,64,10,,,,,0,1,0,,,,,,,,,,,,,,,,,,,,,
,9615,,,0,130.944744,,,,,,,176,64,8,,,,,0,1,0,,,,,,,,,,,,,,,,,,,,,
324,9616,1,4701,0,130.955160,0.0,0.0,0,E6,,11,144,88,58,,6018,,,0,1,0,0.31905263774225656,0.5251776706827309,-1,0.0,1,0.013533,0.34158,0.05937835,0.054433912816621036,2.153846,6.225,3.4788772000000003,1.0429115434995961,0.0,0.0,0.0,0.0,0.0,4.845455,1.9821322250000002,1.271222016986185
,9617,,,0,130.957764,,,,,,,176,64,11,,,,,0,1,0,,,,,,,,,,,,,,,,,,,,,
,9618,,,0,130.965576,,,,,,,176,64,9,,,,,0,1,0,,,,,,,,,,,,,,,,,,,,,
,9619,,,0,130.975992,,,,,,,176,64,11,,,,,0,1,0,,,,,,,,,,,,,,,,,,,,,
324,9620,1,4702,0,130.975992,0.0,0.0,0,D4,,14,144,62,74,,6018,,,0,1,0,0.31905263774225656,0.5251776706827309,-1,0.0,1,0.013533,0.34158,0.05937835,0.054433912816621036,2.153846,6.225,3.4788772000000003,1.0429115434995961,0.0,0.0,0.0,0.0,0.0,4.845455,1.9821322250000002,1.271222016986185
,9621,,,0,130.983804,,,,,,,176,64,8,,,,,0,1,0,,,,,,,,,,,,,,,,,,,,,
,9622,,,0,130.994220,,,,,,,176,64,11,,,,,0,1,0,,,,,,,,,,,,,,,,,,,,,
,9623,,,0,131.004636,,,,,,,176,64,10,,,,,0,1,0,,,,,,,,,,,,,,,,,,,,,
,9624,,,0,131.022864,,,,,,,176,64,12,,,,,0,1,0,,,,,,,,,,,,,,,,,,,,,
,9625,,,0,131.025468,,,,,,,128,62,0,,,,,0,1,0,,,,,,,,,,,,,,,,,,,,,
,9626,,,0,131.035884,,,,,,,176,64,8,,,,,0,1,0,,,,,,,,,,,,,,,,,,,,,
,9627,,,0,131.043696,,,,,,,176,64,11,,,,,0,1,0,,,,,,,,,,,,,,,,,,,,,
,9628,,,0,131.056716,,,,,,,176,64,8,,,,,0,1,0,,,,,,,,,,,,,,,,,,,,,
,9629,,,0,131.064528,,,,,,,176,64,10,,,,,0,1,0,,,,,,,,,,,,,,,,,,,,,
,9630,,,0,131.074944,,,,,,,176,64,8,,,,,0,1,0,,,,,,,,,,,,,,,,,,,,,
,9631,,,0,131.082756,,,,,,,176,64,11,,,,,0,1,0,,,,,,,,,,,,,,,,,,,,,
,9632,,,0,131.085360,,,,,,,176,67,123,,,,,0,1,0,,,,,,,,,,,,,,,,,,,,,
,9633,,,0,131.093172,,,,,,,176,64,8,,,,,0,1,0,,,,,,,,,,,,,,,,,,,,,
,9634,,,0,131.095776,,,,,,,176,67,105,,,,,0,1,0,,,,,,,,,,,,,,,,,,,,,
324,9635,1,4703,0,131.103588,0.0,0.0,0,F#6,,17,144,90,90,,6018,,,0,1,0,0.31905263774225656,0.5251776706827309,-1,0.0,1,0.013533,0.34158,0.05937835,0.054433912816621036,2.153846,6.225,3.4788772000000003,1.0429115434995961,0.0,0.0,0.0,0.0,0.0,4.845455,1.9821322250000002,1.271222016986185
,9636,,,0,131.103588,,,,,,,128,88,0,,,,,0,1,0,,,,,,,,,,,,,,,,,,,,,
,9637,,,0,131.106192,,,,,,,176,64,10,,,,,0,1,0,,,,,,,,,,,,,,,,,,,,,
,9638,,,0,131.106192,,,,,,,176,67,88,,,,,0,1,0,,,,,,,,,,,,,,,,,,,,,
,9639,,,0,131.116608,,,,,,,176,64,8,,,,,0,1,0,,,,,,,,,,,,,,,,,,,,,
,9640,,,0,131.116608,,,,,,,176,67,74,,,,,0,1,0,,,,,,,,,,,,,,,,,,,,,
,9641,,,0,131.124420,,,,,,,176,64,9,,,,,0,1,0,,,,,,,,,,,,,,,,,,,,,
,9642,,,0,131.127024,,,,,,,176,67,62,,,,,0,0,0,,,,,,,,,,,,,,,,,,,,,
,9643,,,0,131.134836,,,,,,,176,64,10,,,,,0,0,0,,,,,,,,,,,,,,,,,,,,,
,9644,,,0,131.134836,,,,,,,176,67,54,,,,,0,0,0,,,,,,,,,,,,,,,,,,,,,
,9645,,,0,131.145252,,,,,,,176,64,9,,,,,0,0,0,,,,,,,,,,,,,,,,,,,,,
,9646,,,0,131.145252,,,,,,,176,67,48,,,,,0,0,0,,,,,,,,,,,,,,,,,,,,,
,9647,,,0,131.153064,,,,,,,176,64,10,,,,,0,0,0,,,,,,,,,,,,,,,,,,,,,
,9648,,,0,131.155668,,,,,,,176,67,42,,,,,0,0,0,,,,,,,,,,,,,,,,,,,,,
,9649,,,0,131.163480,,,,,,,176,64,8,,,,,0,0,0,,,,,,,,,,,,,,,,,,,,,
,9650,,,0,131.166084,,,,,,,176,67,40,,,,,0,0,0,,,,,,,,,,,,,,,,,,,,,
,9651,,,0,131.173896,,,,,,,176,64,11,,,,,0,0,0,,,,,,,,,,,,,,,,,,,,,
,9652,,,0,131.173896,,,,,,,176,67,36,,,,,0,0,0,,,,,,,,,,,,,,,,,,,,,
,9653,,,0,131.184312,,,,,,,176,64,8,,,,,0,0,0,,,,,,,,,,,,,,,,,,,,,
,9654,,,0,131.184312,,,,,,,176,67,34,,,,,0,0,0,,,,,,,,,,,,,,,,,,,,,
,9655,,,0,131.194728,,,,,,,176,64,10,,,,,0,0,0,,,,,,,,,,,,,,,,,,,,,
,9656,,,0,131.194728,,,,,,,176,67,33,,,,,0,0,0,,,,,,,,,,,,,,,,,,,,,
,9657,,,0,131.212956,,,,,,,176,64,11,,,,,0,0,0,,,,,,,,,,,,,,,,,,,,,
,9658,,,0,131.215560,,,,,,,176,67,34,,,,,0,0,0,,,,,,,,,,,,,,,,,,,,,
,9659,,,0,131.223372,,,,,,,176,64,8,,,,,0,0,0,,,,,,,,,,,,,,,,,,,,,
,9660,,,0,131.225976,,,,,,,176,67,33,,,,,0,0,0,,,,,,,,,,,,,,,,,,,,,
,9661,,,0,131.233788,,,,,,,176,64,10,,,,,0,0,0,,,,,,,,,,,,,,,,,,,,,
,9662,,,0,131.265036,,,,,,,176,64,11,,,,,0,0,0,,,,,,,,,,,,,,,,,,,,,
,9663,,,0,131.272848,,,,,,,176,64,9,,,,,0,0,0,,,,,,,,,,,,,,,,,,,,,
,9664,,,0,131.283264,,,,,,,176,64,12,,,,,0,0,0,,,,,,,,,,,,,,,,,,,,,
,9665,,,0,131.293680,,,,,,,176,64,9,,,,,0,0,0,,,,,,,,,,,,,,,,,,,,,
,9666,,,0,131.296284,,,,,,,176,67,34,,,,,0,0,0,,,,,,,,,,,,,,,,,,,,,
,9667,,,0,131.304096,,,,,,,176,64,11,,,,,0,0,0,,,,,,,,,,,,,,,,,,,,,
,9668,,,0,131.304096,,,,,,,176,67,33,,,,,0,0,0,,,,,,,,,,,,,,,,,,,,,
,9669,,,0,131.314512,,,,,,,176,64,12,,,,,0,0,0,,,,,,,,,,,,,,,,,,,,,
,9670,,,0,131.324928,,,,,,,176,64,11,,,,,0,0,0,,,,,,,,,,,,,,,,,,,,,
,9671,,,0,131.332740,,,,,,,176,64,10,,,,,0,0,0,,,,,,,,,,,,,,,,,,,,,
,9672,,,0,131.343156,,,,,,,176,64,11,,,,,0,0,0,,,,,,,,,,,,,,,,,,,,,
,9673,,,0,131.353572,,,,,,,176,67,34,,,,,0,0,0,,,,,,,,,,,,,,,,,,,,,
,9674,,,0,131.363988,,,,,,,176,67,33,,,,,0,0,0,,,,,,,,,,,,,,,,,,,,,
,9675,,,0,131.374404,,,,,,,176,64,12,,,,,0,0,0,,,,,,,,,,,,,,,,,,,,,
,9676,,,0,131.374404,,,,,,,128,90,0,,,,,0,0,0,,,,,,,,,,,,,,,,,,,,,
,9677,,,0,131.384820,,,,,,,176,67,34,,,,,0,0,0,,,,,,,,,,,,,,,,,,,,,
,9678,,,0,131.423880,,,,,,,176,67,35,,,,,0,0,0,,,,,,,,,,,,,,,,,,,,,
,9679,,,0,131.434296,,,,,,,176,64,15,,,,,0,0,0,,,,,,,,,,,,,,,,,,,,,
,9680,,,0,131.436900,,,,,,,176,67,34,,,,,0,0,0,,,,,,,,,,,,,,,,,,,,,
,9681,,,0,131.444712,,,,,,,176,67,35,,,,,0,0,0,,,,,,,,,,,,,,,,,,,,,
,9682,,,0,131.455128,,,,,,,176,67,34,,,,,0,0,0,,,,,,,,,,,,,,,,,,,,,
,9683,,,0,131.483772,,,,,,,176,64,16,,,,,0,0,0,,,,,,,,,,,,,,,,,,,,,
,9684,,,0,131.494188,,,,,,,176,67,35,,,,,0,0,0,,,,,,,,,,,,,,,,,,,,,
324,9685,1,4704,0,131.494188,0.0,0.0,0,D#3,,14,144,51,74,,6018,,,0,0,0,0.31905263774225656,0.5251776706827309,-1,0.0,1,0.013533,0.34158,0.05937835,0.054433912816621036,2.153846,6.225,3.4788772000000003,1.0429115434995961,0.0,0.0,0.0,0.0,0.0,4.845455,1.9821322250000002,1.271222016986185
,9686,,,0,131.504604,,,,,,,176,64,15,,,,,0,0,0,,,,,,,,,,,,,,,,,,,,,
,9687,,,0,131.507208,,,,,,,176,67,37,,,,,0,0,0,,,,,,,,,,,,,,,,,,,,,
,9688,,,0,131.515020,,,,,,,176,67,35,,,,,0,0,0,,,,,,,,,,,,,,,,,,,,,
,9689,,,0,131.522832,,,,,,,176,64,18,,,,,0,0,0,,,,,,,,,,,,,,,,,,,,,
,9690,,,0,131.525436,,,,,,,176,67,36,,,,,0,0,0,,,,,,,,,,,,,,,,,,,,,
,9691,,,0,131.533248,,,,,,,176,64,17,,,,,0,0,0,,,,,,,,,,,,,,,,,,,,,
,9692,,,0,131.535852,,,,,,,176,67,35,,,,,0,0,0,,,,,,,,,,,,,,,,,,,,,
,9693,,,0,131.543664,,,,,,,176,64,19,,,,,0,0,0,,,,,,,,,,,,,,,,,,,,,
,9694,,,0,131.546268,,,,,,,176,67,37,,,,,0,0,0,,,,,,,,,,,,,,,,,,,,,
,9695,,,0,131.556684,,,,,,,176,64,16,,,,,0,0,0,,,,,,,,,,,,,,,,,,,,,
,9696,,,0,131.556684,,,,,,,176,67,36,,,,,0,0,0,,,,,,,,,,,,,,,,,,,,,
,9697,,,0,131.564496,,,,,,,176,64,19,,,,,0,0,0,,,,,,,,,,,,,,,,,,,,,
,9698,,,0,131.564496,,,,,,,176,67,35,,,,,0,0,0,,,,,,,,,,,,,,,,,,,,,
,9699,,,0,131.574912,,,,,,,176,64,16,,,,,0,0,0,,,,,,,,,,,,,,,,,,,,,
,9700,,,0,131.574912,,,,,,,176,67,36,,,,,0,0,0,,,,,,,,,,,,,,,,,,,,,
324,9701,1,4705,0,131.574912,0.0,0.0,0,A#4,,11,144,70,58,,6018,,,0,0,0,0.31905263774225656,0.5251776706827309,-1,0.0,1,0.013533,0.34158,0.05937835,0.054433912816621036,2.153846,6.225,3.4788772000000003,1.0429115434995961,0.0,0.0,0.0,0.0,0.0,4.845455,1.9821322250000002,1.271222016986185
,9702,,,0,131.582724,,,,,,,176,64,18,,,,,0,0,0,,,,,,,,,,,,,,,,,,,,,
,9703,,,0,131.585328,,,,,,,128,51,0,,,,,0,0,0,,,,,,,,,,,,,,,,,,,,,
,9704,,,0,131.593140,,,,,,,176,64,17,,,,,0,0,0,,,,,,,,,,,,,,,,,,,,,
,9705,,,0,131.595744,,,,,,,176,67,38,,,,,0,0,0,,,,,,,,,,,,,,,,,,,,,
,9706,,,0,131.606160,,,,,,,176,64,18,,,,,0,0,0,,,,,,,,,,,,,,,,,,,,,
,9707,,,0,131.606160,,,,,,,176,67,35,,,,,0,0,0,,,,,,,,,,,,,,,,,,,,,
,9708,,,0,131.613972,,,,,,,176,64,17,,,,,0,0,0,,,,,,,,,,,,,,,,,,,,,
,9709,,,0,131.613972,,,,,,,176,67,37,,,,,0,0,0,,,,,,,,,,,,,,,,,,,,,
,9710,,,0,131.624388,,,,,,,176,64,16,,,,,0,0,0,,,,,,,,,,,,,,,,,,,,,
,9711,,,0,131.624388,,,,,,,176,67,36,,,,,0,0,0,,,,,,,,,,,,,,,,,,,,,
,9712,,,0,131.634804,,,,,,,176,64,17,,,,,0,0,0,,,,,,,,,,,,,,,,,,,,,
,9713,,,0,131.645220,,,,,,,176,64,16,,,,,0,0,0,,,,,,,,,,,,,,,,,,,,,
,9714,,,0,131.653032,,,,,,,176,64,15,,,,,0,0,0,,,,,,,,,,,,,,,,,,,,,
,9715,,,0,131.676468,,,,,,,176,64,16,,,,,0,0,0,,,,,,,,,,,,,,,,,,,,,
,9716,,,0,131.676468,,,,,,,176,67,37,,,,,0,0,0,,,,,,,,,,,,,,,,,,,,,
,9717,,,0,131.694696,,,,,,,128,70,0,,,,,0,0,0,,,,,,,,,,,,,,,,,,,,,
,9718,,,0,131.694696,,,,,,,176,64,15,,,,,0,0,0,,,,,,,,,,,,,,,,,,,,,
,9719,,,0,131.694696,,,,,,,176,67,36,,,,,0,0,0,,,,,,,,,,,,,,,,,,,,,
,9720,,,0,131.705112,,,,,,,176,67,35,,,,,0,0,0,,,,,,,,,,,,,,,,,,,,,
,9721,,,0,131.715528,,,,,,,176,64,16,,,,,0,0,0,,,,,,,,,,,,,,,,,,,,,
,9722,,,0,131.723340,,,,,,,176,64,15,,,,,0,0,0,,,,,,,,,,,,,,,,,,,,,
,9723,,,0,131.744172,,,,,,,176,64,16,,,,,0,0,0,,,,,,,,,,,,,,,,,,,,,
,9724,,,0,131.744172,,,,,,,176,67,36,,,,,0,0,0,,,,,,,,,,,,,,,,,,,,,
,9725,,,0,131.757192,,,,,,,176,64,15,,,,,0,0,0,,,,,,,,,,,,,,,,,,,,,
,9726,,,0,131.757192,,,,,,,176,67,35,,,,,0,0,0,,,,,,,,,,,,,,,,,,,,,
,9727,,,0,131.765004,,,,,,,176,64,16,,,,,0,0,0,,,,,,,,,,,,,,,,,,,,,
,9728,,,0,131.765004,,,,,,,176,67,34,,,,,0,0,0,,,,,,,,,,,,,,,,,,,,,
,9729,,,0,131.772816,,,,,,,176,64,14,,,,,0,0,0,,,,,,,,,,,,,,,,,,,,,
,9730,,,0,131.775420,,,,,,,176,67,35,,,,,0,0,0,,,,,,,,,,,,,,,,,,,,,
,9731,,,0,131.783232,,,,,,,176,64,15,,,,,0,0,0,,,,,,,,,,,,,,,,,,,,,
,9732,,,0,131.796252,,,,,,,176,64,13,,,,,0,0,0,,,,,,,,,,,,,,,,,,,,,
,9733,,,0,131.796252,,,,,,,176,67,34,,,,,0,0,0,,,,,,,,,,,,,,,,,,,,,
,9734,,,0,131.804064,,,,,,,176,64,15,,,,,0,0,0,,,,,,,,,,,,,,,,,,,,,
,9735,,,0,131.804064,,,,,,,176,67,33,,,,,0,0,0,,,,,,,,,,,,,,,,,,,,,
,9736,,,0,131.814480,,,,,,,176,64,13,,,,,0,0,0,,,,,,,,,,,,,,,,,,,,,
324,9737,1,4706,0,131.822292,0.0,0.0,0,F#4,,5,144,66,26,,6018,,,0,0,0,0.31905263774225656,0.5251776706827309,-1,0.0,1,0.013533,0.34158,0.05937835,0.054433912816621036,2.153846,6.225,3.4788772000000003,1.0429115434995961,0.0,0.0,0.0,0.0,0.0,4.845455,1.9821322250000002,1.271222016986185
,9738,,,0,131.824896,,,,,,,176,64,15,,,,,0,0,0,,,,,,,,,,,,,,,,,,,,,
,9739,,,0,131.824896,,,,,,,176,67,34,,,,,0,0,0,,,,,,,,,,,,,,,,,,,,,
,9740,,,0,131.835312,,,,,,,176,67,33,,,,,0,0,0,,,,,,,,,,,,,,,,,,,,,
324,9741,1,4706,0,131.837916,0.0,0.0,0,E5,,5,144,76,26,,6018,,,0,0,0,0.31905263774225656,0.5251776706827309,-1,0.0,1,0.013533,0.34158,0.05937835,0.054433912816621036,2.153846,6.225,3.4788772000000003,1.0429115434995961,0.0,0.0,0.0,0.0,0.0,4.845455,1.9821322250000002,1.271222016986185
324,9742,1,4706,0,131.837916,0.0,0.0,0,D4,,5,144,62,26,,6018,,,0,0,0,0.31905263774225656,0.5251776706827309,-1,0.0,1,0.013533,0.34158,0.05937835,0.054433912816621036,2.153846,6.225,3.4788772000000003,1.0429115434995961,0.0,0.0,0.0,0.0,0.0,4.845455,1.9821322250000002,1.271222016986185
,9743,,,0,131.843124,,,,,,,176,64,16,,,,,0,0,0,,,,,,,,,,,,,,,,,,,,,
,9744,,,0,131.845728,,,,,,,176,67,34,,,,,0,0,0,,,,,,,,,,,,,,,,,,,,,
,9745,,,0,131.863956,,,,,,,176,67,35,,,,,0,0,0,,,,,,,,,,,,,,,,,,,,,
,9746,,,0,131.874372,,,,,,,176,64,15,,,,,0,0,0,,,,,,,,,,,,,,,,,,,,,
,9747,,,0,131.876976,,,,,,,176,67,34,,,,,0,0,0,,,,,,,,,,,,,,,,,,,,,
,9748,,,0,131.884788,,,,,,,176,64,16,,,,,0,0,0,,,,,,,,,,,,,,,,,,,,,
,9749,,,0,131.895204,,,,,,,176,67,33,,,,,0,0,0,,,,,,,,,,,,,,,,,,,,,
,9750,,,0,131.903016,,,,,,,176,64,15,,,,,0,0,0,,,,,,,,,,,,,,,,,,,,,
,9751,,,0,131.905620,,,,,,,176,67,34,,,,,0,0,0,,,,,,,,,,,,,,,,,,,,,
,9752,,,0,131.913432,,,,,,,176,64,19,,,,,0,0,0,,,,,,,,,,,,,,,,,,,,,
,9753,,,0,131.916036,,,,,,,176,67,33,,,,,0,0,0,,,,,,,,,,,,,,,,,,,,,
,9754,,,0,131.923848,,,,,,,176,67,34,,,,,0,0,0,,,,,,,,,,,,,,,,,,,,,
,9755,,,0,131.934264,,,,,,,176,64,20,,,,,0,0,0,,,,,,,,,,,,,,,,,,,,,
,9756,,,0,131.944680,,,,,,,176,64,23,,,,,0,0,0,,,,,,,,,,,,,,,,,,,,,
,9757,,,0,131.955096,,,,,,,176,67,33,,,,,0,0,0,,,,,,,,,,,,,,,,,,,,,
,9758,,,0,131.962908,,,,,,,176,64,27,,,,,0,0,0,,,,,,,,,,,,,,,,,,,,,
,9759,,,0,131.983740,,,,,,,176,64,31,,,,,0,0,0,,,,,,,,,,,,,,,,,,,,,
,9760,,,0,131.996760,,,,,,,176,64,35,,,,,0,0,0,,,,,,,,,,,,,,,,,,,,,
,9761,,,0,131.996760,,,,,,,176,67,34,,,,,0,0,0,,,,,,,,,,,,,,,,,,,,,
,9762,,,0,132.004572,,,,,,,176,64,38,,,,,0,0,0,,,,,,,,,,,,,,,,,,,,,
,9763,,,0,132.004572,,,,,,,176,67,33,,,,,0,0,0,,,,,,,,,,,,,,,,,,,,,
,9764,,,0,132.014988,,,,,,,176,64,44,,,,,0,0,0,,,,,,,,,,,,,,,,,,,,,
,9765,,,0,132.022800,,,,,,,176,64,56,,,,,0,0,0,,,,,,,,,,,,,,,,,,,,,
,9766,,,0,132.035820,,,,,,,176,64,70,,,,,1,0,0,,,,,,,,,,,,,,,,,,,,,
,9767,,,0,132.043632,,,,,,,176,64,87,,,,,1,0,0,,,,,,,,,,,,,,,,,,,,,
,9768,,,0,132.046236,,,,,,,176,67,34,,,,,1,0,0,,,,,,,,,,,,,,,,,,,,,
,9769,,,0,132.054048,,,,,,,176,64,105,,,,,1,0,0,,,,,,,,,,,,,,,,,,,,,
,9770,,,0,132.054048,,,,,,,176,67,33,,,,,1,0,0,,,,,,,,,,,,,,,,,,,,,
,9771,,,0,132.064464,,,,,,,176,64,117,,,,,1,0,0,,,,,,,,,,,,,,,,,,,,,
,9772,,,0,132.074880,,,,,,,176,64,115,,,,,1,0,0,,,,,,,,,,,,,,,,,,,,,
,9773,,,0,132.082692,,,,,,,176,64,111,,,,,1,0,0,,,,,,,,,,,,,,,,,,,,,
,9774,,,0,132.085296,,,,,,,176,67,35,,,,,1,0,0,,,,,,,,,,,,,,,,,,,,,
,9775,,,0,132.093108,,,,,,,176,67,37,,,,,1,0,0,,,,,,,,,,,,,,,,,,,,,
,9776,,,0,132.103524,,,,,,,176,64,114,,,,,1,0,0,,,,,,,,,,,,,,,,,,,,,
,9777,,,0,132.106128,,,,,,,176,67,38,,,,,1,0,0,,,,,,,,,,,,,,,,,,,,,
,9778,,,0,132.116544,,,,,,,176,64,113,,,,,1,0,0,,,,,,,,,,,,,,,,,,,,,
,9779,,,0,132.116544,,,,,,,176,67,40,,,,,1,0,0,,,,,,,,,,,,,,,,,,,,,
,9780,,,0,132.119148,,,,,,,128,62,0,,,,,1,0,0,,,,,,,,,,,,,,,,,,,,,
,9781,,,0,132.124356,,,,,,,176,64,114,,,,,1,0,0,,,,,,,,,,,,,,,,,,,,,
,9782,,,0,132.124356,,,,,,,176,67,44,,,,,1,0,0,,,,,,,,,,,,,,,,,,,,,
,9783,,,0,132.134772,,,,,,,176,67,52,,,,,1,0,0,,,,,,,,,,,,,,,,,,,,,
,9784,,,0,132.137376,,,,,,,128,66,0,,,,,1,0,0,,,,,,,,,,,,,,,,,,,,,
,9785,,,0,132.145188,,,,,,,176,64,112,,,,,1,0,0,,,,,,,,,,,,,,,,,,,,,
,9786,,,0,132.145188,,,,,,,176,67,64,,,,,1,1,0,,,,,,,,,,,,,,,,,,,,,
,9787,,,0,132.155604,,,,,,,176,64,115,,,,,1,1,0,,,,,,,,,,,,,,,,,,,,,
,9788,,,0,132.155604,,,,,,,176,67,76,,,,,1,1,0,,,,,,,,,,,,,,,,,,,,,
,9789,,,0,132.163416,,,,,,,176,64,112,,,,,1,1,0,,,,,,,,,,,,,,,,,,,,,
,9790,,,0,132.166020,,,,,,,176,67,89,,,,,1,1,0,,,,,,,,,,,,,,,,,,,,,
,9791,,,0,132.173832,,,,,,,176,64,114,,,,,1,1,0,,,,,,,,,,,,,,,,,,,,,
,9792,,,0,132.173832,,,,,,,176,67,103,,,,,1,1,0,,,,,,,,,,,,,,,,,,,,,
,9793,,,0,132.184248,,,,,,,176,64,113,,,,,1,1,0,,,,,,,,,,,,,,,,,,,,,
,9794,,,0,132.184248,,,,,,,176,67,114,,,,,1,1,0,,,,,,,,,,,,,,,,,,,,,
,9795,,,0,132.194664,,,,,,,176,67,125,,,,,1,1,0,,,,,,,,,,,,,,,,,,,,,
,9796,,,0,132.205080,,,,,,,176,64,114,,,,,1,1,0,,,,,,,,,,,,,,,,,,,,,
,9797,,,0,132.205080,,,,,,,176,67,127,,,,,1,1,0,,,,,,,,,,,,,,,,,,,,,
,9798,,,0,132.205080,,,,,,,128,76,0,,,,,1,1,0,,,,,,,,,,,,,,,,,,,,,
,9799,,,0,132.215496,,,,,,,176,67,126,,,,,1,1,0,,,,,,,,,,,,,,,,,,,,,
,9800,,,0,132.225912,,,,,,,176,64,115,,,,,1,1,0,,,,,,,,,,,,,,,,,,,,,
,9801,,,0,132.228516,,,,,,,176,67,123,,,,,1,1,0,,,,,,,,,,,,,,,,,,,,,
,9802,,,0,132.233724,,,,,,,176,64,114,,,,,1,1,0,,,,,,,,,,,,,,,,,,,,,
,9803,,,0,132.236328,,,,,,,176,67,121,,,,,1,1,0,,,,,,,,,,,,,,,,,,,,,
,9804,,,0,132.244140,,,,,,,176,64,115,,,,,1,1,0,,,,,,,,,,,,,,,,,,,,,
,9805,,,0,132.244140,,,,,,,176,67,120,,,,,1,1,0,,,,,,,,,,,,,,,,,,,,,
,9806,,,0,132.254556,,,,,,,176,64,111,,,,,1,1,0,,,,,,,,,,,,,,,,,,,,,
,9807,,,0,132.254556,,,,,,,176,67,117,,,,,1,1,0,,,,,,,,,,,,,,,,,,,,,
,9808,,,0,132.264972,,,,,,,176,64,115,,,,,1,1,0,,,,,,,,,,,,,,,,,,,,,
,9809,,,0,132.264972,,,,,,,176,67,114,,,,,1,1,0,,,,,,,,,,,,,,,,,,,,,
,9810,,,0,132.272784,,,,,,,176,64,112,,,,,1,1,0,,,,,,,,,,,,,,,,,,,,,
,9811,,,0,132.283200,,,,,,,176,64,115,,,,,1,1,0,,,,,,,,,,,,,,,,,,,,,
,9812,,,0,132.285804,,,,,,,176,67,108,,,,,1,1,0,,,,,,,,,,,,,,,,,,,,,
,9813,,,0,132.296220,,,,,,,176,64,114,,,,,1,1,0,,,,,,,,,,,,,,,,,,,,,
,9814,,,0,132.298824,,,,,,,176,67,102,,,,,1,1,0,,,,,,,,,,,,,,,,,,,,,
,9815,,,0,132.304032,,,,,,,176,67,94,,,,,1,1,0,,,,,,,,,,,,,,,,,,,,,
,9816,,,0,132.314448,,,,,,,176,64,115,,,,,1,1,0,,,,,,,,,,,,,,,,,,,,,
,9817,,,0,132.317052,,,,,,,176,67,82,,,,,1,1,0,,,,,,,,,,,,,,,,,,,,,
,9818,,,0,132.324864,,,,,,,176,64,114,,,,,1,1,0,,,,,,,,,,,,,,,,,,,,,
,9819,,,0,132.324864,,,,,,,176,67,69,,,,,1,1,0,,,,,,,,,,,,,,,,,,,,,
,9820,,,0,132.332676,,,,,,,176,67,58,,,,,1,0,0,,,,,,,,,,,,,,,,,,,,,
,9821,,,0,132.343092,,,,,,,176,67,49,,,,,1,0,0,,,,,,,,,,,,,,,,,,,,,
,9822,,,0,132.353508,,,,,,,176,64,115,,,,,1,0,0,,,,,,,,,,,,,,,,,,,,,
,9823,,,0,132.356112,,,,,,,176,67,41,,,,,1,0,0,,,,,,,,,,,,,,,,,,,,,
,9824,,,0,132.363924,,,,,,,176,64,114,,,,,1,0,0,,,,,,,,,,,,,,,,,,,,,
,9825,,,0,132.363924,,,,,,,176,67,34,,,,,1,0,0,,,,,,,,,,,,,,,,,,,,,
,9826,,,0,132.374340,,,,,,,176,67,27,,,,,1,0,0,,,,,,,,,,,,,,,,,,,,,
,9827,,,0,132.384756,,,,,,,176,64,112,,,,,1,0,0,,,,,,,,,,,,,,,,,,,,,
,9828,,,0,132.395172,,,,,,,176,64,115,,,,,1,0,0,,,,,,,,,,,,,,,,,,,,,
,9829,,,0,132.405588,,,,,,,176,64,112,,,,,1,0,0,,,,,,,,,,,,,,,,,,,,,
,9830,,,0,132.408192,,,,,,,176,67,26,,,,,1,0,0,,,,,,,,,,,,,,,,,,,,,
,9831,,,0,132.416004,,,,,,,176,64,114,,,,,1,0,0,,,,,,,,,,,,,,,,,,,,,
,9832,,,0,132.416004,,,,,,,176,67,27,,,,,1,0,0,,,,,,,,,,,,,,,,,,,,,
,9833,,,0,132.465480,,,,,,,176,64,115,,,,,1,0,0,,,,,,,,,,,,,,,,,,,,,
,9834,,,0,132.465480,,,,,,,176,67,26,,,,,1,0,0,,,,,,,,,,,,,,,,,,,,,
,9835,,,0,132.475896,,,,,,,176,64,114,,,,,1,0,0,,,,,,,,,,,,,,,,,,,,,
,9836,,,0,132.475896,,,,,,,176,67,27,,,,,1,0,0,,,,,,,,,,,,,,,,,,,,,
,9837,,,0,132.483708,,,,,,,176,64,115,,,,,1,0,0,,,,,,,,,,,,,,,,,,,,,
,9838,,,0,132.486312,,,,,,,176,67,26,,,,,1,0,0,,,,,,,,,,,,,,,,,,,,,
,9839,,,0,132.494124,,,,,,,176,64,114,,,,,1,0,0,,,,,,,,,,,,,,,,,,,,,
,9840,,,0,132.494124,,,,,,,176,67,27,,,,,1,0,0,,,,,,,,,,,,,,,,,,,,,
,9841,,,0,132.504540,,,,,,,176,64,115,,,,,1,0,0,,,,,,,,,,,,,,,,,,,,,
,9842,,,0,132.514956,,,,,,,176,64,112,,,,,1,0,0,,,,,,,,,,,,,,,,,,,,,
,9843,,,0,132.522768,,,,,,,176,64,114,,,,,1,0,0,,,,,,,,,,,,,,,,,,,,,
,9844,,,0,132.533184,,,,,,,176,64,113,,,,,1,0,0,,,,,,,,,,,,,,,,,,,,,
,9845,,,0,132.543600,,,,,,,176,64,115,,,,,1,0,0,,,,,,,,,,,,,,,,,,,,,
,9846,,,0,132.554016,,,,,,,176,64,114,,,,,1,0,0,,,,,,,,,,,,,,,,,,,,,
,9847,,,0,132.574848,,,,,,,176,64,115,,,,,1,0,0,,,,,,,,,,,,,,,,,,,,,
,9848,,,0,132.582660,,,,,,,176,64,114,,,,,1,0,0,,,,,,,,,,,,,,,,,,,,,
,9849,,,0,132.595680,,,,,,,176,67,26,,,,,1,0,0,,,,,,,,,,,,,,,,,,,,,
,9850,,,0,132.603492,,,,,,,176,67,27,,,,,1,0,0,,,,,,,,,,,,,,,,,,,,,
,9851,,,0,132.624324,,,,,,,176,64,115,,,,,1,0,0,,,,,,,,,,,,,,,,,,,,,
,9852,,,0,132.645156,,,,,,,176,64,114,,,,,1,0,0,,,,,,,,,,,,,,,,,,,,,
324,9853,1,4707,0,132.652968,0.0,0.0,0,A#6,,20,144,94,106,,6018,,,1,0,0,0.31905263774225656,0.5251776706827309,-1,0.0,1,0.013533,0.34158,0.05937835,0.054433912816621036,2.153846,6.225,3.4788772000000003,1.0429115434995961,0.0,0.0,0.0,0.0,0.0,4.845455,1.9821322250000002,1.271222016986185
324,9854,1,4707,0,132.671196,0.0,0.0,0,D4,,14,144,62,74,,6018,,,1,0,0,0.31905263774225656,0.5251776706827309,-1,0.0,1,0.013533,0.34158,0.05937835,0.054433912816621036,2.153846,6.225,3.4788772000000003,1.0429115434995961,0.0,0.0,0.0,0.0,0.0,4.845455,1.9821322250000002,1.271222016986185
324,9855,1,4707,0,132.676404,0.0,0.0,0,E5,,14,144,76,74,,6018,,,1,0,0,0.31905263774225656,0.5251776706827309,-1,0.0,1,0.013533,0.34158,0.05937835,0.054433912816621036,2.153846,6.225,3.4788772000000003,1.0429115434995961,0.0,0.0,0.0,0.0,0.0,4.845455,1.9821322250000002,1.271222016986185
,9856,,,0,132.684216,,,,,,,176,64,113,,,,,1,0,0,,,,,,,,,,,,,,,,,,,,,
,9857,,,0,132.684216,,,,,,,176,67,26,,,,,1,0,0,,,,,,,,,,,,,,,,,,,,,
324,9858,1,4707,0,132.689424,0.0,0.0,0,F#4,,14,144,66,74,,6018,,,1,0,0,0.31905263774225656,0.5251776706827309,-1,0.0,1,0.013533,0.34158,0.05937835,0.054433912816621036,2.153846,6.225,3.4788772000000003,1.0429115434995961,0.0,0.0,0.0,0.0,0.0,4.845455,1.9821322250000002,1.271222016986185
,9859,,,0,132.694632,,,,,,,176,67,27,,,,,1,0,0,,,,,,,,,,,,,,,,,,,,,
,9860,,,0,132.705048,,,,,,,176,64,114,,,,,1,0,0,,,,,,,,,,,,,,,,,,,,,
,9861,,,0,132.715464,,,,,,,176,64,113,,,,,1,0,0,,,,,,,,,,,,,,,,,,,,,
,9862,,,0,132.723276,,,,,,,176,64,115,,,,,1,0,0,,,,,,,,,,,,,,,,,,,,,
,9863,,,0,132.733692,,,,,,,176,64,112,,,,,1,0,0,,,,,,,,,,,,,,,,,,,,,
,9864,,,0,132.744108,,,,,,,176,64,114,,,,,1,0,0,,,,,,,,,,,,,,,,,,,,,
,9865,,,0,132.754524,,,,,,,176,64,112,,,,,1,0,0,,,,,,,,,,,,,,,,,,,,,
,9866,,,0,132.762336,,,,,,,128,76,0,,,,,1,0,0,,,,,,,,,,,,,,,,,,,,,
,9867,,,0,132.764940,,,,,,,176,64,115,,,,,1,0,0,,,,,,,,,,,,,,,,,,,,,
,9868,,,0,132.783168,,,,,,,176,64,114,,,,,1,0,0,,,,,,,,,,,,,,,,,,,,,
,9869,,,0,132.785772,,,,,,,176,67,26,,,,,1,0,0,,,,,,,,,,,,,,,,,,,,,
,9870,,,0,132.790980,,,,,,,128,66,0,,,,,1,0,0,,,,,,,,,,,,,,,,,,,,,
,9871,,,0,132.804000,,,,,,,176,64,115,,,,,1,0,0,,,,,,,,,,,,,,,,,,,,,
,9872,,,0,132.814416,,,,,,,176,64,114,,,,,1,0,0,,,,,,,,,,,,,,,,,,,,,
,9873,,,0,132.814416,,,,,,,176,67,27,,,,,1,0,0,,,,,,,,,,,,,,,,,,,,,
,9874,,,0,132.824832,,,,,,,176,67,26,,,,,1,0,0,,,,,,,,,,,,,,,,,,,,,
,9875,,,0,132.830040,,,,,,,128,62,0,,,,,1,0,0,,,,,,,,,,,,,,,,,,,,,
,9876,,,0,132.835248,,,,,,,176,64,115,,,,,1,0,0,,,,,,,,,,,,,,,,,,,,,
,9877,,,0,132.837852,,,,,,,176,67,27,,,,,1,0,0,,,,,,,,,,,,,,,,,,,,,
,9878,,,0,132.843060,,,,,,,176,64,112,,,,,1,0,0,,,,,,,,,,,,,,,,,,,,,
,9879,,,0,132.853476,,,,,,,176,64,114,,,,,1,0,0,,,,,,,,,,,,,,,,,,,,,
,9880,,,0,132.856080,,,,,,,176,67,26,,,,,1,0,0,,,,,,,,,,,,,,,,,,,,,
,9881,,,0,132.863892,,,,,,,176,64,115,,,,,1,0,0,,,,,,,,,,,,,,,,,,,,,
,9882,,,0,132.876912,,,,,,,176,67,27,,,,,1,0,0,,,,,,,,,,,,,,,,,,,,,
,9883,,,0,132.884724,,,,,,,176,64,114,,,,,1,0,0,,,,,,,,,,,,,,,,,,,,,
,9884,,,0,132.895140,,,,,,,176,64,115,,,,,1,0,0,,,,,,,,,,,,,,,,,,,,,
,9885,,,0,132.923784,,,,,,,176,64,114,,,,,1,0,0,,,,,,,,,,,,,,,,,,,,,
,9886,,,0,132.934200,,,,,,,176,64,115,,,,,1,0,0,,,,,,,,,,,,,,,,,,,,,
,9887,,,0,132.944616,,,,,,,176,64,114,,,,,1,0,0,,,,,,,,,,,,,,,,,,,,,
,9888,,,0,132.955032,,,,,,,176,64,115,,,,,1,0,0,,,,,,,,,,,,,,,,,,,,,
,9889,,,0,132.957636,,,,,,,176,67,26,,,,,1,0,0,,,,,,,,,,,,,,,,,,,,,
,9890,,,0,132.983676,,,,,,,176,67,27,,,,,1,0,0,,,,,,,,,,,,,,,,,,,,,
,9891,,,0,132.996696,,,,,,,128,94,0,,,,,1,0,0,,,,,,,,,,,,,,,,,,,,,
,9892,,,0,132.996696,,,,,,,176,64,114,,,,,1,0,0,,,,,,,,,,,,,,,,,,,,,
,9893,,,0,133.004508,,,,,,,176,64,115,,,,,1,0,0,,,,,,,,,,,,,,,,,,,,,
,9894,,,0,133.064400,,,,,,,176,67,26,,,,,1,0,0,,,,,,,,,,,,,,,,,,,,,
,9895,,,0,133.074816,,,,,,,176,64,114,,,,,1,0,0,,,,,,,,,,,,,,,,,,,,,
,9896,,,0,133.077420,,,,,,,176,67,27,,,,,1,0,0,,,,,,,,,,,,,,,,,,,,,
,9897,,,0,133.082628,,,,,,,176,64,115,,,,,1,0,0,,,,,,,,,,,,,,,,,,,,,
,9898,,,0,133.093044,,,,,,,176,64,114,,,,,1,0,0,,,,,,,,,,,,,,,,,,,,,
,9899,,,0,133.103460,,,,,,,176,64,115,,,,,1,0,0,,,,,,,,,,,,,,,,,,,,,
,9900,,,0,133.116480,,,,,,,176,64,114,,,,,1,0,0,,,,,,,,,,,,,,,,,,,,,
,9901,,,0,133.124292,,,,,,,176,64,115,,,,,1,0,0,,,,,,,,,,,,,,,,,,,,,
,9902,,,0,133.145124,,,,,,,176,64,114,,,,,1,0,0,,,,,,,,,,,,,,,,,,,,,
,9903,,,0,133.155540,,,,,,,176,64,115,,,,,1,0,0,,,,,,,,,,,,,,,,,,,,,
,9904,,,0,133.163352,,,,,,,176,67,26,,,,,1,0,0,,,,,,,,,,,,,,,,,,,,,
,9905,,,0,133.184184,,,,,,,176,64,114,,,,,1,0,0,,,,,,,,,,,,,,,,,,,,,
,9906,,,0,133.184184,,,,,,,176,67,27,,,,,1,0,0,,,,,,,,,,,,,,,,,,,,,
,9907,,,0,133.194600,,,,,,,176,64,115,,,,,1,0,0,,,,,,,,,,,,,,,,,,,,,
,9908,,,0,133.205016,,,,,,,176,67,26,,,,,1,0,0,,,,,,,,,,,,,,,,,,,,,
,9909,,,0,133.212828,,,,,,,176,64,114,,,,,1,0,0,,,,,,,,,,,,,,,,,,,,,
,9910,,,0,133.215432,,,,,,,176,67,27,,,,,1,0,0,,,,,,,,,,,,,,,,,,,,,
,9911,,,0,133.236264,,,,,,,176,64,115,,,,,1,0,0,,,,,,,,,,,,,,,,,,,,,
,9912,,,0,133.264908,,,,,,,176,67,26,,,,,1,0,0,,,,,,,,,,,,,,,,,,,,,
,9913,,,0,133.275324,,,,,,,176,67,27,,,,,1,0,0,,,,,,,,,,,,,,,,,,,,,
,9914,,,0,133.293552,,,,,,,176,67,26,,,,,1,0,0,,,,,,,,,,,,,,,,,,,,,
,9915,,,0,133.356048,,,,,,,176,67,25,,,,,1,0,0,,,,,,,,,,,,,,,,,,,,,
,9916,,,0,133.363860,,,,,,,176,67,26,,,,,1,0,0,,,,,,,,,,,,,,,,,,,,,
,9917,,,0,133.415940,,,,,,,176,67,25,,,,,1,0,0,,,,,,,,,,,,,,,,,,,,,
,9918,,,0,133.423752,,,,,,,176,67,26,,,,,1,0,0,,,,,,,,,,,,,,,,,,,,,
,9919,,,0,133.455000,,,,,,,176,64,114,,,,,1,0,0,,,,,,,,,,,,,,,,,,,,,
,9920,,,0,133.462812,,,,,,,176,64,115,,,,,1,0,0,,,,,,,,,,,,,,,,,,,,,
,9921,,,0,133.494060,,,,,,,176,67,27,,,,,1,0,0,,,,,,,,,,,,,,,,,,,,,
,9922,,,0,133.504476,,,,,,,176,67,25,,,,,1,0,0,,,,,,,,,,,,,,,,,,,,,
,9923,,,0,133.514892,,,,,,,176,67,26,,,,,1,0,0,,,,,,,,,,,,,,,,,,,,,
,9924,,,0,133.525308,,,,,,,176,67,25,,,,,1,0,0,,,,,,,,,,,,,,,,,,,,,
,9925,,,0,133.533120,,,,,,,176,67,26,,,,,1,0,0,,,,,,,,,,,,,,,,,,,,,
,9926,,,0,133.574784,,,,,,,176,64,114,,,,,1,0,0,,,,,,,,,,,,,,,,,,,,,
,9927,,,0,133.613844,,,,,,,176,64,115,,,,,1,0,0,,,,,,,,,,,,,,,,,,,,,
,9928,,,0,133.624260,,,,,,,176,64,114,,,,,1,0,0,,,,,,,,,,,,,,,,,,,,,
,9929,,,0,133.634676,,,,,,,176,64,115,,,,,1,0,0,,,,,,,,,,,,,,,,,,,,,
,9930,,,0,133.634676,,,,,,,176,67,25,,,,,1,0,0,,,,,,,,,,,,,,,,,,,,,
,9931,,,0,133.645092,,,,,,,176,67,26,,,,,1,0,0,,,,,,,,,,,,,,,,,,,,,
,9932,,,0,133.655508,,,,,,,176,67,25,,,,,1,0,0,,,,,,,,,,,,,,,,,,,,,
,9933,,,0,133.663320,,,,,,,176,67,26,,,,,1,0,0,,,,,,,,,,,,,,,,,,,,,
,9934,,,0,133.704984,,,,,,,176,64,114,,,,,1,0,0,,,,,,,,,,,,,,,,,,,,,
,9935,,,0,133.715400,,,,,,,176,67,27,,,,,1,0,0,,,,,,,,,,,,,,,,,,,,,
,9936,,,0,133.723212,,,,,,,176,67,25,,,,,1,0,0,,,,,,,,,,,,,,,,,,,,,
,9937,,,0,133.736232,,,,,,,176,67,26,,,,,1,0,0,,,,,,,,,,,,,,,,,,,,,
,9938,,,0,133.744044,,,,,,,176,64,115,,,,,1,0,0,,,,,,,,,,,,,,,,,,,,,
,9939,,,0,133.744044,,,,,,,176,67,25,,,,,1,0,0,,,,,,,,,,,,,,,,,,,,,
,9940,,,0,133.754460,,,,,,,176,67,27,,,,,1,0,0,,,,,,,,,,,,,,,,,,,,,
,9941,,,0,133.764876,,,,,,,176,67,25,,,,,1,0,0,,,,,,,,,,,,,,,,,,,,,
,9942,,,0,133.772688,,,,,,,176,67,26,,,,,1,0,0,,,,,,,,,,,,,,,,,,,,,
,9943,,,0,133.835184,,,,,,,176,64,114,,,,,1,0,0,,,,,,,,,,,,,,,,,,,,,
,9944,,,0,133.842996,,,,,,,176,64,115,,,,,1,0,0,,,,,,,,,,,,,,,,,,,,,
,9945,,,0,133.853412,,,,,,,176,67,25,,,,,1,0,0,,,,,,,,,,,,,,,,,,,,,
,9946,,,0,133.863828,,,,,,,176,64,114,,,,,1,0,0,,,,,,,,,,,,,,,,,,,,,
,9947,,,0,133.863828,,,,,,,176,67,26,,,,,1,0,0,,,,,,,,,,,,,,,,,,,,,
,9948,,,0,133.874244,,,,,,,176,64,115,,,,,1,0,0,,,,,,,,,,,,,,,,,,,,,
,9949,,,0,133.876848,,,,,,,176,67,25,,,,,1,0,0,,,,,,,,,,,,,,,,,,,,,
,9950,,,0,133.884660,,,,,,,176,67,26,,,,,1,0,0,,,,,,,,,,,,,,,,,,,,,
,9951,,,0,133.892472,,,,,,,176,64,114,,,,,1,0,0,,,,,,,,,,,,,,,,,,,,,
,9952,,,0,133.895076,,,,,,,176,67,25,,,,,1,0,0,,,,,,,,,,,,,,,,,,,,,
,9953,,,0,133.902888,,,,,,,176,64,115,,,,,1,0,0,,,,,,,,,,,,,,,,,,,,,
,9954,,,0,133.905492,,,,,,,176,67,26,,,,,1,0,0,,,,,,,,,,,,,,,,,,,,,
,9955,,,0,133.915908,,,,,,,176,64,114,,,,,1,0,0,,,,,,,,,,,,,,,,,,,,,
,9956,,,0,133.923720,,,,,,,176,64,115,,,,,1,0,0,,,,,,,,,,,,,,,,,,,,,
,9957,,,0,133.944552,,,,,,,176,64,114,,,,,1,0,0,,,,,,,,,,,,,,,,,,,,,
,9958,,,0,133.954968,,,,,,,176,64,115,,,,,1,0,0,,,,,,,,,,,,,,,,,,,,,
,9959,,,0,133.954968,,,,,,,176,67,25,,,,,1,0,0,,,,,,,,,,,,,,,,,,,,,
,9960,,,0,133.965384,,,,,,,176,67,26,,,,,1,0,0,,,,,,,,,,,,,,,,,,,,,
,9961,,,0,133.973196,,,,,,,176,64,114,,,,,1,0,0,,,,,,,,,,,,,,,,,,,,,
,9962,,,0,133.983612,,,,,,,176,67,25,,,,,1,0,0,,,,,,,,,,,,,,,,,,,,,
,9963,,,0,133.994028,,,,,,,176,64,115,,,,,1,0,0,,,,,,,,,,,,,,,,,,,,,
,9964,,,0,133.994028,,,,,,,176,67,27,,,,,1,0,0,,,,,,,,,,,,,,,,,,,,,
,9965,,,0,134.004444,,,,,,,176,64,114,,,,,1,0,0,,,,,,,,,,,,,,,,,,,,,
,9966,,,0,134.004444,,,,,,,176,67,25,,,,,1,0,0,,,,,,,,,,,,,,,,,,,,,
,9967,,,0,134.014860,,,,,,,176,64,115,,,,,1,0,0,,,,,,,,,,,,,,,,,,,,,
,9968,,,0,134.014860,,,,,,,176,67,26,,,,,1,0,0,,,,,,,,,,,,,,,,,,,,,
,9969,,,0,134.064336,,,,,,,176,64,114,,,,,1,0,0,,,,,,,,,,,,,,,,,,,,,
,9970,,,0,134.064336,,,,,,,176,67,25,,,,,1,0,0,,,,,,,,,,,,,,,,,,,,,
,9971,,,0,134.077356,,,,,,,176,64,115,,,,,1,0,0,,,,,,,,,,,,,,,,,,,,,
,9972,,,0,134.085168,,,,,,,176,64,114,,,,,1,0,0,,,,,,,,,,,,,,,,,,,,,
,9973,,,0,134.085168,,,,,,,176,67,26,,,,,1,0,0,,,,,,,,,,,,,,,,,,,,,
,9974,,,0,134.095584,,,,,,,176,64,115,,,,,1,0,0,,,,,,,,,,,,,,,,,,,,,
,9975,,,0,134.095584,,,,,,,176,67,25,,,,,1,0,0,,,,,,,,,,,,,,,,,,,,,
,9976,,,0,134.106000,,,,,,,176,67,26,,,,,1,0,0,,,,,,,,,,,,,,,,,,,,,
,9977,,,0,134.116416,,,,,,,176,64,114,,,,,1,0,0,,,,,,,,,,,,,,,,,,,,,
,9978,,,0,134.116416,,,,,,,176,67,25,,,,,1,0,0,,,,,,,,,,,,,,,,,,,,,
,9979,,,0,134.124228,,,,,,,176,67,26,,,,,1,0,0,,,,,,,,,,,,,,,,,,,,,
,9980,,,0,134.134644,,,,,,,176,64,113,,,,,1,0,0,,,,,,,,,,,,,,,,,,,,,
,9981,,,0,134.134644,,,,,,,176,67,25,,,,,1,0,0,,,,,,,,,,,,,,,,,,,,,
,9982,,,0,134.145060,,,,,,,176,64,114,,,,,1,0,0,,,,,,,,,,,,,,,,,,,,,
,9983,,,0,134.145060,,,,,,,176,67,27,,,,,1,0,0,,,,,,,,,,,,,,,,,,,,,
,9984,,,0,134.155476,,,,,,,176,64,113,,,,,1,0,0,,,,,,,,,,,,,,,,,,,,,
,9985,,,0,134.155476,,,,,,,176,67,26,,,,,1,0,0,,,,,,,,,,,,,,,,,,,,,
,9986,,,0,134.165892,,,,,,,176,64,114,,,,,1,0,0,,,,,,,,,,,,,,,,,,,,,
,9987,,,0,134.173704,,,,,,,176,64,113,,,,,1,0,0,,,,,,,,,,,,,,,,,,,,,
,9988,,,0,134.184120,,,,,,,176,64,114,,,,,1,0,0,,,,,,,,,,,,,,,,,,,,,
,9989,,,0,134.204952,,,,,,,176,64,113,,,,,1,0,0,,,,,,,,,,,,,,,,,,,,,
,9990,,,0,134.204952,,,,,,,176,67,25,,,,,1,0,0,,,,,,,,,,,,,,,,,,,,,
,9991,,,0,134.215368,,,,,,,176,64,112,,,,,1,0,0,,,,,,,,,,,,,,,,,,,,,
,9992,,,0,134.215368,,,,,,,176,67,26,,,,,1,0,0,,,,,,,,,,,,,,,,,,,,,
,9993,,,0,134.225784,,,,,,,176,67,24,,,,,1,0,0,,,,,,,,,,,,,,,,,,,,,
,9994,,,0,134.236200,,,,,,,176,67,26,,,,,1,0,0,,,,,,,,,,,,,,,,,,,,,
,9995,,,0,134.244012,,,,,,,176,64,111,,,,,1,0,0,,,,,,,,,,,,,,,,,,,,,
,9996,,,0,134.246616,,,,,,,176,67,25,,,,,1,0,0,,,,,,,,,,,,,,,,,,,,,
,9997,,,0,134.254428,,,,,,,176,64,113,,,,,1,0,0,,,,,,,,,,,,,,,,,,,,,
,9998,,,0,134.254428,,,,,,,176,67,26,,,,,1,0,0,,,,,,,,,,,,,,,,,,,,,
,9999,,,0,134.264844,,,,,,,176,64,111,,,,,1,0,0,,,,,,,,,,,,,,,,,,,,,
,10000,,,0,134.264844,,,,,,,176,67,25,,,,,1,0,0,,,,,,,,,,,,,,,,,,,,,
,10001,,,0,134.275260,,,,,,,176,64,114,,,,,1,0,0,,,,,,,,,,,,,,,,,,,,,
,10002,,,0,134.277864,,,,,,,176,67,26,,,,,1,0,0,,,,,,,,,,,,,,,,,,,,,
,10003,,,0,134.285676,,,,,,,176,64,111,,,,,1,0,0,,,,,,,,,,,,,,,,,,,,,
,10004,,,0,134.303904,,,,,,,176,67,25,,,,,1,0,0,,,,,,,,,,,,,,,,,,,,,
,10005,,,0,134.324736,,,,,,,176,67,26,,,,,1,0,0,,,,,,,,,,,,,,,,,,,,,
,10006,,,0,134.335152,,,,,,,176,67,25,,,,,1,0,0,,,,,,,,,,,,,,,,,,,,,
,10007,,,0,134.345568,,,,,,,176,67,26,,,,,1,0,0,,,,,,,,,,,,,,,,,,,,,
,10008,,,0,134.363796,,,,,,,176,67,25,,,,,1,0,0,,,,,,,,,,,,,,,,,,,,,
,10009,,,0,134.384628,,,,,,,176,67,26,,,,,1,0,0,,,,,,,,,,,,,,,,,,,,,
,10010,,,0,134.405460,,,,,,,176,64,110,,,,,1,0,0,,,,,,,,,,,,,,,,,,,,,
,10011,,,0,134.405460,,,,,,,176,67,27,,,,,1,0,0,,,,,,,,,,,,,,,,,,,,,
,10012,,,0,134.415876,,,,,,,176,64,111,,,,,1,0,0,,,,,,,,,,,,,,,,,,,,,
,10013,,,0,134.415876,,,,,,,176,67,25,,,,,1,0,0,,,,,,,,,,,,,,,,,,,,,
,10014,,,0,134.436708,,,,,,,176,67,26,,,,,1,0,0,,,,,,,,,,,,,,,,,,,,,
,10015,,,0,134.444520,,,,,,,176,67,27,,,,,1,0,0,,,,,,,,,,,,,,,,,,,,,
,10016,,,0,134.475768,,,,,,,176,67,26,,,,,1,0,0,,,,,,,,,,,,,,,,,,,,,
,10017,,,0,134.483580,,,,,,,176,67,27,,,,,1,0,0,,,,,,,,,,,,,,,,,,,,,
,10018,,,0,134.535660,,,,,,,176,64,110,,,,,1,0,0,,,,,,,,,,,,,,,,,,,,,
,10019,,,0,134.535660,,,,,,,176,67,26,,,,,1,0,0,,,,,,,,,,,,,,,,,,,,,
,10020,,,0,134.543472,,,,,,,176,64,111,,,,,1,0,0,,,,,,,,,,,,,,,,,,,,,
,10021,,,0,134.574720,,,,,,,176,67,27,,,,,1,0,0,,,,,,,,,,,,,,,,,,,,,
,10022,,,0,134.595552,,,,,,,176,64,107,,,,,1,0,0,,,,,,,,,,,,,,,,,,,,,
,10023,,,0,134.624196,,,,,,,176,67,26,,,,,1,0,0,,,,,,,,,,,,,,,,,,,,,
,10024,,,0,134.634612,,,,,,,176,67,27,,,,,1,0,0,,,,,,,,,,,,,,,,,,,,,
,10025,,,0,134.665860,,,,,,,176,67,26,,,,,1,0,0,,,,,,,,,,,,,,,,,,,,,
,10026,,,0,134.676276,,,,,,,176,67,27,,,,,1,0,0,,,,,,,,,,,,,,,,,,,,,
,10027,,,0,134.684088,,,,,,,176,64,106,,,,,1,0,0,,,,,,,,,,,,,,,,,,,,,
,10028,,,0,134.694504,,,,,,,176,64,103,,,,,1,0,0,,,,,,,,,,,,,,,,,,,,,
,10029,,,0,134.743980,,,,,,,176,64,99,,,,,1,0,0,,,,,,,,,,,,,,,,,,,,,
,10030,,,0,134.835120,,,,,,,176,64,98,,,,,1,0,0,,,,,,,,,,,,,,,,,,,,,
,10031,,,0,134.845536,,,,,,,176,64,99,,,,,1,0,0,,,,,,,,,,,,,,,,,,,,,
,10032,,,0,134.855952,,,,,,,176,64,98,,,,,1,0,0,,,,,,,,,,,,,,,,,,,,,
,10033,,,0,134.863764,,,,,,,176,64,99,,,,,1,0,0,,,,,,,,,,,,,,,,,,,,,
,10034,,,0,134.866368,,,,,,,176,67,28,,,,,1,0,0,,,,,,,,,,,,,,,,,,,,,
,10035,,,0,134.876784,,,,,,,176,67,27,,,,,1,0,0,,,,,,,,,,,,,,,,,,,,,
,10036,,,0,134.905428,,,,,,,176,64,100,,,,,1,0,0,,,,,,,,,,,,,,,,,,,,,
,10037,,,0,134.915844,,,,,,,176,64,102,,,,,1,0,0,,,,,,,,,,,,,,,,,,,,,
,10038,,,0,134.915844,,,,,,,176,67,28,,,,,1,0,0,,,,,,,,,,,,,,,,,,,,,
,10039,,,0,134.923656,,,,,,,176,64,103,,,,,1,0,0,,,,,,,,,,,,,,,,,,,,,
,10040,,,0,134.923656,,,,,,,176,67,27,,,,,1,0,0,,,,,,,,,,,,,,,,,,,,,
,10041,,,0,134.934072,,,,,,,176,67,29,,,,,1,0,0,,,,,,,,,,,,,,,,,,,,,
,10042,,,0,134.944488,,,,,,,176,64,104,,,,,1,0,0,,,,,,,,,,,,,,,,,,,,,
,10043,,,0,134.944488,,,,,,,176,67,27,,,,,1,0,0,,,,,,,,,,,,,,,,,,,,,
,10044,,,0,134.954904,,,,,,,176,64,107,,,,,1,0,0,,,,,,,,,,,,,,,,,,,,,
,10045,,,0,134.954904,,,,,,,176,67,30,,,,,1,0,0,,,,,,,,,,,,,,,,,,,,,
,10046,,,0,134.965320,,,,,,,176,64,106,,,,,1,0,0,,,,,,,,,,,,,,,,,,,,,
,10047,,,0,134.965320,,,,,,,176,67,27,,,,,1,0,0,,,,,,,,,,,,,,,,,,,,,
,10048,,,0,134.975736,,,,,,,176,64,107,,,,,1,0,0,,,,,,,,,,,,,,,,,,,,,
,10049,,,0,134.993964,,,,,,,176,67,28,,,,,1,0,0,,,,,,,,,,,,,,,,,,,,,
,10050,,,0,135.004380,,,,,,,176,64,106,,,,,1,0,0,,,,,,,,,,,,,,,,,,,,,
,10051,,,0,135.014796,,,,,,,176,64,107,,,,,1,0,0,,,,,,,,,,,,,,,,,,,,,
,10052,,,0,135.014796,,,,,,,176,67,27,,,,,1,0,0,,,,,,,,,,,,,,,,,,,,,
,10053,,,0,135.025212,,,,,,,176,67,29,,,,,1,0,0,,,,,,,,,,,,,,,,,,,,,
,10054,,,0,135.035628,,,,,,,176,64,106,,,,,1,0,0,,,,,,,,,,,,,,,,,,,,,
,10055,,,0,135.035628,,,,,,,176,67,27,,,,,1,0,0,,,,,,,,,,,,,,,,,,,,,
,10056,,,0,135.043440,,,,,,,176,64,107,,,,,1,0,0,,,,,,,,,,,,,,,,,,,,,
,10057,,,0,135.046044,,,,,,,176,67,30,,,,,1,0,0,,,,,,,,,,,,,,,,,,,,,
,10058,,,0,135.053856,,,,,,,176,67,27,,,,,1,0,0,,,,,,,,,,,,,,,,,,,,,
,10059,,,0,135.066876,,,,,,,176,67,29,,,,,1,0,0,,,,,,,,,,,,,,,,,,,,,
,10060,,,0,135.074688,,,,,,,176,67,27,,,,,1,0,0,,,,,,,,,,,,,,,,,,,,,
,10061,,,0,135.085104,,,,,,,176,67,28,,,,,1,0,0,,,,,,,,,,,,,,,,,,,,,
,10062,,,0,135.095520,,,,,,,176,64,106,,,,,1,0,0,,,,,,,,,,,,,,,,,,,,,
,10063,,,0,135.095520,,,,,,,176,67,27,,,,,1,0,0,,,,,,,,,,,,,,,,,,,,,
,10064,,,0,135.105936,,,,,,,176,64,107,,,,,1,0,0,,,,,,,,,,,,,,,,,,,,,
,10065,,,0,135.105936,,,,,,,176,67,29,,,,,1,0,0,,,,,,,,,,,,,,,,,,,,,
,10066,,,0,135.124164,,,,,,,176,67,27,,,,,1,0,0,,,,,,,,,,,,,,,,,,,,,
,10067,,,0,135.134580,,,,,,,176,67,29,,,,,1,0,0,,,,,,,,,,,,,,,,,,,,,
,10068,,,0,135.147600,,,,,,,176,67,27,,,,,1,0,0,,,,,,,,,,,,,,,,,,,,,
,10069,,,0,135.155412,,,,,,,176,67,29,,,,,1,0,0,,,,,,,,,,,,,,,,,,,,,
,10070,,,0,135.165828,,,,,,,176,67,28,,,,,1,0,0,,,,,,,,,,,,,,,,,,,,,
,10071,,,0,135.184056,,,,,,,176,67,27,,,,,1,0,0,,,,,,,,,,,,,,,,,,,,,
,10072,,,0,135.194472,,,,,,,176,67,29,,,,,1,0,0,,,,,,,,,,,,,,,,,,,,,
,10073,,,0,135.204888,,,,,,,176,64,106,,,,,1,0,0,,,,,,,,,,,,,,,,,,,,,
,10074,,,0,135.204888,,,,,,,176,67,27,,,,,1,0,0,,,,,,,,,,,,,,,,,,,,,
,10075,,,0,135.215304,,,,,,,176,64,107,,,,,1,0,0,,,,,,,,,,,,,,,,,,,,,
,10076,,,0,135.215304,,,,,,,176,67,29,,,,,1,0,0,,,,,,,,,,,,,,,,,,,,,
,10077,,,0,135.225720,,,,,,,176,67,28,,,,,1,0,0,,,,,,,,,,,,,,,,,,,,,
,10078,,,0,135.254364,,,,,,,176,67,26,,,,,1,0,0,,,,,,,,,,,,,,,,,,,,,
,10079,,,0,135.264780,,,,,,,176,64,106,,,,,1,0,0,,,,,,,,,,,,,,,,,,,,,
,10080,,,0,135.264780,,,,,,,176,67,28,,,,,1,0,0,,,,,,,,,,,,,,,,,,,,,
,10081,,,0,135.275196,,,,,,,176,67,27,,,,,1,0,0,,,,,,,,,,,,,,,,,,,,,
,10082,,,0,135.285612,,,,,,,176,64,107,,,,,1,0,0,,,,,,,,,,,,,,,,,,,,,
,10083,,,0,135.293424,,,,,,,176,64,105,,,,,1,0,0,,,,,,,,,,,,,,,,,,,,,
,10084,,,0,135.303840,,,,,,,176,64,107,,,,,1,0,0,,,,,,,,,,,,,,,,,,,,,
,10085,,,0,135.306444,,,,,,,176,67,28,,,,,1,0,0,,,,,,,,,,,,,,,,,,,,,
,10086,,,0,135.316860,,,,,,,176,64,103,,,,,1,0,0,,,,,,,,,,,,,,,,,,,,,
,10087,,,0,135.324672,,,,,,,176,64,106,,,,,1,0,0,,,,,,,,,,,,,,,,,,,,,
,10088,,,0,135.324672,,,,,,,176,67,29,,,,,1,0,0,,,,,,,,,,,,,,,,,,,,,
,10089,,,0,135.335088,,,,,,,176,64,103,,,,,1,0,0,,,,,,,,,,,,,,,,,,,,,
,10090,,,0,135.345504,,,,,,,176,67,28,,,,,1,0,0,,,,,,,,,,,,,,,,,,,,,
,10091,,,0,135.363732,,,,,,,176,67,27,,,,,1,0,0,,,,,,,,,,,,,,,,,,,,,
,10092,,,0,135.384564,,,,,,,176,67,26,,,,,1,0,0,,,,,,,,,,,,,,,,,,,,,
,10093,,,0,135.394980,,,,,,,176,64,101,,,,,1,0,0,,,,,,,,,,,,,,,,,,,,,
,10094,,,0,135.397584,,,,,,,176,67,29,,,,,1,0,0,,,,,,,,,,,,,,,,,,,,,
,10095,,,0,135.405396,,,,,,,176,64,99,,,,,1,0,0,,,,,,,,,,,,,,,,,,,,,
,10096,,,0,135.405396,,,,,,,176,67,27,,,,,1,0,0,,,,,,,,,,,,,,,,,,,,,
,10097,,,0,135.415812,,,,,,,176,67,29,,,,,1,0,0,,,,,,,,,,,,,,,,,,,,,
,10098,,,0,135.423624,,,,,,,176,67,27,,,,,1,0,0,,,,,,,,,,,,,,,,,,,,,
,10099,,,0,135.436644,,,,,,,176,64,98,,,,,1,0,0,,,,,,,,,,,,,,,,,,,,,
,10100,,,0,135.436644,,,,,,,176,67,28,,,,,1,0,0,,,,,,,,,,,,,,,,,,,,,
,10101,,,0,135.444456,,,,,,,176,64,95,,,,,1,0,0,,,,,,,,,,,,,,,,,,,,,
,10102,,,0,135.454872,,,,,,,176,67,29,,,,,1,0,0,,,,,,,,,,,,,,,,,,,,,
,10103,,,0,135.465288,,,,,,,176,64,92,,,,,1,0,0,,,,,,,,,,,,,,,,,,,,,
,10104,,,0,135.465288,,,,,,,176,67,27,,,,,1,0,0,,,,,,,,,,,,,,,,,,,,,
,10105,,,0,135.475704,,,,,,,176,64,91,,,,,1,0,0,,,,,,,,,,,,,,,,,,,,,
,10106,,,0,135.483516,,,,,,,176,67,28,,,,,1,0,0,,,,,,,,,,,,,,,,,,,,,
,10107,,,0,135.493932,,,,,,,176,67,27,,,,,1,0,0,,,,,,,,,,,,,,,,,,,,,
,10108,,,0,135.504348,,,,,,,176,67,29,,,,,1,0,0,,,,,,,,,,,,,,,,,,,,,
,10109,,,0,135.514764,,,,,,,176,67,27,,,,,1,0,0,,,,,,,,,,,,,,,,,,,,,
,10110,,,0,135.543408,,,,,,,176,67,29,,,,,1,0,0,,,,,,,,,,,,,,,,,,,,,
,10111,,,0,135.556428,,,,,,,176,67,27,,,,,1,0,0,,,,,,,,,,,,,,,,,,,,,
,10112,,,0,135.564240,,,,,,,176,67,29,,,,,1,0,0,,,,,,,,,,,,,,,,,,,,,
,10113,,,0,135.574656,,,,,,,176,64,90,,,,,1,0,0,,,,,,,,,,,,,,,,,,,,,
,10114,,,0,135.574656,,,,,,,176,67,28,,,,,1,0,0,,,,,,,,,,,,,,,,,,,,,
,10115,,,0,135.585072,,,,,,,176,64,91,,,,,1,0,0,,,,,,,,,,,,,,,,,,,,,
,10116,,,0,135.595488,,,,,,,176,64,90,,,,,1,0,0,,,,,,,,,,,,,,,,,,,,,
,10117,,,0,135.595488,,,,,,,176,67,29,,,,,1,0,0,,,,,,,,,,,,,,,,,,,,,
,10118,,,0,135.603300,,,,,,,176,64,91,,,,,1,0,0,,,,,,,,,,,,,,,,,,,,,
,10119,,,0,135.605904,,,,,,,176,67,27,,,,,1,0,0,,,,,,,,,,,,,,,,,,,,,
,10120,,,0,135.613716,,,,,,,176,64,90,,,,,1,0,0,,,,,,,,,,,,,,,,,,,,,
,10121,,,0,135.616320,,,,,,,176,67,28,,,,,1,0,0,,,,,,,,,,,,,,,,,,,,,
,10122,,,0,135.624132,,,,,,,176,64,91,,,,,1,0,0,,,,,,,,,,,,,,,,,,,,,
,10123,,,0,135.626736,,,,,,,176,67,27,,,,,1,0,0,,,,,,,,,,,,,,,,,,,,,
,10124,,,0,135.634548,,,,,,,176,64,90,,,,,1,0,0,,,,,,,,,,,,,,,,,,,,,
,10125,,,0,135.634548,,,,,,,176,67,28,,,,,1,0,0,,,,,,,,,,,,,,,,,,,,,
,10126,,,0,135.644964,,,,,,,176,64,87,,,,,1,0,0,,,,,,,,,,,,,,,,,,,,,
,10127,,,0,135.644964,,,,,,,176,67,27,,,,,1,0,0,,,,,,,,,,,,,,,,,,,,,
,10128,,,0,135.655380,,,,,,,176,67,29,,,,,1,0,0,,,,,,,,,,,,,,,,,,,,,
,10129,,,0,135.665796,,,,,,,176,67,27,,,,,1,0,0,,,,,,,,,,,,,,,,,,,,,
,10130,,,0,135.673608,,,,,,,176,67,28,,,,,1,0,0,,,,,,,,,,,,,,,,,,,,,
,10131,,,0,135.684024,,,,,,,176,67,27,,,,,1,0,0,,,,,,,,,,,,,,,,,,,,,
,10132,,,0,135.704856,,,,,,,176,64,85,,,,,1,0,0,,,,,,,,,,,,,,,,,,,,,
,10133,,,0,135.704856,,,,,,,176,67,28,,,,,1,0,0,,,,,,,,,,,,,,,,,,,,,
,10134,,,0,135.715272,,,,,,,176,64,84,,,,,1,0,0,,,,,,,,,,,,,,,,,,,,,
,10135,,,0,135.715272,,,,,,,176,67,27,,,,,1,0,0,,,,,,,,,,,,,,,,,,,,,
,10136,,,0,135.725688,,,,,,,176,64,83,,,,,1,0,0,,,,,,,,,,,,,,,,,,,,,
,10137,,,0,135.725688,,,,,,,176,67,28,,,,,1,0,0,,,,,,,,,,,,,,,,,,,,,
,10138,,,0,135.743916,,,,,,,176,67,29,,,,,1,0,0,,,,,,,,,,,,,,,,,,,,,
,10139,,,0,135.754332,,,,,,,176,64,81,,,,,1,0,0,,,,,,,,,,,,,,,,,,,,,
,10140,,,0,135.754332,,,,,,,176,67,28,,,,,1,0,0,,,,,,,,,,,,,,,,,,,,,
,10141,,,0,135.764748,,,,,,,176,64,79,,,,,1,0,0,,,,,,,,,,,,,,,,,,,,,
,10142,,,0,135.764748,,,,,,,176,67,29,,,,,1,0,0,,,,,,,,,,,,,,,,,,,,,
,10143,,,0,135.775164,,,,,,,176,67,27,,,,,1,0,0,,,,,,,,,,,,,,,,,,,,,
,10144,,,0,135.785580,,,,,,,176,67,29,,,,,1,0,0,,,,,,,,,,,,,,,,,,,,,
,10145,,,0,135.793392,,,,,,,176,67,27,,,,,1,0,0,,,,,,,,,,,,,,,,,,,,,
,10146,,,0,135.803808,,,,,,,176,67,29,,,,,1,0,0,,,,,,,,,,,,,,,,,,,,,
,10147,,,0,135.814224,,,,,,,176,64,76,,,,,1,0,0,,,,,,,,,,,,,,,,,,,,,
,10148,,,0,135.816828,,,,,,,176,67,28,,,,,1,0,0,,,,,,,,,,,,,,,,,,,,,
,10149,,,0,135.824640,,,,,,,176,64,77,,,,,1,0,0,,,,,,,,,,,,,,,,,,,,,
,10150,,,0,135.835056,,,,,,,176,64,76,,,,,1,0,0,,,,,,,,,,,,,,,,,,,,,
,10151,,,0,135.835056,,,,,,,176,67,27,,,,,1,0,0,,,,,,,,,,,,,,,,,,,,,
,10152,,,0,135.845472,,,,,,,176,64,75,,,,,1,0,0,,,,,,,,,,,,,,,,,,,,,
,10153,,,0,135.845472,,,,,,,176,67,26,,,,,1,0,0,,,,,,,,,,,,,,,,,,,,,
,10154,,,0,135.853284,,,,,,,176,64,76,,,,,1,0,0,,,,,,,,,,,,,,,,,,,,,
,10155,,,0,135.855888,,,,,,,176,67,29,,,,,1,0,0,,,,,,,,,,,,,,,,,,,,,
,10156,,,0,135.863700,,,,,,,176,64,75,,,,,1,0,0,,,,,,,,,,,,,,,,,,,,,
,10157,,,0,135.866304,,,,,,,176,67,27,,,,,1,0,0,,,,,,,,,,,,,,,,,,,,,
,10158,,,0,135.874116,,,,,,,176,67,28,,,,,1,0,0,,,,,,,,,,,,,,,,,,,,,
,10159,,,0,135.884532,,,,,,,176,67,27,,,,,1,0,0,,,,,,,,,,,,,,,,,,,,,
,10160,,,0,135.894948,,,,,,,176,67,28,,,,,1,0,0,,,,,,,,,,,,,,,,,,,,,
,10161,,,0,135.905364,,,,,,,176,67,27,,,,,1,0,0,,,,,,,,,,,,,,,,,,,,,
,10162,,,0,135.915780,,,,,,,176,67,28,,,,,1,0,0,,,,,,,,,,,,,,,,,,,,,
,10163,,,0,135.934008,,,,,,,176,67,27,,,,,1,0,0,,,,,,,,,,,,,,,,,,,,,
,10164,,,0,135.944424,,,,,,,176,67,28,,,,,1,0,0,,,,,,,,,,,,,,,,,,,,,
,10165,,,0,135.965256,,,,,,,176,67,27,,,,,1,0,0,,,,,,,,,,,,,,,,,,,,,
,10166,,,0,135.983484,,,,,,,176,67,29,,,,,1,0,0,,,,,,,,,,,,,,,,,,,,,
,10167,,,0,135.993900,,,,,,,176,67,28,,,,,1,0,0,,,,,,,,,,,,,,,,,,,,,
,10168,,,0,136.004316,,,,,,,176,67,29,,,,,1,0,0,,,,,,,,,,,,,,,,,,,,,
,10169,,,0,136.014732,,,,,,,176,67,28,,,,,1,0,0,,,,,,,,,,,,,,,,,,,,,
,10170,,,0,136.035564,,,,,,,176,64,74,,,,,1,0,0,,,,,,,,,,,,,,,,,,,,,
,10171,,,0,136.043376,,,,,,,176,64,75,,,,,1,0,0,,,,,,,,,,,,,,,,,,,,,
,10172,,,0,136.053792,,,,,,,176,64,74,,,,,1,0,0,,,,,,,,,,,,,,,,,,,,,
,10173,,,0,136.064208,,,,,,,176,64,71,,,,,1,0,0,,,,,,,,,,,,,,,,,,,,,
,10174,,,0,136.066812,,,,,,,176,67,27,,,,,1,0,0,,,,,,,,,,,,,,,,,,,,,
,10175,,,0,136.074624,,,,,,,176,67,28,,,,,1,0,0,,,,,,,,,,,,,,,,,,,,,
,10176,,,0,136.085040,,,,,,,176,67,27,,,,,1,0,0,,,,,,,,,,,,,,,,,,,,,
,10177,,,0,136.095456,,,,,,,176,67,29,,,,,1,0,0,,,,,,,,,,,,,,,,,,,,,
,10178,,,0,136.103268,,,,,,,176,67,27,,,,,1,0,0,,,,,,,,,,,,,,,,,,,,,
,10179,,,0,136.113684,,,,,,,176,67,28,,,,,1,0,0,,,,,,,,,,,,,,,,,,,,,
,10180,,,0,136.124100,,,,,,,176,67,27,,,,,1,0,0,,,,,,,,,,,,,,,,,,,,,
,10181,,,0,136.134516,,,,,,,176,67,29,,,,,1,0,0,,,,,,,,,,,,,,,,,,,,,
,10182,,,0,136.144932,,,,,,,176,64,68,,,,,1,0,0,,,,,,,,,,,,,,,,,,,,,
,10183,,,0,136.144932,,,,,,,176,67,28,,,,,1,0,0,,,,,,,,,,,,,,,,,,,,,
,10184,,,0,136.155348,,,,,,,176,64,69,,,,,1,0,0,,,,,,,,,,,,,,,,,,,,,
,10185,,,0,136.155348,,,,,,,176,67,29,,,,,1,0,0,,,,,,,,,,,,,,,,,,,,,
,10186,,,0,136.165764,,,,,,,176,64,67,,,,,1,0,0,,,,,,,,,,,,,,,,,,,,,
,10187,,,0,136.165764,,,,,,,176,67,27,,,,,1,0,0,,,,,,,,,,,,,,,,,,,,,
,10188,,,0,136.173576,,,,,,,176,67,29,,,,,1,0,0,,,,,,,,,,,,,,,,,,,,,
,10189,,,0,136.183992,,,,,,,176,67,28,,,,,1,0,0,,,,,,,,,,,,,,,,,,,,,
,10190,,,0,136.194408,,,,,,,176,67,27,,,,,1,0,0,,,,,,,,,,,,,,,,,,,,,
,10191,,,0,136.204824,,,,,,,176,67,28,,,,,1,0,0,,,,,,,,,,,,,,,,,,,,,
,10192,,,0,136.215240,,,,,,,176,64,65,,,,,1,0,0,,,,,,,,,,,,,,,,,,,,,
,10193,,,0,136.215240,,,,,,,176,67,27,,,,,1,0,0,,,,,,,,,,,,,,,,,,,,,
,10194,,,0,136.225656,,,,,,,176,64,63,,,,,0,0,0,,,,,,,,,,,,,,,,,,,,,
,10195,,,0,136.228260,,,,,,,176,67,29,,,,,0,0,0,,,,,,,,,,,,,,,,,,,,,
,10196,,,0,136.236072,,,,,,,176,67,27,,,,,0,0,0,,,,,,,,,,,,,,,,,,,,,
,10197,,,0,136.243884,,,,,,,176,67,28,,,,,0,0,0,,,,,,,,,,,,,,,,,,,,,
,10198,,,0,136.254300,,,,,,,176,64,60,,,,,0,0,0,,,,,,,,,,,,,,,,,,,,,
,10199,,,0,136.254300,,,,,,,176,67,27,,,,,0,0,0,,,,,,,,,,,,,,,,,,,,,
,10200,,,0,136.264716,,,,,,,176,64,59,,,,,0,0,0,,,,,,,,,,,,,,,,,,,,,
,10201,,,0,136.264716,,,,,,,176,67,28,,,,,0,0,0,,,,,,,,,,,,,,,,,,,,,
,10202,,,0,136.285548,,,,,,,176,67,29,,,,,0,0,0,,,,,,,,,,,,,,,,,,,,,
,10203,,,0,136.295964,,,,,,,176,67,28,,,,,0,0,0,,,,,,,,,,,,,,,,,,,,,
,10204,,,0,136.324608,,,,,,,176,67,27,,,,,0,0,0,,,,,,,,,,,,,,,,,,,,,
,10205,,,0,136.335024,,,,,,,176,67,28,,,,,0,0,0,,,,,,,,,,,,,,,,,,,,,
,10206,,,0,136.345440,,,,,,,176,67,27,,,,,0,0,0,,,,,,,,,,,,,,,,,,,,,
,10207,,,0,136.353252,,,,,,,176,67,29,,,,,0,0,0,,,,,,,,,,,,,,,,,,,,,
,10208,,,0,136.363668,,,,,,,176,67,27,,,,,0,0,0,,,,,,,,,,,,,,,,,,,,,
,10209,,,0,136.374084,,,,,,,176,67,28,,,,,0,0,0,,,,,,,,,,,,,,,,,,,,,
,10210,,,0,136.384500,,,,,,,176,67,27,,,,,0,0,0,,,,,,,,,,,,,,,,,,,,,
,10211,,,0,136.397520,,,,,,,176,67,28,,,,,0,0,0,,,,,,,,,,,,,,,,,,,,,
,10212,,,0,136.415748,,,,,,,176,67,29,,,,,0,0,0,,,,,,,,,,,,,,,,,,,,,
,10213,,,0,136.423560,,,,,,,176,67,27,,,,,0,0,0,,,,,,,,,,,,,,,,,,,,,
,10214,,,0,136.436580,,,,,,,176,67,28,,,,,0,0,0,,,,,,,,,,,,,,,,,,,,,
,10215,,,0,136.454808,,,,,,,176,67,27,,,,,0,0,0,,,,,,,,,,,,,,,,,,,,,
,10216,,,0,136.465224,,,,,,,176,67,29,,,,,0,0,0,,,,,,,,,,,,,,,,,,,,,
,10217,,,0,136.475640,,,,,,,176,67,27,,,,,0,0,0,,,,,,,,,,,,,,,,,,,,,
,10218,,,0,136.483452,,,,,,,176,67,29,,,,,0,0,0,,,,,,,,,,,,,,,,,,,,,
,10219,,,0,136.493868,,,,,,,176,67,28,,,,,0,0,0,,,,,,,,,,,,,,,,,,,,,
,10220,,,0,136.504284,,,,,,,176,67,29,,,,,0,0,0,,,,,,,,,,,,,,,,,,,,,
,10221,,,0,136.514700,,,,,,,176,67,28,,,,,0,0,0,,,,,,,,,,,,,,,,,,,,,
,10222,,,0,136.525116,,,,,,,176,67,29,,,,,0,0,0,,,,,,,,,,,,,,,,,,,,,
,10223,,,0,136.535532,,,,,,,176,67,27,,,,,0,0,0,,,,,,,,,,,,,,,,,,,,,
,10224,,,0,136.543344,,,,,,,176,67,28,,,,,0,0,0,,,,,,,,,,,,,,,,,,,,,
,10225,,,0,136.585008,,,,,,,176,64,58,,,,,0,0,0,,,,,,,,,,,,,,,,,,,,,
,10226,,,0,136.585008,,,,,,,176,67,27,,,,,0,0,0,,,,,,,,,,,,,,,,,,,,,
,10227,,,0,136.595424,,,,,,,176,64,56,,,,,0,0,0,,,,,,,,,,,,,,,,,,,,,
,10228,,,0,136.595424,,,,,,,176,67,28,,,,,0,0,0,,,,,,,,,,,,,,,,,,,,,
,10229,,,0,136.603236,,,,,,,176,64,58,,,,,0,0,0,,,,,,,,,,,,,,,,,,,,,
,10230,,,0,136.605840,,,,,,,176,67,27,,,,,0,0,0,,,,,,,,,,,,,,,,,,,,,
,10231,,,0,136.613652,,,,,,,176,64,55,,,,,0,0,0,,,,,,,,,,,,,,,,,,,,,
,10232,,,0,136.616256,,,,,,,176,67,28,,,,,0,0,0,,,,,,,,,,,,,,,,,,,,,
,10233,,,0,136.624068,,,,,,,176,64,56,,,,,0,0,0,,,,,,,,,,,,,,,,,,,,,
,10234,,,0,136.626672,,,,,,,176,67,27,,,,,0,0,0,,,,,,,,,,,,,,,,,,,,,
,10235,,,0,136.634484,,,,,,,176,64,55,,,,,0,0,0,,,,,,,,,,,,,,,,,,,,,
,10236,,,0,136.634484,,,,,,,176,67,28,,,,,0,0,0,,,,,,,,,,,,,,,,,,,,,
,10237,,,0,136.644900,,,,,,,176,64,52,,,,,0,0,0,,,,,,,,,,,,,,,,,,,,,
,10238,,,0,136.644900,,,,,,,176,67,27,,,,,0,0,0,,,,,,,,,,,,,,,,,,,,,
,10239,,,0,136.655316,,,,,,,176,67,28,,,,,0,0,0,,,,,,,,,,,,,,,,,,,,,
,10240,,,0,136.665732,,,,,,,176,64,51,,,,,0,0,0,,,,,,,,,,,,,,,,,,,,,
,10241,,,0,136.694376,,,,,,,176,67,27,,,,,0,0,0,,,,,,,,,,,,,,,,,,,,,
,10242,,,0,136.704792,,,,,,,176,67,28,,,,,0,0,0,,,,,,,,,,,,,,,,,,,,,
,10243,,,0,136.715208,,,,,,,176,67,27,,,,,0,0,0,,,,,,,,,,,,,,,,,,,,,
,10244,,,0,136.725624,,,,,,,176,67,29,,,,,0,0,0,,,,,,,,,,,,,,,,,,,,,
,10245,,,0,136.733436,,,,,,,176,67,28,,,,,0,0,0,,,,,,,,,,,,,,,,,,,,,
,10246,,,0,136.743852,,,,,,,176,67,29,,,,,0,0,0,,,,,,,,,,,,,,,,,,,,,
,10247,,,0,136.754268,,,,,,,176,67,28,,,,,0,0,0,,,,,,,,,,,,,,,,,,,,,
,10248,,,0,136.775100,,,,,,,176,64,50,,,,,0,0,0,,,,,,,,,,,,,,,,,,,,,
,10249,,,0,136.785516,,,,,,,176,67,27,,,,,0,0,0,,,,,,,,,,,,,,,,,,,,,
,10250,,,0,136.793328,,,,,,,176,64,48,,,,,0,0,0,,,,,,,,,,,,,,,,,,,,,
,10251,,,0,136.795932,,,,,,,176,67,28,,,,,0,0,0,,,,,,,,,,,,,,,,,,,,,
,10252,,,0,136.803744,,,,,,,176,64,47,,,,,0,0,0,,,,,,,,,,,,,,,,,,,,,
,10253,,,0,136.806348,,,,,,,176,67,27,,,,,0,0,0,,,,,,,,,,,,,,,,,,,,,
,10254,,,0,136.814160,,,,,,,176,64,45,,,,,0,0,0,,,,,,,,,,,,,,,,,,,,,
,10255,,,0,136.814160,,,,,,,176,67,29,,,,,0,0,0,,,,,,,,,,,,,,,,,,,,,
,10256,,,0,136.824576,,,,,,,176,64,43,,,,,0,0,0,,,,,,,,,,,,,,,,,,,,,
,10257,,,0,136.824576,,,,,,,176,67,27,,,,,0,0,0,,,,,,,,,,,,,,,,,,,,,
,10258,,,0,136.834992,,,,,,,176,67,28,,,,,0,0,0,,,,,,,,,,,,,,,,,,,,,
,10259,,,0,136.845408,,,,,,,176,67,27,,,,,0,0,0,,,,,,,,,,,,,,,,,,,,,
,10260,,,0,136.853220,,,,,,,176,67,28,,,,,0,0,0,,,,,,,,,,,,,,,,,,,,,
,10261,,,0,136.866240,,,,,,,176,64,42,,,,,0,0,0,,,,,,,,,,,,,,,,,,,,,
,10262,,,0,136.874052,,,,,,,176,64,41,,,,,0,0,0,,,,,,,,,,,,,,,,,,,,,
,10263,,,0,136.894884,,,,,,,176,64,39,,,,,0,0,0,,,,,,,,,,,,,,,,,,,,,
,10264,,,0,136.905300,,,,,,,176,67,27,,,,,0,0,0,,,,,,,,,,,,,,,,,,,,,
,10265,,,0,136.915716,,,,,,,176,64,36,,,,,0,0,0,,,,,,,,,,,,,,,,,,,,,
,10266,,,0,136.915716,,,,,,,176,67,28,,,,,0,0,0,,,,,,,,,,,,,,,,,,,,,
,10267,,,0,136.923528,,,,,,,176,64,35,,,,,0,0,0,,,,,,,,,,,,,,,,,,,,,
,10268,,,0,136.933944,,,,,,,176,67,27,,,,,0,0,0,,,,,,,,,,,,,,,,,,,,,
,10269,,,0,136.944360,,,,,,,176,67,28,,,,,0,0,0,,,,,,,,,,,,,,,,,,,,,
,10270,,,0,136.954776,,,,,,,176,64,36,,,,,0,0,0,,,,,,,,,,,,,,,,,,,,,
,10271,,,0,136.957380,,,,,,,176,67,27,,,,,0,0,0,,,,,,,,,,,,,,,,,,,,,
,10272,,,0,136.965192,,,,,,,176,64,35,,,,,0,0,0,,,,,,,,,,,,,,,,,,,,,
,10273,,,0,136.965192,,,,,,,176,67,28,,,,,0,0,0,,,,,,,,,,,,,,,,,,,,,
,10274,,,0,136.983420,,,,,,,176,67,27,,,,,0,0,0,,,,,,,,,,,,,,,,,,,,,
,10275,,,0,136.996440,,,,,,,176,67,28,,,,,0,0,0,,,,,,,,,,,,,,,,,,,,,
,10276,,,0,137.025084,,,,,,,176,64,33,,,,,0,0,0,,,,,,,,,,,,,,,,,,,,,
,10277,,,0,137.025084,,,,,,,176,67,27,,,,,0,0,0,,,,,,,,,,,,,,,,,,,,,
,10278,,,0,137.035500,,,,,,,176,67,28,,,,,0,0,0,,,,,,,,,,,,,,,,,,,,,
,10279,,,0,137.043312,,,,,,,176,67,27,,,,,0,0,0,,,,,,,,,,,,,,,,,,,,,
,10280,,,0,137.053728,,,,,,,176,64,32,,,,,0,0,0,,,,,,,,,,,,,,,,,,,,,
,10281,,,0,137.074560,,,,,,,176,64,31,,,,,0,0,0,,,,,,,,,,,,,,,,,,,,,
,10282,,,0,137.074560,,,,,,,176,67,28,,,,,0,0,0,,,,,,,,,,,,,,,,,,,,,
,10283,,,0,137.103204,,,,,,,176,67,27,,,,,0,0,0,,,,,,,,,,,,,,,,,,,,,
,10284,,,0,137.113620,,,,,,,176,67,28,,,,,0,0,0,,,,,,,,,,,,,,,,,,,,,
,10285,,,0,137.155284,,,,,,,176,67,27,,,,,0,0,0,,,,,,,,,,,,,,,,,,,,,
,10286,,,0,137.165700,,,,,,,176,64,29,,,,,0,0,0,,,,,,,,,,,,,,,,,,,,,
,10287,,,0,137.165700,,,,,,,176,67,29,,,,,0,0,0,,,,,,,,,,,,,,,,,,,,,
,10288,,,0,137.173512,,,,,,,176,64,28,,,,,0,0,0,,,,,,,,,,,,,,,,,,,,,
,10289,,,0,137.176116,,,,,,,176,67,27,,,,,0,0,0,,,,,,,,,,,,,,,,,,,,,
,10290,,,0,137.183928,,,,,,,176,67,28,,,,,0,0,0,,,,,,,,,,,,,,,,,,,,,
,10291,,,0,137.194344,,,,,,,176,64,27,,,,,0,0,0,,,,,,,,,,,,,,,,,,,,,
,10292,,,0,137.204760,,,,,,,176,67,29,,,,,0,0,0,,,,,,,,,,,,,,,,,,,,,
,10293,,,0,137.215176,,,,,,,176,67,28,,,,,0,0,0,,,,,,,,,,,,,,,,,,,,,
,10294,,,0,137.236008,,,,,,,176,64,28,,,,,0,0,0,,,,,,,,,,,,,,,,,,,,,
,10295,,,0,137.243820,,,,,,,176,64,27,,,,,0,0,0,,,,,,,,,,,,,,,,,,,,,
,10296,,,0,137.254236,,,,,,,176,67,27,,,,,0,0,0,,,,,,,,,,,,,,,,,,,,,
,10297,,,0,137.264652,,,,,,,176,67,28,,,,,0,0,0,,,,,,,,,,,,,,,,,,,,,
,10298,,,0,137.275068,,,,,,,176,67,27,,,,,0,0,0,,,,,,,,,,,,,,,,,,,,,
,10299,,,0,137.285484,,,,,,,176,64,23,,,,,0,0,0,,,,,,,,,,,,,,,,,,,,,
,10300,,,0,137.316732,,,,,,,176,64,24,,,,,0,0,0,,,,,,,,,,,,,,,,,,,,,
,10301,,,0,137.324544,,,,,,,176,64,23,,,,,0,0,0,,,,,,,,,,,,,,,,,,,,,
,10302,,,0,137.334960,,,,,,,176,64,22,,,,,0,0,0,,,,,,,,,,,,,,,,,,,,,
,10303,,,0,137.345376,,,,,,,176,64,20,,,,,0,0,0,,,,,,,,,,,,,,,,,,,,,
,10304,,,0,137.363604,,,,,,,176,64,19,,,,,0,0,0,,,,,,,,,,,,,,,,,,,,,
,10305,,,0,137.405268,,,,,,,176,64,16,,,,,0,0,0,,,,,,,,,,,,,,,,,,,,,
,10306,,,0,137.423496,,,,,,,176,64,15,,,,,0,0,0,,,,,,,,,,,,,,,,,,,,,
,10307,,,0,137.483388,,,,,,,176,64,12,,,,,0,0,0,,,,,,,,,,,,,,,,,,,,,
,10308,,,0,137.514636,,,,,,,176,64,11,,,,,0,0,0,,,,,,,,,,,,,,,,,,,,,
,10309,,,0,137.517240,,,,,,,176,67,26,,,,,0,0,0,,,,,,,,,,,,,,,,,,,,,
,10310,,,0,137.525052,,,,,,,176,64,12,,,,,0,0,0,,,,,,,,,,,,,,,,,,,,,
,10311,,,0,137.525052,,,,,,,176,67,27,,,,,0,0,0,,,,,,,,,,,,,,,,,,,,,
,10312,,,0,137.535468,,,,,,,176,64,11,,,,,0,0,0,,,,,,,,,,,,,,,,,,,,,
,10313,,,0,137.556300,,,,,,,176,64,12,,,,,0,0,0,,,,,,,,,,,,,,,,,,,,,
,10314,,,0,137.556300,,,,,,,176,67,26,,,,,0,0,0,,,,,,,,,,,,,,,,,,,,,
,10315,,,0,137.564112,,,,,,,176,64,8,,,,,0,0,0,,,,,,,,,,,,,,,,,,,,,
,10316,,,0,137.566716,,,,,,,176,67,27,,,,,0,0,0,,,,,,,,,,,,,,,,,,,,,
,10317,,,0,137.595360,,,,,,,176,64,9,,,,,0,0,0,,,,,,,,,,,,,,,,,,,,,
,10318,,,0,137.603172,,,,,,,176,64,8,,,,,0,0,0,,,,,,,,,,,,,,,,,,,,,
,10319,,,0,137.624004,,,,,,,176,64,7,,,,,0,0,0,,,,,,,,,,,,,,,,,,,,,
,10320,,,0,137.644836,,,,,,,176,64,8,,,,,0,0,0,,,,,,,,,,,,,,,,,,,,,
,10321,,,0,137.694312,,,,,,,176,67,26,,,,,0,0,0,,,,,,,,,,,,,,,,,,,,,
,10322,,,0,137.704728,,,,,,,176,67,27,,,,,0,0,0,,,,,,,,,,,,,,,,,,,,,
,10323,,,0,137.715144,,,,,,,176,67,26,,,,,0,0,0,,,,,,,,,,,,,,,,,,,,,
,10324,,,0,137.733372,,,,,,,176,67,27,,,,,0,0,0,,,,,,,,,,,,,,,,,,,,,
,10325,,,0,137.743788,,,,,,,176,67,24,,,,,0,0,0,,,,,,,,,,,,,,,,,,,,,
,10326,,,0,137.754204,,,,,,,176,67,26,,,,,0,0,0,,,,,,,,,,,,,,,,,,,,,
,10327,,,0,137.764620,,,,,,,176,67,24,,,,,0,0,0,,,,,,,,,,,,,,,,,,,,,
,10328,,,0,137.775036,,,,,,,176,67,25,,,,,0,0,0,,,,,,,,,,,,,,,,,,,,,
,10329,,,0,137.785452,,,,,,,176,67,24,,,,,0,0,0,,,,,,,,,,,,,,,,,,,,,
,10330,,,0,137.793264,,,,,,,176,64,7,,,,,0,0,0,,,,,,,,,,,,,,,,,,,,,
,10331,,,0,137.795868,,,,,,,176,67,25,,,,,0,0,0,,,,,,,,,,,,,,,,,,,,,
,10332,,,0,137.803680,,,,,,,176,64,8,,,,,0,0,0,,,,,,,,,,,,,,,,,,,,,
,10333,,,0,137.814096,,,,,,,176,67,26,,,,,0,0,0,,,,,,,,,,,,,,,,,,,,,
,10334,,,0,137.834928,,,,,,,176,64,7,,,,,0,0,0,,,,,,,,,,,,,,,,,,,,,
,10335,,,0,137.834928,,,,,,,176,67,25,,,,,0,0,0,,,,,,,,,,,,,,,,,,,,,
,10336,,,0,137.845344,,,,,,,176,64,8,,,,,0,0,0,,,,,,,,,,,,,,,,,,,,,
,10337,,,0,137.845344,,,,,,,176,67,26,,,,,0,0,0,,,,,,,,,,,,,,,,,,,,,
,10338,,,0,137.853156,,,,,,,176,67,25,,,,,0,0,0,,,,,,,,,,,,,,,,,,,,,
,10339,,,0,137.884404,,,,,,,176,64,7,,,,,0,0,0,,,,,,,,,,,,,,,,,,,,,
,10340,,,0,137.884404,,,,,,,176,67,20,,,,,0,0,0,,,,,,,,,,,,,,,,,,,,,
,10341,,,0,137.894820,,,,,,,176,67,23,,,,,0,0,0,,,,,,,,,,,,,,,,,,,,,
,10342,,,0,137.905236,,,,,,,176,64,8,,,,,0,0,0,,,,,,,,,,,,,,,,,,,,,
,10343,,,0,137.905236,,,,,,,176,67,21,,,,,0,0,0,,,,,,,,,,,,,,,,,,,,,
,10344,,,0,137.913048,,,,,,,176,64,7,,,,,0,0,0,,,,,,,,,,,,,,,,,,,,,
,10345,,,0,137.915652,,,,,,,176,67,20,,,,,0,0,0,,,,,,,,,,,,,,,,,,,,,
,10346,,,0,137.923464,,,,,,,176,64,8,,,,,0,0,0,,,,,,,,,,,,,,,,,,,,,
,10347,,,0,137.926068,,,,,,,176,67,21,,,,,0,0,0,,,,,,,,,,,,,,,,,,,,,
,10348,,,0,137.944296,,,,,,,176,64,7,,,,,0,0,0,,,,,,,,,,,,,,,,,,,,,
,10349,,,0,137.954712,,,,,,,176,67,22,,,,,0,0,0,,,,,,,,,,,,,,,,,,,,,
,10350,,,0,137.965128,,,,,,,176,64,8,,,,,0,0,0,,,,,,,,,,,,,,,,,,,,,
,10351,,,0,137.965128,,,,,,,176,67,20,,,,,0,0,0,,,,,,,,,,,,,,,,,,,,,
,10352,,,0,137.975544,,,,,,,176,64,7,,,,,0,0,0,,,,,,,,,,,,,,,,,,,,,
,10353,,,0,137.983356,,,,,,,176,64,8,,,,,0,0,0,,,,,,,,,,,,,,,,,,,,,
,10354,,,0,137.985960,,,,,,,176,67,22,,,,,0,0,0,,,,,,,,,,,,,,,,,,,,,
,10355,,,0,137.993772,,,,,,,176,64,7,,,,,0,0,0,,,,,,,,,,,,,,,,,,,,,
,10356,,,0,137.996376,,,,,,,176,67,20,,,,,0,0,0,,,,,,,,,,,,,,,,,,,,,
,10357,,,0,138.004188,,,,,,,176,64,8,,,,,0,0,0,,,,,,,,,,,,,,,,,,,,,
,10358,,,0,138.004188,,,,,,,176,67,23,,,,,0,0,0,,,,,,,,,,,,,,,,,,,,,
,10359,,,0,138.014604,,,,,,,176,67,20,,,,,0,0,0,,,,,,,,,,,,,,,,,,,,,
,10360,,,0,138.025020,,,,,,,176,67,21,,,,,0,0,0,,,,,,,,,,,,,,,,,,,,,
,10361,,,0,138.035436,,,,,,,176,64,7,,,,,0,0,0,,,,,,,,,,,,,,,,,,,,,
,10362,,,0,138.035436,,,,,,,176,67,22,,,,,0,0,0,,,,,,,,,,,,,,,,,,,,,
,10363,,,0,138.043248,,,,,,,176,64,8,,,,,0,0,0,,,,,,,,,,,,,,,,,,,,,
,10364,,,0,138.045852,,,,,,,176,67,20,,,,,0,0,0,,,,,,,,,,,,,,,,,,,,,
,10365,,,0,138.064080,,,,,,,176,64,7,,,,,0,0,0,,,,,,,,,,,,,,,,,,,,,
,10366,,,0,138.074496,,,,,,,176,64,8,,,,,0,0,0,,,,,,,,,,,,,,,,,,,,,
,10367,,,0,138.084912,,,,,,,176,64,7,,,,,0,0,0,,,,,,,,,,,,,,,,,,,,,
,10368,,,0,138.095328,,,,,,,176,64,8,,,,,0,0,0,,,,,,,,,,,,,,,,,,,,,
,10369,,,0,138.095328,,,,,,,176,67,22,,,,,0,0,0,,,,,,,,,,,,,,,,,,,,,
,10370,,,0,138.103140,,,,,,,176,64,7,,,,,0,0,0,,,,,,,,,,,,,,,,,,,,,
,10371,,,0,138.105744,,,,,,,176,67,20,,,,,0,0,0,,,,,,,,,,,,,,,,,,,,,
,10372,,,0,138.116160,,,,,,,176,67,21,,,,,0,0,0,,,,,,,,,,,,,,,,,,,,,
,10373,,,0,138.123972,,,,,,,176,64,8,,,,,0,0,0,,,,,,,,,,,,,,,,,,,,,
,10374,,,0,138.126576,,,,,,,176,67,20,,,,,0,0,0,,,,,,,,,,,,,,,,,,,,,
,10375,,,0,138.134388,,,,,,,176,67,21,,,,,0,0,0,,,,,,,,,,,,,,,,,,,,,
,10376,,,0,138.144804,,,,,,,176,64,7,,,,,0,0,0,,,,,,,,,,,,,,,,,,,,,
,10377,,,0,138.144804,,,,,,,176,67,20,,,,,0,0,0,,,,,,,,,,,,,,,,,,,,,
,10378,,,0,138.155220,,,,,,,176,64,8,,,,,0,0,0,,,,,,,,,,,,,,,,,,,,,
,10379,,,0,138.165636,,,,,,,176,64,7,,,,,0,0,0,,,,,,,,,,,,,,,,,,,,,
,10380,,,0,138.173448,,,,,,,176,64,8,,,,,0,0,0,,,,,,,,,,,,,,,,,,,,,
,10381,,,0,138.176052,,,,,,,176,67,22,,,,,0,0,0,,,,,,,,,,,,,,,,,,,,,
,10382,,,0,138.183864,,,,,,,176,67,20,,,,,0,0,0,,,,,,,,,,,,,,,,,,,,,
,10383,,,0,138.204696,,,,,,,176,67,21,,,,,0,0,0,,,,,,,,,,,,,,,,,,,,,
,10384,,,0,138.215112,,,,,,,176,64,7,,,,,0,0,0,,,,,,,,,,,,,,,,,,,,,
,10385,,,0,138.215112,,,,,,,176,67,20,,,,,0,0,0,,,,,,,,,,,,,,,,,,,,,
,10386,,,0,138.225528,,,,,,,176,64,8,,,,,0,0,0,,,,,,,,,,,,,,,,,,,,,
,10387,,,0,138.225528,,,,,,,176,67,21,,,,,0,0,0,,,,,,,,,,,,,,,,,,,,,
,10388,,,0,138.235944,,,,,,,176,67,20,,,,,0,0,0,,,,,,,,,,,,,,,,,,,,,
,10389,,,0,138.243756,,,,,,,176,67,22,,,,,0,0,0,,,,,,,,,,,,,,,,,,,,,
,10390,,,0,138.254172,,,,,,,176,64,7,,,,,0,0,0,,,,,,,,,,,,,,,,,,,,,
,10391,,,0,138.254172,,,,,,,176,67,20,,,,,0,0,0,,,,,,,,,,,,,,,,,,,,,
,10392,,,0,138.264588,,,,,,,176,64,8,,,,,0,0,0,,,,,,,,,,,,,,,,,,,,,
,10393,,,0,138.293232,,,,,,,176,64,7,,,,,0,0,0,,,,,,,,,,,,,,,,,,,,,
,10394,,,0,138.303648,,,,,,,176,64,8,,,,,0,0,0,,,,,,,,,,,,,,,,,,,,,
,10395,,,0,138.334896,,,,,,,176,64,7,,,,,0,0,0,,,,,,,,,,,,,,,,,,,,,
,10396,,,0,138.334896,,,,,,,176,67,21,,,,,0,0,0,,,,,,,,,,,,,,,,,,,,,
,10397,,,0,138.345312,,,,,,,176,67,20,,,,,0,0,0,,,,,,,,,,,,,,,,,,,,,
,10398,,,0,138.355728,,,,,,,176,64,8,,,,,0,0,0,,,,,,,,,,,,,,,,,,,,,
,10399,,,0,138.355728,,,,,,,176,67,21,,,,,0,0,0,,,,,,,,,,,,,,,,,,,,,
,10400,,,0,138.363540,,,,,,,176,67,20,,,,,0,0,0,,,,,,,,,,,,,,,,,,,,,
,10401,,,0,138.373956,,,,,,,176,64,7,,,,,0,0,0,,,,,,,,,,,,,,,,,,,,,
,10402,,,0,138.376560,,,,,,,176,67,21,,,,,0,0,0,,,,,,,,,,,,,,,,,,,,,
,10403,,,0,138.384372,,,,,,,176,64,8,,,,,0,0,0,,,,,,,,,,,,,,,,,,,,,
,10404,,,0,138.384372,,,,,,,176,67,20,,,,,0,0,0,,,,,,,,,,,,,,,,,,,,,
,10405,,,0,138.394788,,,,,,,176,64,7,,,,,0,0,0,,,,,,,,,,,,,,,,,,,,,
,10406,,,0,138.405204,,,,,,,176,64,8,,,,,0,0,0,,,,,,,,,,,,,,,,,,,,,
,10407,,,0,138.423432,,,,,,,176,64,7,,,,,0,0,0,,,,,,,,,,,,,,,,,,,,,
,10408,,,0,138.426036,,,,,,,176,67,21,,,,,0,0,0,,,,,,,,,,,,,,,,,,,,,
,10409,,,0,138.436452,,,,,,,176,64,8,,,,,0,0,0,,,,,,,,,,,,,,,,,,,,,
,10410,,,0,138.436452,,,,,,,176,67,22,,,,,0,0,0,,,,,,,,,,,,,,,,,,,,,
,10411,,,0,138.444264,,,,,,,176,67,20,,,,,0,0,0,,,,,,,,,,,,,,,,,,,,,
,10412,,,0,138.475512,,,,,,,176,67,22,,,,,0,0,0,,,,,,,,,,,,,,,,,,,,,
,10413,,,0,138.483324,,,,,,,176,64,7,,,,,0,0,0,,,,,,,,,,,,,,,,,,,,,
,10414,,,0,138.485928,,,,,,,176,67,21,,,,,0,0,0,,,,,,,,,,,,,,,,,,,,,
,10415,,,0,138.493740,,,,,,,176,64,8,,,,,0,0,0,,,,,,,,,,,,,,,,,,,,,
,10416,,,0,138.496344,,,,,,,176,67,20,,,,,0,0,0,,,,,,,,,,,,,,,,,,,,,
,10417,,,0,138.595296,,,,,,,176,67,21,,,,,0,0,0,,,,,,,,,,,,,,,,,,,,,
,10418,,,0,138.603108,,,,,,,176,67,20,,,,,0,0,0,,,,,,,,,,,,,,,,,,,,,
,10419,,,0,138.694248,,,,,,,176,64,7,,,,,0,0,0,,,,,,,,,,,,,,,,,,,,,
,10420,,,0,138.704664,,,,,,,176,64,8,,,,,0,0,0,,,,,,,,,,,,,,,,,,,,,
,10421,,,0,138.715080,,,,,,,176,64,7,,,,,0,0,0,,,,,,,,,,,,,,,,,,,,,
,10422,,,0,138.725496,,,,,,,176,64,8,,,,,0,0,0,,,,,,,,,,,,,,,,,,,,,
,10423,,,0,138.764556,,,,,,,176,64,7,,,,,0,0,0,,,,,,,,,,,,,,,,,,,,,
,10424,,,0,138.793200,,,,,,,176,64,8,,,,,0,0,0,,,,,,,,,,,,,,,,,,,,,
,10425,,,0,138.824448,,,,,,,176,64,7,,,,,0,0,0,,,,,,,,,,,,,,,,,,,,,
,10426,,,0,138.834864,,,,,,,176,67,21,,,,,0,0,0,,,,,,,,,,,,,,,,,,,,,
,10427,,,0,138.845280,,,,,,,176,67,20,,,,,0,0,0,,,,,,,,,,,,,,,,,,,,,
,10428,,,0,138.853092,,,,,,,176,64,8,,,,,0,0,0,,,,,,,,,,,,,,,,,,,,,
,10429,,,0,138.863508,,,,,,,176,64,7,,,,,0,0,0,,,,,,,,,,,,,,,,,,,,,
,10430,,,0,138.873924,,,,,,,176,64,8,,,,,0,0,0,,,,,,,,,,,,,,,,,,,,,
,10431,,,0,138.923400,,,,,,,176,64,7,,,,,0,0,0,,,,,,,,,,,,,,,,,,,,,
,10432,,,0,138.933816,,,,,,,176,64,8,,,,,0,0,0,,,,,,,,,,,,,,,,,,,,,
,10433,,,0,138.965064,,,,,,,176,64,7,,,,,0,0,0,,,,,,,,,,,,,,,,,,,,,
,10434,,,0,138.983292,,,,,,,176,64,8,,,,,0,0,0,,,,,,,,,,,,,,,,,,,,,
,10435,,,0,138.996312,,,,,,,176,64,7,,,,,0,0,0,,,,,,,,,,,,,,,,,,,,,
,10436,,,0,139.024956,,,,,,,176,64,8,,,,,0,0,0,,,,,,,,,,,,,,,,,,,,,
,10437,,,0,139.144740,,,,,,,176,64,7,,,,,0,0,0,,,,,,,,,,,,,,,,,,,,,
